5010520120905 15.6 11.6 23.019999-99.9-99.9-99.9-99.9 0.0  013.4 86 11.3  17 13.6 5.2 1.7
5010520120906 11.8  9.5 11.019999-99.9-99.9-99.9-99.9 0.0  012.3 96 10.0   3  2.4 5.2 1.1
5010520120907 23.5  9.4  0.009999-99.9-99.9-99.9-99.9 8.0 6915.3 82 13.4   7  5.616.3 3.2
5010520120908 24.2 13.9  0.009999-99.9-99.9-99.9-99.9 9.7 8316.1 73 14.1   6  4.818.7 4.0
5010520120909 20.1 10.6  0.009999-99.9-99.9-99.9-99.9 4.1 3512.7 73 10.5   6  4.811.1 2.6
5010520120910 22.4  8.9  0.009999-99.9-99.9-99.9-99.910.5 8912.3 69 10.0   4  3.220.1 3.7
5010520120911 25.2 13.0  0.009999-99.9-99.9-99.9-99.9 9.5 8114.4 65 12.4  12  9.618.8 4.6
5010520120912 27.5 14.6  0.009999-99.9-99.9-99.9-99.910.4 8816.0 64 14.0   4  3.220.2 4.5
5010520120913 28.0 15.4  0.009999-99.9-99.9-99.9-99.9 9.1 7714.3 55 12.3  18 14.418.4 5.8
5010520120914 30.5 15.6  0.009999-99.9-99.9-99.9-99.9 8.4 7114.4 51 12.4  11  8.817.5 5.3
5010520120915 34.8 17.0  0.009999-99.9-99.9-99.9-99.9 9.7 8119.7 59 17.3  10  8.019.5 5.8
5010520120916 30.2 17.4  0.009999-99.9-99.9-99.9-99.910.1 8518.0 61 15.8   9  7.220.2 5.5
5010520120917 24.3 14.5 14.019999-99.9-99.9-99.9-99.9 0.0  018.0 80 15.9   9  7.2 5.7 2.1
5010520120918 14.8 10.3 38.019999-99.9-99.9-99.9-99.9 0.9  812.7 87 10.4  21 16.8 7.0 2.0
5010520120919 18.6  6.3  0.009999-99.9-99.9-99.9-99.910.3 86 9.2 64  5.8  12  9.620.8 4.2
5010520120920 21.2  8.1  0.009999-99.9-99.9-99.9-99.910.1 8410.0 60  7.0   5  4.020.6 4.0
5010520120921 22.8  6.6  0.009999-99.9-99.9-99.9-99.910.9 9011.0 66  8.4   6  4.821.9 4.2
5010520120922 23.5  8.6  0.009999-99.9-99.9-99.9-99.9 7.5 6210.2 56  7.3   8  6.417.0 4.1
5010520120923 29.9 11.3  0.009999-99.9-99.9-99.9-99.9-9.9 9912.1 50  9.8  14 11.2-9.9-9.9
5010520120924 23.0 13.1  0.009999-99.9-99.9-99.9-99.9 6.7 5511.4 55  8.9  16 12.816.0 5.0
5010520120925 19.0  8.7  0.009999-99.9-99.9-99.9-99.910.8 88 7.3 46  2.4  12  9.622.2 5.0
5010520120926 18.6  5.4  0.009999-99.9-99.9-99.9-99.910.5 86 6.9 49  1.6  10  8.021.9 4.5
5010520120927 20.5  8.0  0.009999-99.9-99.9-99.9-99.9 9.0 73 7.5 46  2.8  11  8.819.7 4.7
5010520120928 25.2  6.0  0.009999-99.9-99.9-99.9-99.9 9.6 78 9.4 53  6.1   8  6.420.7 4.6
5010520120929 29.1 11.8  0.009999-99.9-99.9-99.9-99.910.8 8713.2 55 11.1   9  7.222.6 5.7
5010520120930 29.4 12.4  1.019999-99.9-99.9-99.9-99.9 9.5 7713.6 55 11.5  11  8.820.8 5.7
5010520121001 22.1 13.8  0.009999-99.9-99.9-99.9-99.9 1.1  914.6 71 12.6   9  7.2 7.9 2.8
5010520121002 19.7 12.5  0.009999-99.9-99.9-99.9-99.9 4.5 3613.0 71 10.8  13 10.413.2 3.7
5010520121003 24.5  8.8  0.009999-99.9-99.9-99.9-99.911.0 8812.3 65 10.0   9  7.223.4 5.1
5010520121004 26.5 13.6  0.009999-99.9-99.9-99.9-99.9 8.8 7014.1 60 12.1  10  8.020.0 5.3
5010520121005 29.4 18.5 33.019999-99.9-99.9-99.9-99.9 3.3 2620.8 70 18.1  12  9.611.6 4.2
5010520121006 20.8 13.9 22.019999-99.9-99.9-99.9-99.9 1.3 1017.0 86 15.0  14 11.2 8.5 2.5
5010520121007 18.5 15.1  7.019999-99.9-99.9-99.9-99.9 0.0  018.0 94 15.8  10  8.0 6.5 1.8
5010520121008 19.3 14.4 10.019999-99.9-99.9-99.9-99.9 0.0  017.8 93 15.7  11  8.8 6.5 1.8
5010520121009 17.1 12.7  9.019999-99.9-99.9-99.9-99.9 0.7  614.9 88 12.9  14 11.2 7.7 2.2
5010520121010 19.4 11.0  0.009999-99.9-99.9-99.9-99.9-9.9 9913.3 77 11.2  11  8.8-9.9-9.9
5010520121011 21.6  9.4  0.009999-99.9-99.9-99.9-99.910.6 8312.3 70 10.1  12  9.623.5 5.2
5010520121012 24.9 11.4  0.009999-99.9-99.9-99.9-99.911.7 9214.4 69 12.4  14 11.225.4 6.1
5010520121013 27.2 13.4  0.009999-99.9-99.9-99.9-99.912.1 9515.7 66 13.7  14 11.226.1 6.7
5010520121014 30.6 13.7 26.019999-99.9-99.9-99.9-99.911.0 8617.9 67 15.7  12  9.624.4 6.5
5010520121015 26.0 13.2  0.009999-99.9-99.9-99.9-99.910.8 8414.6 64 12.6  16 12.824.2 6.5
