5055820080429  7.8  1.8  1.019900-99.9-99.9-99.9-99.9 6.0 65 6.3 73  0.4   9  7.2 5.4 0.6
5055820080430  6.3 -0.4  0.009900-99.9-99.9-99.9-99.9 5.6 61 5.8 77 -0.7   1  0.8 5.1 0.3
5055820080501  9.8 -0.6  0.009900-99.9-99.9-99.9-99.9-9.9 99 5.9 70 -0.4   1  0.8-9.9-9.9
5055820080502  7.8  2.6  0.009900-99.9-99.9-99.9-99.9 0.0  0 7.2 81  2.2   5  4.0 1.7 0.5
5055820080503  9.8  4.0  0.009900-99.9-99.9-99.9-99.9 2.8 31 7.9 79  3.5   6  4.8 3.2 0.5
5055820080504  9.8  1.0  0.009900-99.9-99.9-99.9-99.9 6.2 70 6.7 75  1.3   5  4.0 5.1 0.5
5055820080505  9.3 -1.0  0.009900-99.9-99.9-99.9-99.9 3.8 43 6.0 73 -0.2   1  0.8 3.7 0.3
5055820080506  4.8 -2.0  0.009900-99.9-99.9-99.9-99.9 1.8 21 5.7 85 -0.8   3  2.4 2.5 0.2
5055820080507  7.3 -1.4  0.009900-99.9-99.9-99.9-99.9 3.5 40 5.9 78 -0.5   3  2.4 3.4 0.3
5055820080508 11.8  2.8  0.009900-99.9-99.9-99.9-99.9 1.2 14 6.6 65  1.2  14 11.2 2.1 1.2
5055820080509  8.6  2.0  0.009900-99.9-99.9-99.9-99.9 6.5 76 6.1 68 -0.1   3  2.4 4.8 0.5
5055820080510  5.8 -5.0  0.009900-99.9-99.9-99.9-99.9 3.5 41 5.2 83 -2.1   3  2.4 3.2 0.2
5055820080511  6.3 -2.4  0.009900-99.9-99.9-99.9-99.9 6.4 76 5.1 72 -2.6   0  0.0 4.6 0.3
5055820080512  5.8 -3.4  0.009900-99.9-99.9-99.9-99.9 0.4  5 5.0 75 -2.7   0  0.0 1.6 0.3
5055820080513  2.8 -5.4  0.009900-99.9-99.9-99.9-99.9 3.6 43 4.5 81 -4.1   2  1.6 3.1 0.2
5055820080514  1.2 -6.3  0.009900-99.9-99.9-99.9-99.9 0.0  0 4.1 81 -5.4   2  1.6 1.3 0.2
5055820080515  3.6 -2.0  0.009900-99.9-99.9-99.9-99.9 3.7 45 5.5 85 -1.4   5  4.0 3.0 0.2
5055820080516  4.4 -2.0  0.009900-99.9-99.9-99.9-99.9 0.0  0 5.5 83 -1.4   4  3.2 1.2 0.3
5055820080517  1.4 -1.0  0.009900-99.9-99.9-99.9-99.9 3.2 39 4.5 72 -4.2  17 13.6 2.7 0.8
5055820080518  3.4 -6.8  0.009900-99.9-99.9-99.9-99.9 6.8 84 3.7 68 -6.8   0  0.0 4.3 0.3
5055820080519  1.6 -8.4  0.009900-99.9-99.9-99.9-99.9 0.0  0 3.9 82 -6.0   1  0.8 1.2 0.2
5055820080520  4.4 -5.4  0.009900-99.9-99.9-99.9-99.9 6.7 84 5.1 86 -2.5   5  4.0 4.1 0.2
5055820080521  1.6 11.0  0.009900-99.9-99.9-99.9-99.9 0.0  0 7.3 76  2.4   2  1.6 1.1 0.4
5055820080522  3.8 -2.0  0.009900-99.9-99.9-99.9-99.9 0.0  0 5.7 87 -1.0   4  3.2 1.1 0.2
5055820080523  4.8  1.0  0.009900-99.9-99.9-99.9-99.9 0.3  4 5.9 79 -0.4   2  1.6 1.2 0.3
5055820080524-99.9  0.4  0.009900-99.9-99.9-99.9-99.9 6.0 99-9.9 80-99.9   2  1.6-9.9-9.9
5055820080525  1.7 -2.4  0.009900-99.9-99.9-99.9-99.9-9.9 99 5.2 88 -2.1   1  0.8-9.9-9.9
5055820080526  2.3-99.9  0.009900-99.9-99.9-99.9-99.9 0.0 99-9.9 84-99.9   0  0.0-9.9-9.9
5055820080527  1.4 -4.0  0.009900-99.9-99.9-99.9-99.9 2.3 30 4.6 82 -4.0   8  6.4 1.9 0.3
5055820080528-99.9-99.9-99.999900-99.9-99.9-99.9-99.9-9.9 99-9.9-99-99.9 -99-99.9-9.9-9.9
5055820080529-99.9-99.9-99.999900-99.9-99.9-99.9-99.9-9.9 99-9.9-99-99.9 -99-99.9-9.9-9.9
5055820080530-99.9-99.9-99.999900-99.9-99.9-99.9-99.9-9.9 99-9.9-99-99.9 -99-99.9-9.9-9.9
5055820080531-99.9-99.9-99.999900-99.9-99.9-99.9-99.9-9.9 99-9.9-99-99.9 -99-99.9-9.9-9.9
5055820080601-99.9-99.9-99.999900-99.9-99.9-99.9-99.9-9.9 99-9.9-99-99.9 -99-99.9-9.9-9.9
5055820080602-99.9-99.9-99.999900-99.9-99.9-99.9-99.9-9.9 99-9.9-99-99.9 -99-99.9-9.9-9.9
5055820080603-99.9-99.9-99.999900-99.9-99.9-99.9-99.9-9.9 99-9.9-99-99.9 -99-99.9-9.9-9.9
5055820080604-99.9-99.9-99.999900-99.9-99.9-99.9-99.9-9.9 99-9.9-99-99.9 -99-99.9-9.9-9.9
5055820080605-99.9-99.9-99.999900-99.9-99.9-99.9-99.9-9.9 99-9.9-99-99.9 -99-99.9-9.9-9.9
5055820080606-99.9-99.9-99.999900-99.9-99.9-99.9-99.9-9.9 99-9.9-99-99.9 -99-99.9-9.9-9.9
5055820080607-99.9-99.9-99.999900-99.9-99.9-99.9-99.9-9.9 99-9.9-99-99.9 -99-99.9-9.9-9.9
5055820080608-99.9-99.9-99.999900-99.9-99.9-99.9-99.9-9.9 99-9.9-99-99.9 -99-99.9-9.9-9.9
5055820080609-99.9-99.9-99.999900-99.9-99.9-99.9-99.9-9.9 99-9.9-99-99.9 -99-99.9-9.9-9.9
5055820080610-99.9-99.9-99.999900-99.9-99.9-99.9-99.9-9.9 99-9.9-99-99.9 -99-99.9-9.9-9.9
5055820080611  1.3 -3.2  0.009900-99.9-99.9-99.9-99.9 1.1 15 4.8 85 -3.1   1  0.8 1.2 0.2
5055820080612  5.6 -4.0  1.019900-99.9-99.9-99.9-99.9 2.4 33 5.3 82 -1.9   5  4.0 1.7 0.3
5055820080613  3.2 -3.0  0.009900-99.9-99.9-99.9-99.9 0.0  0 5.2 84 -2.3   4  3.2 0.8 0.2
5055820080614-99.9  0.6  4.019900-99.9-99.9-99.9-99.9 2.6 99-9.9 82-99.9   5  4.0-9.9-9.9
5055820080615  6.3 -2.0  1.019900-99.9-99.9-99.9-99.9 0.0  0 5.8 81 -0.8   0  0.0 0.8 0.2
5055820080616  2.3 -2.4  0.009900-99.9-99.9-99.9-99.9 1.5 21 4.9 80 -3.1   0  0.0 1.3 0.2
5055820080617  5.2 -2.0  0.009900-99.9-99.9-99.9-99.9 4.6 64 5.3 78 -1.8  12  9.6 2.4 0.5
5055820080618  5.6  0.0  0.009900-99.9-99.9-99.9-99.9 1.2 17 5.9 79 -0.5   3  2.4 1.2 0.3
5055820080619  5.0 -4.0  0.009900-99.9-99.9-99.9-99.9 3.2 45 4.9 78 -2.9   3  2.4 1.9 0.3
5055820080620 -1.0 -7.0  0.009900-99.9-99.9-99.9-99.9 0.0  0 3.4 75 -7.8   2  1.6 0.8 0.2
5055820080621 -0.2 -5.0  0.009900-99.9-99.9-99.9-99.9 0.0  0 4.7 93 -3.6   0  0.0 0.8 0.1
5055820080622 -0.4 -9.0  0.009900-99.9-99.9-99.9-99.9 0.0  0 4.0 92 -5.8   0  0.0 0.8 0.1
5055820080623  2.0 -4.4  0.009900-99.9-99.9-99.9-99.9 0.0  0 5.1 91 -2.5   0  0.0 0.8 0.1
5055820080624  6.6  0.6  0.009900-99.9-99.9-99.9-99.9-9.9 99 6.5 82  0.8   4  3.2-9.9-9.9
5055820080625  3.4 -1.4  1.019900-99.9-99.9-99.9-99.9 0.0  0 5.6 86 -1.1   3  2.4 0.8 0.2
5055820080626  0.8 -2.8  0.009900-99.9-99.9-99.9-99.9 0.0  0 5.1 90 -2.4   2  1.6 0.8 0.1
5055820080627 -0.2 -8.4  0.009900-99.9-99.9-99.9-99.9 0.0  0 3.7 84 -6.6   1  0.8 0.8 0.1
5055820080628  1.3 -9.0  0.009900-99.9-99.9-99.9-99.9 0.0  0 3.8 82 -6.5   1  0.8 0.8 0.2
5055820080629 -1.0 11.0  0.009900-99.9-99.9-99.9-99.9 0.0  0 5.9 68 -0.4   1  0.8 0.9 0.4
5055820080630 -2.0 10.9  0.009900-99.9-99.9-99.9-99.9 1.5 21 5.0 59 -2.9   2  1.6 1.4 0.6
5055820080701  0.3 -7.8  0.009900-99.9-99.9-99.9-99.9 0.0  0 4.0 87 -5.6   0  0.0 0.9 0.1
5055820080702  4.0 -2.4  0.009900-99.9-99.9-99.9-99.9 0.9 12 5.2 80 -2.2   7  5.6 1.2 0.4
5055820080703  3.8 -1.0  0.009900-99.9-99.9-99.9-99.9 2.1 29 5.7 85 -0.8  11  8.8 1.7 0.3
5055820080704  2.8  0.2  0.009900-99.9-99.9-99.9-99.9 0.0  0 5.4 79 -1.7   2  1.6 0.9 0.3
5055820080705  2.4 -4.4  0.009900-99.9-99.9-99.9-99.9 0.0  0 4.9 87 -2.9   7  5.6 0.9 0.2
5055820080706  3.6 -4.0  0.519900-99.9-99.9-99.9-99.9 0.0  0 5.1 84 -2.6   7  5.6 0.9 0.3
5055820080707  3.6 -4.4  1.019900-99.9-99.9-99.9-99.9 5.8 78 4.5 76 -4.1   2  1.6 3.1 0.3
5055820080708 -1.6 -7.0  0.009900-99.9-99.9-99.9-99.9 2.8 37 3.7 84 -6.6   5  4.0 2.0 0.2
5055820080709  1.0 -7.0  0.009900-99.9-99.9-99.9-99.9 5.7 76 3.6 74 -7.0   3  2.4 3.2 0.3
5055820080710  0.0 12.0  1.019900-99.9-99.9-99.9-99.9-9.9 99 6.5 70  1.0   0  0.0-9.9-9.9
5055820080711  1.3 -9.2  7.019900-99.9-99.9-99.9-99.9 0.0  0 4.2 92 -5.1   1  0.8 1.0 0.1
5055820080712  3.8  0.6  4.019900-99.9-99.9-99.9-99.9 0.0  0 6.3 88  0.4   6  4.8 1.0 0.2
5055820080713  4.3  0.8  0.009900-99.9-99.9-99.9-99.9 1.4 18 6.2 85  0.3   4  3.2 1.6 0.2
5055820080714  3.3 -3.8  0.009900-99.9-99.9-99.9-99.9 0.8 10 5.3 88 -2.0   2  1.6 1.4 0.1
5055820080715  3.2 -4.8  6.019900-99.9-99.9-99.9-99.9 0.0  0 5.1 89 -2.4   1  0.8 1.0 0.1
5055820080716  3.8  1.0  2.019900-99.9-99.9-99.9-99.9 0.0  0 6.3 87  0.5   2  1.6 1.1 0.2
5055820080717-99.9 -0.2  0.519900-99.9-99.9-99.9-99.9 0.0 99-9.9 88-99.9   1  0.8-9.9-9.9
5055820080718  5.3  0.2  0.009900-99.9-99.9-99.9-99.9 0.8 10 6.4 86  0.6   1  0.8 1.5 0.2
5055820080719-99.9  2.6  2.019900-99.9-99.9-99.9-99.9 0.0 99-9.9 82-99.9  12  9.6-9.9-9.9
5055820080720  0.3 -4.0  0.519900-99.9-99.9-99.9-99.9 5.3 66 4.6 86 -3.9   6  4.8 3.5 0.2
5055820080721  1.8 -3.0  0.519900-99.9-99.9-99.9-99.9 2.7 34 5.4 92 -1.7   0  0.0 2.4 0.1
5055820080722  1.4 -2.0  6.019900-99.9-99.9-99.9-99.9 0.0  0 5.1 86 -2.4   7  5.6 1.2 0.3
5055820080723  3.3  1.4  7.019900-99.9-99.9-99.9-99.9 0.0  0 6.4 88  0.6  12  9.6 1.2 0.3
5055820080724  4.4  0.8  2.019900-99.9-99.9-99.9-99.9 0.0  0 6.6 90  1.1   4  3.2 1.2 0.2
5055820080725  4.8  2.0  3.019900-99.9-99.9-99.9-99.9 0.0  0 6.6 85  1.1   9  7.2 1.3 0.4
5055820080726-99.9 -1.0  0.009900-99.9-99.9-99.9-99.9-9.9 99-9.9 92-99.9   0  0.0-9.9-9.9
5055820080727  3.4 -3.4  0.009900-99.9-99.9-99.9-99.9 4.6 55 5.3 86 -2.1   5  4.0 3.6 0.2
5055820080728  2.8 -1.0  0.009900-99.9-99.9-99.9-99.9-9.9 99 5.7 87 -1.0   4  3.2-9.9-9.9
5055820080729  3.2 -1.6  2.019900-99.9-99.9-99.9-99.9 2.0 24 5.6 86 -1.3   4  3.2 2.4 0.2
5055820080730  3.2 -3.0  3.019900-99.9-99.9-99.9-99.9 0.0  0 5.0 82 -2.6   5  4.0 1.4 0.3
5055820080731  1.8 -3.6  3.019900-99.9-99.9-99.9-99.9 0.0  0 5.0 87 -2.8   7  5.6 1.4 0.3
5055820080801  2.0 -2.0  0.009900-99.9-99.9-99.9-99.9-9.9 99 5.4 89 -1.6   6  4.8-9.9-9.9
5055820080802  1.0 11.0  0.519900-99.9-99.9-99.9-99.9-9.9 99 7.2 77  2.3   1  0.8-9.9-9.9
5055820080803  2.0 -2.1  2.019900-99.9-99.9-99.9-99.9 0.0  0 5.5 90 -1.5   7  5.6 1.5 0.3
5055820080804  2.2 -2.4-99.999900-99.9-99.9-99.9-99.9-9.9 99 5.2 85 -2.3   4  3.2-9.9-9.9
5055820080805-99.9-99.9  3.019900-99.9-99.9-99.9-99.9 0.0 99-9.9 86-99.9   4  3.2-9.9-9.9
5055820080806-99.9-99.9-99.999900-99.9-99.9-99.9-99.9-9.9 99-9.9-99-99.9 -99-99.9-9.9-9.9
5055820080807-99.9-99.9-99.999900-99.9-99.9-99.9-99.9-9.9 99-9.9-99-99.9 -99-99.9-9.9-9.9
5055820080808-99.9-99.9-99.999900-99.9-99.9-99.9-99.9-9.9 99-9.9-99-99.9 -99-99.9-9.9-9.9
5055820080809-99.9-99.9-99.999900-99.9-99.9-99.9-99.9-9.9 99-9.9-99-99.9 -99-99.9-9.9-9.9
5055820080810-99.9-99.9-99.999900-99.9-99.9-99.9-99.9-9.9 99-9.9-99-99.9 -99-99.9-9.9-9.9
5055820080811-99.9-99.9-99.999900-99.9-99.9-99.9-99.9-9.9 99-9.9-99-99.9 -99-99.9-9.9-9.9
5055820080812-99.9-99.9-99.999900-99.9-99.9-99.9-99.9-9.9 99-9.9-99-99.9 -99-99.9-9.9-9.9
5055820080813-99.9-99.9-99.999900-99.9-99.9-99.9-99.9-9.9 99-9.9-99-99.9 -99-99.9-9.9-9.9
5055820080814-99.9-99.9-99.999900-99.9-99.9-99.9-99.9-9.9 99-9.9-99-99.9 -99-99.9-9.9-9.9
5055820080815-99.9-99.9-99.999900-99.9-99.9-99.9-99.9-9.9 99-9.9-99-99.9 -99-99.9-9.9-9.9
5055820080816-99.9-99.9-99.999900-99.9-99.9-99.9-99.9-9.9 99-9.9-99-99.9 -99-99.9-9.9-9.9
5055820080817-99.9-99.9-99.999900-99.9-99.9-99.9-99.9-9.9 99-9.9-99-99.9 -99-99.9-9.9-9.9
5055820080818-99.9-99.9-99.999900-99.9-99.9-99.9-99.9-9.9 99-9.9-99-99.9 -99-99.9-9.9-9.9
5055820080819-99.9-99.9-99.999900-99.9-99.9-99.9-99.9-9.9 99-9.9-99-99.9 -99-99.9-9.9-9.9
5055820080820-99.9-99.9-99.999900-99.9-99.9-99.9-99.9-9.9 99-9.9-99-99.9 -99-99.9-9.9-9.9
5055820080821-99.9-99.9-99.999900-99.9-99.9-99.9-99.9-9.9 99-9.9-99-99.9 -99-99.9-9.9-9.9
5055820080822-99.9-99.9-99.999900-99.9-99.9-99.9-99.9-9.9 99-9.9-99-99.9 -99-99.9-9.9-9.9
5055820080823-99.9-99.9-99.999900-99.9-99.9-99.9-99.9-9.9 99-9.9-99-99.9 -99-99.9-9.9-9.9
5055820080824-99.9-99.9-99.999900-99.9-99.9-99.9-99.9-9.9 99-9.9-99-99.9 -99-99.9-9.9-9.9
5055820080825-99.9-99.9-99.999900-99.9-99.9-99.9-99.9-9.9 99-9.9-99-99.9 -99-99.9-9.9-9.9
5055820080826-99.9-99.9-99.999900-99.9-99.9-99.9-99.9-9.9 99-9.9-99-99.9 -99-99.9-9.9-9.9
5055820080827-99.9-99.9-99.999900-99.9-99.9-99.9-99.9-9.9 99-9.9-99-99.9 -99-99.9-9.9-9.9
5055820080828-99.9-99.9-99.999900-99.9-99.9-99.9-99.9-9.9 99-9.9-99-99.9 -99-99.9-9.9-9.9
5055820080829-99.9-99.9-99.999900-99.9-99.9-99.9-99.9-9.9 99-9.9-99-99.9 -99-99.9-9.9-9.9
5055820080830-99.9-99.9-99.999900-99.9-99.9-99.9-99.9-9.9 99-9.9-99-99.9 -99-99.9-9.9-9.9
5055820080831-99.9-99.9-99.999900-99.9-99.9-99.9-99.9-9.9 99-9.9-99-99.9 -99-99.9-9.9-9.9
5055820080901-99.9-99.9-99.999900-99.9-99.9-99.9-99.9-9.9 99-9.9-99-99.9 -99-99.9-9.9-9.9
5055820080902  1.6  0.2  0.009900-99.9-99.9-99.9-99.9 0.1  1 5.0 76 -2.8   7  5.6 2.9 0.7
5055820080903  4.6 -2.0  0.009900-99.9-99.9-99.9-99.9 1.5 14 5.2 78 -2.1   2  1.6 4.1 0.6
5055820080904  6.8 -2.4  0.009900-99.9-99.9-99.9-99.9 1.8 17 5.7 79 -1.1   4  3.2 4.4 0.6
5055820080905  9.8 -1.0  0.009900-99.9-99.9-99.9-99.9-9.9 99 6.9 83  1.8   4  3.2-9.9-9.9
5055820080906 10.8 -0.2  0.009900-99.9-99.9-99.9-99.9 7.8 71 6.8 76  1.4   4  3.2 9.7 0.8
5055820080907  8.3 -4.4  0.009900-99.9-99.9-99.9-99.9 7.4 67 5.4 77 -1.6   2  1.6 9.5 0.7
5055820080908  6.6 -2.8  0.009900-99.9-99.9-99.9-99.9 6.3 56 5.4 77 -1.7   0  0.0 8.6 0.6
5055820080909  8.8 -4.8  0.009900-99.9-99.9-99.9-99.9 7.7 68 5.4 76 -1.8   3  2.410.0 0.8
5055820080910  6.6 -2.0  0.009900-99.9-99.9-99.9-99.9 5.3 47 5.3 74 -1.8   4  3.2 8.0 0.8
5055820080911  7.4 -2.8  1.019900-99.9-99.9-99.9-99.9 7.4 65 6.0 83 -0.3   4  3.210.0 0.8
5055820080912  6.2  1.3  1.019900-99.9-99.9-99.9-99.9 2.8 24 6.9 86  1.6   4  3.2 5.9 0.7
5055820080913  5.8 -3.0  1.019900-99.9-99.9-99.9-99.9 0.0  0 5.4 80 -1.7   1  0.8 3.5 0.6
5055820080914  5.3  2.0  1.019900-99.9-99.9-99.9-99.9 0.0  0 6.7 84  1.2   3  2.4 3.5 0.7
5055820080915 10.8  2.2  0.009900-99.9-99.9-99.9-99.9 4.7 40 7.7 80  3.3   1  0.8 8.0 0.9
5055820080916  8.6 -1.4  2.019900-99.9-99.9-99.9-99.9 0.2  2 6.6 83  1.0   6  4.8 3.8 0.8
5055820080917  7.6  2.0  0.009900-99.9-99.9-99.9-99.9-9.9 99 7.1 82  2.0   4  3.2-9.9-9.9
5055820080918  7.8-99.9  0.009900-99.9-99.9-99.9-99.9 8.8 99-9.9 70-99.9   1  0.8-9.9-9.9
5055820080919 11.8 -3.0  0.009900-99.9-99.9-99.9-99.9 8.3 69 6.1 73  0.0   8  6.411.9 1.4
5055820080920  6.4  2.0  0.009900-99.9-99.9-99.9-99.9 0.0  0 6.2 75  0.2   4  3.2 3.9 1.0
5055820080921 10.8 -2.0  1.019900-99.9-99.9-99.9-99.9 6.2 51 6.8 81  1.4   2  1.610.1 1.1
5055820080922  8.8  2.0  0.009900-99.9-99.9-99.9-99.9-9.9 99 7.4 82  2.6   5  4.0-9.9-9.9
5055820080923  8.0-99.9  0.009900-99.9-99.9-99.9-99.9 3.3 99-9.9 75-99.9   2  1.6-9.9-9.9
5055820080924 12.3  4.2  0.009900-99.9-99.9-99.9-99.9 8.7 70 6.7 61  1.2   2  1.613.0 1.7
5055820080925 12.8  3.1  0.009900-99.9-99.9-99.9-99.9 0.9  7 7.5 70  2.8   5  4.0 5.1 1.4
5055820080926 11.4  0.8  0.009900-99.9-99.9-99.9-99.9 7.5 60 7.6 81  3.1   6  4.812.1 1.5
5055820080927 10.7  3.0  0.009900-99.9-99.9-99.9-99.9 7.0 56 6.4 65  0.7   5  4.011.7 1.8
5055820080928 12.4 -4.4  0.009900-99.9-99.9-99.9-99.9 8.8 70 5.5 68 -1.4  15 12.013.7 2.1
5055820080929 13.4 -1.2  0.009900-99.9-99.9-99.9-99.9 2.4 19 6.7 71  1.2   3  2.4 7.0 1.3
5055820080930 13.8  2.6  0.009900-99.9-99.9-99.9-99.9 5.0 39 7.8 72  3.5   6  4.8 9.9 1.8
5055820081001 12.8  4.0  0.519900-99.9-99.9-99.9-99.9 3.5 27 7.7 70  3.3   7  5.6 8.4 1.8
5055820081002-99.9  0.0  0.009900-99.9-99.9-99.9-99.9 9.4 99-9.9 79-99.9  15 12.0-9.9-9.9
5055820081003  6.3  0.2  0.009900-99.9-99.9-99.9-99.9 5.2 40 5.7 74 -0.9  17 13.610.5 1.9
5055820081004  7.6 -1.0  1.019900-99.9-99.9-99.9-99.9 8.8 67 5.7 74 -0.9  27 21.614.6 2.5
5055820081005  1.8 -3.4  0.009900-99.9-99.9-99.9-99.9 6.3 48 4.8 83 -3.3  10  8.011.9 1.4
5055820081006  6.6 -1.0  1.019900-99.9-99.9-99.9-99.9 4.0 30 6.5 87  0.9   8  6.4 9.4 1.3
5055820081007  7.8 -4.0  2.019900-99.9-99.9-99.9-99.9 2.0 15 5.1 73 -2.4   7  5.6 7.2 1.3
5055820081008 11.8  4.6  0.009900-99.9-99.9-99.9-99.9 6.4 48 7.1 65  2.0   9  7.212.4 2.4
5055820081009 16.8 -0.2  0.009900-99.9-99.9-99.9-99.9 8.8 65 6.3 58  0.5   6  4.815.3 2.6
5055820081010 14.6  3.0  2.019900-99.9-99.9-99.9-99.9 3.0 22 8.0 71  3.8   4  3.2 8.7 1.8
5055820081011 10.8  3.0-99.999900-99.9-99.9-99.9-99.9-9.9 99 7.6 76  3.0   5  4.0-9.9-9.9
5055820081012-99.9-99.9  0.009900-99.9-99.9-99.9-99.9 5.5 99-9.9 71-99.9   6  4.8-9.9-9.9
5055820081013  8.8 -2.2  0.009900-99.9-99.9-99.9-99.9 1.5 11 5.5 71 -1.4   1  0.8 7.1 1.3
5055820081014 11.8  2.0  0.009900-99.9-99.9-99.9-99.9 8.4 61 6.2 62  0.1  11  8.815.5 2.8
5055820081015 14.8  1.0  0.009900-99.9-99.9-99.9-99.9 0.2  1 7.0 66  1.9   6  4.8 5.7 1.7
5055820081016 13.4  2.6  0.009900-99.9-99.9-99.9-99.9 7.7 55 7.8 73  3.5  11  8.814.9 2.7
5055820081017  9.8 -2.0  0.009900-99.9-99.9-99.9-99.9 5.8 41 5.7 70 -1.1  14 11.212.7 2.3
5055820081018 12.8  0.8  0.009900-99.9-99.9-99.9-99.9 5.3 38 6.4 65  0.7  18 14.412.2 2.9
5055820081019 11.8  0.0  0.009900-99.9-99.9-99.9-99.9 8.2 58 6.8 73  1.4   7  5.615.8 2.5
5055820081020 10.1  0.0  0.009900-99.9-99.9-99.9-99.9 6.8 48 6.0 68 -0.4   7  5.614.2 2.4
5055820081021  9.6  1.8  2.019900-99.9-99.9-99.9-99.9 5.0 35 7.5 82  2.9   6  4.812.1 2.0
5055820081022  9.8  1.0  1.019900-99.9-99.9-99.9-99.9 4.9 34 6.6 74  1.1  10  8.012.1 2.2
5055820081023  6.6 -1.0  6.019900-99.9-99.9-99.9-99.9 0.0  0 5.8 78 -0.6   7  5.6 6.0 1.3
5055820081024 10.8  3.0  0.009900-99.9-99.9-99.9-99.9 9.3 64 6.3 63  0.4  17 13.617.8 3.6
5055820081025 11.8  4.0  0.009900-99.9-99.9-99.9-99.9 8.5 58 8.3 78  4.3   8  6.416.9 2.8
5055820081026 11.6  4.0  0.009900-99.9-99.9-99.9-99.9 6.0 41 7.7 73  3.3   4  3.213.8 2.4
5055820081027 10.7  3.6  0.009900-99.9-99.9-99.9-99.9 0.6  4 7.8 77  3.4  10  8.0 7.0 1.8
5055820081028 10.8  1.2  4.019900-99.9-99.9-99.9-99.9 0.1  1 6.8 73  1.5  22 17.6 6.4 2.3
5055820081029-99.9  0.4  0.009900-99.9-99.9-99.9-99.9 6.0 99-9.9 66-99.9   8  6.4-9.9-9.9
5055820081030 15.3  8.0  0.009900-99.9-99.9-99.9-99.9 2.0 13 7.4 54  2.7  34 27.2 9.0 5.0
5055820081031 11.8  4.0  1.019900-99.9-99.9-99.9-99.9 1.2  8 7.7 72  3.2  15 12.0 8.0 2.4
5055820081101 11.8  2.6  0.009900-99.9-99.9-99.9-99.9 2.7 18 7.9 78  3.6  14 11.210.1 2.3
5055820081102 10.8  1.0  0.009900-99.9-99.9-99.9-99.9 3.3 22 7.2 77  2.2  11  8.810.9 2.2
5055820081103 11.3  2.2  3.019900-99.9-99.9-99.9-99.9 3.3 22 6.2 63  0.2  14 11.211.0 2.8
5055820081104  8.8  1.4  1.019900-99.9-99.9-99.9-99.910.0 65 6.3 72  0.5  19 15.220.0 3.6
5055820081105  6.8 -3.0  0.009900-99.9-99.9-99.9-99.910.4 68 4.8 69 -3.2  21 16.820.6 3.4
5055820081106  8.4  2.6  3.019900-99.9-99.9-99.9-99.9 6.9 45 7.0 78  2.0   8  6.416.0 2.7
5055820081107  4.6  3.0  4.019900-99.9-99.9-99.9-99.9 0.0  0 6.5 81  0.8   6  4.8 6.8 1.5
5055820081108  8.6  3.0  0.009900-99.9-99.9-99.9-99.9 9.2 59 6.9 75  1.7   6  4.819.3 3.1
5055820081109 10.6  2.0  0.009900-99.9-99.9-99.9-99.911.0 70 6.4 67  0.6  17 13.621.8 4.1
5055820081110 12.3  0.0  0.009900-99.9-99.9-99.9-99.9-9.9 99 6.2 66  0.3  15 12.0-9.9-9.9
5055820081111 11.8-99.9  0.009900-99.9-99.9-99.9-99.9 9.7 99-9.9 61-99.9  21 16.8-9.9-9.9
5055820081112  8.0  3.0  6.019900-99.9-99.9-99.9-99.9 4.3 27 6.9 76  1.6   6  4.813.0 2.4
5055820081113 10.6  3.0  0.009900-99.9-99.9-99.9-99.911.3 71 7.4 75  2.7   6  4.822.6 3.6
5055820081114  9.6  3.0  0.009900-99.9-99.9-99.9-99.9 9.3 58 7.8 82  3.5   9  7.220.0 3.3
5055820081115 10.8 -1.0  0.009900-99.9-99.9-99.9-99.9 3.2 20 5.6 65 -1.1   4  3.211.6 2.3
5055820081116 11.3  3.0  0.009900-99.9-99.9-99.9-99.913.4 83 5.9 58 -0.5  15 12.025.8 4.9
5055820081117 12.4  0.3  0.009900-99.9-99.9-99.9-99.9 6.4 40 7.0 73  1.9   3  2.416.2 2.8
5055820081118 15.8  1.4  0.009900-99.9-99.9-99.9-99.9 6.3 39 7.9 71  3.6   3  2.416.1 3.0
5055820081119 20.2  4.0  0.009900-99.9-99.9-99.9-99.9-9.9 9910.9 77  8.2   7  5.6-9.9-9.9
5055820081120 20.0  6.0  2.019900-99.9-99.9-99.9-99.9 1.3  8 8.7 58  4.9  13 10.4 9.3 3.5
5055820081121 13.8  7.8  0.009900-99.9-99.9-99.9-99.9 3.3 20 7.4 57  2.6  17 13.612.1 4.0
5055820081122  9.9  3.0  2.019900-99.9-99.9-99.9-99.9 3.2 19 6.1 63 -0.1   3  2.412.0 2.5
5055820081123 13.2  2.0  0.009900-99.9-99.9-99.9-99.9-9.9 99 7.8 75  3.5   5  4.0-9.9-9.9
5055820081124-99.9  2.0  0.009900-99.9-99.9-99.9-99.9 8.5 99-9.9 70-99.9   0  0.0-9.9-9.9
5055820081125 13.8  5.0  0.009900-99.9-99.9-99.9-99.9 0.8  5 7.0 59  1.8   4  3.2 8.8 2.4
5055820081126 19.6  4.2  0.009900-99.9-99.9-99.9-99.9 9.7 58 8.4 60  4.4  15 12.021.4 5.2
5055820081127 17.4  6.0  3.019900-99.9-99.9-99.9-99.9 1.9 1110.4 76  7.6   3  2.410.4 2.5
5055820081128 13.2  1.2  4.019900-99.9-99.9-99.9-99.9-9.9 99 7.9 78  3.6   8  6.4-9.9-9.9
5055820081129 14.6  3.0  5.019900-99.9-99.9-99.9-99.9 8.0 48 8.6 76  4.8   8  6.419.1 3.7
5055820081130 14.8  7.4  0.009900-99.9-99.9-99.9-99.910.5 62 8.7 66  5.0   7  5.622.7 4.6
5055820081201 15.3  7.2  0.009900-99.9-99.9-99.9-99.9 7.4 44 7.6 57  3.1   6  4.818.4 4.1
5055820081202 16.3  1.0  0.009900-99.9-99.9-99.9-99.9 8.8 52 7.2 64  2.2   6  4.820.4 3.9
5055820081203 15.0  4.0  0.009900-99.9-99.9-99.9-99.9 3.2 19 7.6 64  3.0   6  4.812.5 3.0
5055820081204 16.8  6.0  0.009900-99.9-99.9-99.9-99.9 7.0 41 8.5 63  4.6   5  4.017.9 3.9
5055820081205 17.8  7.0  0.009900-99.9-99.9-99.9-99.912.8 75 9.1 63  5.6  21 16.826.2 6.3
5055820081206 20.0  9.0  0.009900-99.9-99.9-99.9-99.912.8 75 8.3 50  4.2  24 19.226.3 7.6
5055820081207 10.8  5.0  0.009900-99.9-99.9-99.9-99.910.2 60 7.2 68  2.4  17 13.622.6 4.6
5055820081208 16.0  4.0  0.009900-99.9-99.9-99.9-99.9 9.9 58 8.7 71  5.0  11  8.822.2 4.5
5055820081209 18.8  4.0  0.009900-99.9-99.9-99.9-99.9 2.6 15 7.8 58  3.4   5  4.011.7 3.1
5055820081210 18.8  4.4  0.009900-99.9-99.9-99.9-99.9 6.2 36 7.8 57  3.4  10  8.016.9 4.3
5055820081211 15.8  7.0  0.009900-99.9-99.9-99.9-99.9 0.0  0 7.0 52  1.9  11  8.8 8.1 3.3
5055820081212 16.8  8.0  1.019900-99.9-99.9-99.9-99.911.4 66 9.1 63  5.6   7  5.624.4 5.1
5055820081213 12.8  3.0  0.519900-99.9-99.9-99.9-99.9 0.0  0 7.6 71  3.0   4  3.2 8.1 2.1
5055820081214 10.8  3.0 10.019900-99.9-99.9-99.9-99.9 0.0  0 6.7 67  1.2   8  6.4 8.1 2.3
5055820081215 15.3  7.6  1.019900-99.9-99.9-99.9-99.9 8.5 49 8.1 60  4.0   5  4.020.3 4.3
5055820081216 11.8  7.0  0.519900-99.9-99.9-99.9-99.9 6.0 35 7.0 59  1.8  14 11.216.7 4.2
5055820081217 15.3  2.0  0.009900-99.9-99.9-99.9-99.9 5.2 30 6.7 60  1.3  22 17.615.6 4.5
5055820081218 15.5  4.0  0.009900-99.9-99.9-99.9-99.9 3.7 21 6.5 54  0.9  31 24.813.4 5.3
5055820081219 19.3  4.0  0.519900-99.9-99.9-99.9-99.9 8.2 48 7.0 51  1.9  24 19.219.9 6.1
5055820081220 17.8  7.2  2.019900-99.9-99.9-99.9-99.9 7.5 44 8.4 58  4.5  12  9.618.9 4.8
5055820081221  9.8  3.0  0.009900-99.9-99.9-99.9-99.9 8.8 51 6.2 65  0.3  30 24.020.8 5.0
5055820081222 15.3  0.4  0.009900-99.9-99.9-99.9-99.9 6.5 38 5.8 55 -0.6   6  4.817.5 3.7
5055820081223 16.0  8.2  0.009900-99.9-99.9-99.9-99.9 6.8 39 7.6 54  3.1  24 19.217.9 5.7
5055820081224 12.3  4.0-99.999900-99.9-99.9-99.9-99.9-9.9 99 6.2 57  0.2  14 11.2-9.9-9.9
5055820081225-99.9-99.9  0.519900-99.9-99.9-99.9-99.9 6.6 99-9.9 57-99.9  22 17.6-9.9-9.9
5055820081226 15.0-99.9  0.009900-99.9-99.9-99.9-99.9-9.9 99-9.9 55-99.9   3  2.4-9.9-9.9
5055820081227  8.8  0.2  1.019900-99.9-99.9-99.9-99.9 8.0 47 5.5 65 -1.5  14 11.219.6 3.8
5055820081228  8.8  2.0  3.019900-99.9-99.9-99.9-99.9 8.6 50 5.4 60 -1.7  19 15.220.4 4.4
5055820081229 13.3  1.0  1.019900-99.9-99.9-99.9-99.9 2.5 15 6.9 68  1.6   1  0.811.7 2.4
5055820081230-99.9  4.0  4.019900-99.9-99.9-99.9-99.9 1.2 99-9.9 58-99.9  21 16.8-9.9-9.9
5055820081231 12.6  2.0-99.999900-99.9-99.9-99.9-99.9-9.9 99 7.7 75  3.2   1  0.8-9.9-9.9
5055820090101-99.9-99.9  7.019900-99.9-99.9-99.9-99.9 5.7 99-9.9 45-99.9  28 22.4-9.9-9.9
5055820090102 17.8  7.0  2.019900-99.9-99.9-99.9-99.9 3.0 1810.2 71  7.3   7  5.612.3 3.2
5055820090103 16.8  5.0  0.519900-99.9-99.9-99.9-99.9 5.8 34 8.5 65  4.6  10  8.016.3 3.9
5055820090104 14.8  7.6  0.009900-99.9-99.9-99.9-99.911.4 67 9.4 71  6.1  19 15.224.3 5.4
5055820090105 10.8  2.8  7.019900-99.9-99.9-99.9-99.9 5.3 31 6.5 66  0.9  12  9.615.5 3.4
5055820090106 12.3  0.0  0.009900-99.9-99.9-99.9-99.9 4.8 28 6.7 71  1.3   3  2.414.8 2.7
5055820090107 12.8  5.2  2.019900-99.9-99.9-99.9-99.9 9.5 56 6.2 54  0.2  18 14.421.5 5.2
5055820090108 15.3  3.6  0.009900-99.9-99.9-99.9-99.9 5.2 31 7.2 61  2.3   5  4.015.3 3.4
5055820090109-99.9  3.6-99.999900-99.9-99.9-99.9-99.9-9.9 99-9.9 75-99.9   0  0.0-9.9-9.9
5055820090110 14.3-99.9  0.009900-99.9-99.9-99.9-99.9-9.9 99-9.9 57-99.9  28 22.4-9.9-9.9
5055820090111 17.3  6.0  0.009900-99.9-99.9-99.9-99.9 3.6 21 6.6 48  1.0   9  7.212.9 3.9
5055820090112 17.3  4.0  0.009900-99.9-99.9-99.9-99.9 7.6 46 6.8 53  1.5   5  4.018.6 4.0
5055820090113 17.8  7.0  0.009900-99.9-99.9-99.9-99.9 1.8 11 8.1 56  3.9   7  5.610.3 3.2
5055820090114 13.2  3.6  2.019900-99.9-99.9-99.9-99.9 2.8 17 6.1 55 -0.1   9  7.211.7 3.2
5055820090115 12.3  2.0 12.019900-99.9-99.9-99.9-99.9 3.3 20 6.9 68  1.6  14 11.212.3 3.0
5055820090116 10.3  6.4  2.019900-99.9-99.9-99.9-99.9 6.0 36 8.0 73  3.8  25 20.016.1 4.0
5055820090117 12.3  4.6  0.009900-99.9-99.9-99.9-99.9 5.8 35 7.0 63  1.8  16 12.815.8 3.9
5055820090118 11.8  2.0  2.019900-99.9-99.9-99.9-99.9 1.6 10 6.2 62  0.1   0  0.0 9.8 2.1
5055820090119 19.3  7.0  0.009900-99.9-99.9-99.9-99.9 8.0 49 9.7 64  6.5   7  5.618.8 4.3
5055820090120 14.8 10.4  0.009900-99.9-99.9-99.9-99.910.5 64 7.0 48  1.9  10  8.022.2 5.2
5055820090121 13.8  2.6  1.019900-99.9-99.9-99.9-99.9 2.3 14 7.6 70  3.1   9  7.210.7 2.6
5055820090122 17.8  6.0  0.009900-99.9-99.9-99.9-99.9 7.2 44 7.7 55  3.2  19 15.217.5 5.0
5055820090123 15.4  3.8  0.009900-99.9-99.9-99.9-99.9 6.3 39 7.6 64  3.1   8  6.416.1 3.5
5055820090124 15.8  3.0  0.009900-99.9-99.9-99.9-99.9 4.3 27 7.2 61  2.3   6  4.813.3 3.1
5055820090125 16.3  2.0  0.009900-99.9-99.9-99.9-99.9 2.7 17 7.1 61  2.0   2  1.611.0 2.5
5055820090126-99.9  8.6  3.019900-99.9-99.9-99.9-99.9 6.1 99-9.9 62-99.9  10  8.0-9.9-9.9
5055820090127 17.8  6.0  0.009900-99.9-99.9-99.9-99.9-9.9 9911.0 79  8.4  20 16.0-9.9-9.9
5055820090128 21.8 11.0  0.009900-99.9-99.9-99.9-99.9 5.0 3210.3 55  7.3  20 16.014.0 5.2
5055820090129 14.8  9.5  5.019900-99.9-99.9-99.9-99.9 2.2 14 8.4 59  4.4   1  0.810.1 2.5
5055820090130 12.3  4.0  0.009900-99.9-99.9-99.9-99.9 7.7 49 6.4 59  0.6   9  7.217.6 3.6
5055820090131 11.8  4.0  4.019900-99.9-99.9-99.9-99.9 0.0  0 7.4 69  2.6   4  3.2 7.0 1.9
5055820090201 15.8  5.0  5.019900-99.9-99.9-99.9-99.9 3.2 21 9.2 73  5.8   7  5.611.3 2.6
5055820090202 10.6  2.0  0.009900-99.9-99.9-99.9-99.9 0.1  1 6.7 70  1.2   3  2.4 7.0 1.7
5055820090203 10.8  0.0  2.019900-99.9-99.9-99.9-99.9 1.8 12 6.7 75  1.3   3  2.4 9.2 1.8
5055820090204 15.8  0.6  0.009900-99.9-99.9-99.9-99.9 7.0 46 8.2 75  4.0   5  4.016.2 2.9
5055820090205 17.3  7.0 15.019900-99.9-99.9-99.9-99.9 4.4 29 8.6 61  4.9   2  1.612.6 2.8
5055820090206 11.3  4.0  6.019900-99.9-99.9-99.9-99.9 1.3  9 7.6 73  3.1   1  0.8 8.4 1.8
5055820090207 13.6  4.0  2.019900-99.9-99.9-99.9-99.9 6.5 43 6.9 61  1.7   4  3.215.2 3.0
5055820090208 15.8  3.0  0.009900-99.9-99.9-99.9-99.9 6.6 44 9.1 77  5.6   3  2.415.3 2.7
5055820090209 13.8  4.6  0.009900-99.9-99.9-99.9-99.9 8.7 58 7.8 67  3.4   9  7.217.9 3.5
5055820090210 12.8  3.0  0.009900-99.9-99.9-99.9-99.9 9.5 64 6.7 63  1.3  27 21.618.9 4.5
5055820090211  8.6  0.4  5.019900-99.9-99.9-99.9-99.9 1.3  9 6.1 72 -0.1   3  2.4 8.1 1.6
5055820090212 14.3  4.0  1.019900-99.9-99.9-99.9-99.9 7.0 47 8.1 70  4.0   6  4.815.4 2.9
5055820090213 14.6  7.0  2.019900-99.9-99.9-99.9-99.9 7.6 52 7.9 61  3.6   7  5.616.1 3.3
5055820090214 14.8  3.0  5.019900-99.9-99.9-99.9-99.9 2.6 18 7.8 68  3.3   6  4.8 9.5 2.2
5055820090215 12.3  4.4  8.019900-99.9-99.9-99.9-99.9 6.5 45 7.1 65  2.2   6  4.814.5 2.8
5055820090216-99.9  4.2  1.019900-99.9-99.9-99.9-99.9 3.3 99-9.9 77-99.9   4  3.2-9.9-9.9
5055820090217 14.3  5.0  0.009900-99.9-99.9-99.9-99.911.1 77 7.2 60  2.3  18 14.420.1 4.3
5055820090218 13.8  4.7  7.019900-99.9-99.9-99.9-99.910.1 70 7.6 65  3.0   5  4.018.7 3.2
5055820090219 10.8  3.0  1.019900-99.9-99.9-99.9-99.9 7.3 51 7.0 70  1.8   3  2.415.0 2.4
5055820090220 11.8  2.0  1.019900-99.9-99.9-99.9-99.910.9 77 6.9 69  1.6   6  4.819.4 3.0
5055820090221 16.8  6.0  0.009900-99.9-99.9-99.9-99.9 4.2 30 8.9 66  5.3   8  6.411.0 2.7
5055820090222 13.0  2.4  0.519900-99.9-99.9-99.9-99.9 6.3 45 6.6 63  1.1  10  8.013.5 2.7
5055820090223 14.8  2.0  0.009900-99.9-99.9-99.9-99.9 1.2  9 7.1 64  2.0   8  6.4 7.1 2.1
5055820090224 16.4  3.0  0.009900-99.9-99.9-99.9-99.9 9.2 66 7.9 66  3.7  25 20.016.8 4.0
5055820090225 13.8  3.0  0.009900-99.9-99.9-99.9-99.9 9.8 71 9.0 82  5.5  10  8.017.4 2.7
5055820090226 11.8  5.0  3.019900-99.9-99.9-99.9-99.9 3.7 27 7.6 69  3.0   4  3.2 9.9 2.0
5055820090227-99.9  5.4  1.019900-99.9-99.9-99.9-99.9-9.9 99-9.9 85-99.9   1  0.8-9.9-9.9
5055820090228 12.8  5.0  0.009900-99.9-99.9-99.9-99.9 3.8 28 7.5 66  2.9   4  3.2 9.8 2.0
5055820090301  9.8  3.6  0.519900-99.9-99.9-99.9-99.9 0.0  0 6.9 70  1.6   7  5.6 5.2 1.5
5055820090302 10.8  2.0  0.009900-99.9-99.9-99.9-99.9 2.1 16 8.0 83  3.7   6  4.8 7.6 1.4
5055820090303 11.8 -2.0  0.519900-99.9-99.9-99.9-99.9 0.0  0 5.6 65 -1.1  12  9.6 5.1 1.8
5055820090304 12.0  2.6-99.999900-99.9-99.9-99.9-99.9-9.9 99 5.7 56 -0.9   2  1.6-9.9-9.9
5055820090305-99.9-99.9  1.019900-99.9-99.9-99.9-99.9 0.0 99-9.9 74-99.9   4  3.2-9.9-9.9
5055820090306 11.8  2.0  2.019900-99.9-99.9-99.9-99.9 2.1 16 7.4 74  2.6   2  1.6 7.3 1.4
5055820090307 15.8  3.6  0.009900-99.9-99.9-99.9-99.910.3 79 8.8 73  5.1   9  7.216.5 2.6
5055820090308 17.8  3.0  0.009900-99.9-99.9-99.9-99.9 3.3 25 9.8 78  6.7   5  4.0 8.5 1.7
5055820090309 22.4 10.0  4.019900-99.9-99.9-99.9-99.9 2.3 1812.9 70 10.7   6  4.8 7.3 2.1
5055820090310 20.3 10.0  0.009900-99.9-99.9-99.9-99.9 4.8 3714.5 84 12.5   5  4.0 9.9 2.0
5055820090311 18.8  4.0  0.519900-99.9-99.9-99.9-99.9 7.7 60 8.9 66  5.3   5  4.013.0 2.3
5055820090312 15.8  5.0-99.999900-99.9-99.9-99.9-99.9-9.9 99 9.3 74  6.0   7  5.6-9.9-9.9
5055820090313-99.9-99.9  3.019900-99.9-99.9-99.9-99.9 0.0 99-9.9 71-99.9   4  3.2-9.9-9.9
5055820090314 11.6  3.0  0.009900-99.9-99.9-99.9-99.9 1.2 10 7.7 75  3.2   6  4.8 5.7 1.3
5055820090315  9.8 -2.0  2.019900-99.9-99.9-99.9-99.9 0.0  0 6.2 77  0.2   6  4.8 4.3 1.1
5055820090316 15.8  3.0  0.009900-99.9-99.9-99.9-99.9 6.2 50 8.3 70  4.2   6  4.810.7 1.8
5055820090317 14.4  2.0-99.999900-99.9-99.9-99.9-99.9-9.9 99 8.0 74  3.8   4  3.2-9.9-9.9
5055820090318  9.6-99.9  4.019900-99.9-99.9-99.9-99.9 4.1 99-9.9 69-99.9   9  7.2-9.9-9.9
5055820090319 13.8  4.0  0.009900-99.9-99.9-99.9-99.9 2.4 20 7.9 69  3.5   6  4.8 6.5 1.5
5055820090320 14.6  3.0  2.019900-99.9-99.9-99.9-99.9 5.1 42 8.9 79  5.4   6  4.8 9.1 1.4
5055820090321 16.8  7.0  4.019900-99.9-99.9-99.9-99.9 0.0  0 9.2 66  5.8   8  6.4 3.9 1.7
5055820090322 16.8  3.0  2.019900-99.9-99.9-99.9-99.9 8.0 67 9.1 75  5.7   4  3.211.8 1.6
5055820090323 13.6  4.0  1.019900-99.9-99.9-99.9-99.9 8.7 73 7.1 63  2.2   6  4.812.3 1.8
5055820090324  9.8  4.0  0.009900-99.9-99.9-99.9-99.9 3.1 26 8.4 84  4.4  21 16.8 6.7 1.4
5055820090325 12.2  2.0  0.009900-99.9-99.9-99.9-99.9 8.2 70 8.0 79  3.7  10  8.011.5 1.4
5055820090326  9.6  1.8  0.009900-99.9-99.9-99.9-99.9 0.0  0 7.0 76  1.8   4  3.2 3.6 0.9
5055820090327-99.9  0.0  4.019900-99.9-99.9-99.9-99.9 0.0 99-9.9 85-99.9  12  9.6-9.9-9.9
5055820090328 10.8  3.0  0.009900-99.9-99.9-99.9-99.9 0.0  0 7.8 78  3.3   6  4.8 3.5 1.0
5055820090329 10.2  3.0  0.519900-99.9-99.9-99.9-99.9 5.0 44 6.3 65  0.5  14 11.2 8.0 1.7
5055820090330  5.6 -2.4  0.009900-99.9-99.9-99.9-99.9-9.9 99 5.1 75 -2.3  18 14.4-9.9-9.9
5055820090331 10.2 -4.0  0.009900-99.9-99.9-99.9-99.9 0.0  0 5.4 71 -1.6  11  8.8 3.3 1.1
5055820090401  7.0 -2.4  5.019900-99.9-99.9-99.9-99.9-9.9 99 5.9 82 -0.5   7  5.6-9.9-9.9
5055820090402  5.8  1.0  2.019900-99.9-99.9-99.9-99.9 0.0  0 6.2 79  0.1   9  7.2 3.2 0.9
5055820090403  5.8  0.4  0.009900-99.9-99.9-99.9-99.9 0.0  0 6.2 81  0.2   8  6.4 3.1 0.8
5055820090404  9.8  1.0  4.019900-99.9-99.9-99.9-99.9 0.0  0 6.5 73  1.0   4  3.2 3.1 0.9
5055820090405  8.6  1.0  5.019900-99.9-99.9-99.9-99.9 0.0  0 6.7 78  1.3   9  7.2 3.0 0.9
5055820090406  8.3  3.0  1.019900-99.9-99.9-99.9-99.9 0.0  0 6.9 76  1.8   1  0.8 3.0 0.7
5055820090407 10.7 -0.4  2.019900-99.9-99.9-99.9-99.9 6.1 56 6.1 69 -0.1   3  2.4 7.9 0.8
5055820090408 10.3  3.0  0.009900-99.9-99.9-99.9-99.9-9.9 99 7.6 78  3.1   5  4.0-9.9-9.9
5055820090409  7.8  0.4  2.019900-99.9-99.9-99.9-99.9 0.0  0 6.6 80  1.0   4  3.2 2.8 0.7
5055820090410  7.2  4.0  0.519900-99.9-99.9-99.9-99.9 5.2 49 6.6 73  1.1  13 10.4 6.9 1.1
5055820090411  9.2 -2.0  0.009900-99.9-99.9-99.9-99.9 0.7  7 6.5 82  0.8   9  7.2 3.2 0.7
5055820090412  7.8 -2.0  4.019900-99.9-99.9-99.9-99.9 3.2 31 5.9 78 -0.6  11  8.8 5.1 0.8
5055820090413  9.6  2.0  2.019900-99.9-99.9-99.9-99.9 0.0  0 7.4 80  2.6  12  9.6 2.6 0.9
5055820090414 11.8  5.0  0.009900-99.9-99.9-99.9-99.9 1.4 14 7.3 66  2.4   4  3.2 3.6 0.9
5055820090415 11.3  4.0  1.019900-99.9-99.9-99.9-99.9 0.0  0 7.0 67  1.9   2  1.6 2.5 0.8
5055820090416 12.3  5.0 12.019900-99.9-99.9-99.9-99.9 3.8 37 7.1 63  2.0   2  1.6 5.2 0.7
5055820090417  9.8  3.0 14.019900-99.9-99.9-99.9-99.9 0.0  0 7.3 76  2.5   1  0.8 2.4 0.6
5055820090418  6.4  2.0-99.999900-99.9-99.9-99.9-99.9-9.9 99 6.4 77  0.5   4  3.2-9.9-9.9
5055820090419-99.9-99.9  2.019900-99.9-99.9-99.9-99.9 0.0 99-9.9 80-99.9   4  3.2-9.9-9.9
5055820090420  9.8-99.9  0.009900-99.9-99.9-99.9-99.9 3.7 99-9.9 69-99.9   4  3.2-9.9-9.9
5055820090421 10.3  3.8  0.519900-99.9-99.9-99.9-99.9 0.0  0 5.9 59 -0.4   8  6.4 2.2 1.2
5055820090422 10.0  3.0  0.009900-99.9-99.9-99.9-99.9 0.0  0 7.2 74  2.2   2  1.6 2.2 0.6
5055820090423  7.4  0.2  3.019900-99.9-99.9-99.9-99.9 0.0  0 6.6 82  1.0   3  2.4 2.1 0.5
5055820090424  9.8  1.8  0.009900-99.9-99.9-99.9-99.9 2.5 26 6.9 75  1.7   4  3.2 3.7 0.5
5055820090425  7.3  1.8  0.519900-99.9-99.9-99.9-99.9 2.4 25 5.7 68 -0.8  15 12.0 3.6 1.0
5055820090426  6.8  2.0  4.019900-99.9-99.9-99.9-99.9 0.0  0 5.6 67 -1.2   7  5.6 2.0 0.9
5055820090427  5.2  2.0  4.019900-99.9-99.9-99.9-99.9 2.4 26 6.7 85  1.3   9  7.2 3.4 0.4
5055820090428  3.6 -1.0  2.019900-99.9-99.9-99.9-99.9 0.0  0 5.8 86 -0.8  10  8.0 1.9 0.5
5055820090429  4.0  0.8  0.009900-99.9-99.9-99.9-99.9-9.9 99 5.0 69 -2.7   6  4.8-9.9-9.9
5055820090430-99.9  2.4  7.019900-99.9-99.9-99.9-99.9 0.0 99-9.9 67-99.9   3  2.4-9.9-9.9
5055820090501  8.8  0.2  0.009900-99.9-99.9-99.9-99.9-9.9 99 5.5 65 -1.5  18 14.4-9.9-9.9
5055820090502  7.6 -3.4  0.009900-99.9-99.9-99.9-99.9 1.9 21 5.8 81 -0.8   1  0.8 2.8 0.2
5055820090503  4.8 -1.4  0.519900-99.9-99.9-99.9-99.9 0.0  0 5.3 77 -1.9   2  1.6 1.7 0.4
5055820090504  8.8  1.0  9.019900-99.9-99.9-99.9-99.9 0.0  0 7.2 83  2.3  10  8.0 1.7 0.6
5055820090505  4.4 -2.0  8.019900-99.9-99.9-99.9-99.9 0.0  0 5.1 77 -2.4  10  8.0 1.6 0.6
5055820090506  3.4 -2.0  1.019900-99.9-99.9-99.9-99.9 3.4 39 5.5 86 -1.4   8  6.4 3.5 0.3
5055820090507  3.8 -4.0-99.999900-99.9-99.9-99.9-99.9-9.9 99 4.3 71 -4.7   3  2.4-9.9-9.9
5055820090508-99.9-99.9  0.009900-99.9-99.9-99.9-99.9 3.9 99-9.9 88-99.9   0  0.0-9.9-9.9
5055820090509  3.3-99.9  0.009900-99.9-99.9-99.9-99.9 5.8 99-9.9 77-99.9   1  0.8-9.9-9.9
5055820090510  4.8 -9.8  0.009900-99.9-99.9-99.9-99.9 4.1 48 3.6 70 -7.2   2  1.6 3.6 0.3
5055820090511  4.0 -8.0  0.519900-99.9-99.9-99.9-99.9 0.0  0 4.5 86 -4.0   2  1.6 1.4 0.2
5055820090512  4.6 -2.4  1.019900-99.9-99.9-99.9-99.9 0.1  1 5.4 82 -1.6   3  2.4 1.4 0.3
5055820090513  5.0 -2.0  0.009900-99.9-99.9-99.9-99.9 5.2 62 5.1 75 -2.4   3  2.4 4.0 0.3
5055820090514  6.8 -2.4  0.009900-99.9-99.9-99.9-99.9 3.4 41 5.0 70 -2.7   7  5.6 3.0 0.6
5055820090515  6.3 -2.0  1.019900-99.9-99.9-99.9-99.9 2.1 25 5.4 76 -1.6   6  4.8 2.3 0.4
5055820090516  3.8 -3.0  0.009900-99.9-99.9-99.9-99.9 0.7  9 5.4 86 -1.7   2  1.6 1.6 0.2
5055820090517-99.9 -6.0  0.009900-99.9-99.9-99.9-99.9 1.3 99-9.9 83-99.9   2  1.6-9.9-9.9
5055820090518  4.8 -5.0  1.019900-99.9-99.9-99.9-99.9 0.7  9 4.9 80 -3.1   4  3.2 1.6 0.3
5055820090519  3.6 -1.4  0.519900-99.9-99.9-99.9-99.9 4.8 59 5.4 81 -1.8   6  4.8 3.4 0.3
5055820090520  1.8 -2.0  4.019900-99.9-99.9-99.9-99.9 0.8 10 5.0 82 -2.8   1  0.8 1.5 0.2
5055820090521  3.8 -2.4  0.009900-99.9-99.9-99.9-99.9 1.8 23 4.5 70 -4.1   9  7.2 2.0 0.6
5055820090522  4.0 -6.0-99.999900-99.9-99.9-99.9-99.9-9.9 99 4.3 76 -4.7   0  0.0-9.9-9.9
5055820090523  1.8-99.9  7.019900-99.9-99.9-99.9-99.9 0.1 99-9.9 83-99.9   3  2.4-9.9-9.9
5055820090524  4.8 -6.0  2.019900-99.9-99.9-99.9-99.9 0.8 10 4.7 81 -3.4   1  0.8 1.4 0.2
5055820090525  3.8 -6.0  0.519900-99.9-99.9-99.9-99.9 0.0  0 4.3 77 -4.6   2  1.6 1.1 0.3
5055820090526  4.3 -1.2  3.019900-99.9-99.9-99.9-99.9 6.0 78 5.1 75 -2.4   3  2.4 3.6 0.3
5055820090527  5.3  0.4  3.019900-99.9-99.9-99.9-99.9 2.5 32 5.8 78 -0.6  10  8.0 2.1 0.5
5055820090528  5.8 -2.0  6.019900-99.9-99.9-99.9-99.9 0.0  0 5.3 76 -1.9   3  2.4 1.0 0.3
5055820090529  7.6  2.0  0.009900-99.9-99.9-99.9-99.9 0.0  0 6.6 77  1.1   3  2.4 1.0 0.4
5055820090530  8.8 -6.0  0.009900-99.9-99.9-99.9-99.9 3.3 44 4.5 67 -4.0   2  1.6 2.3 0.4
5055820090531  3.4 -0.8  0.009900-99.9-99.9-99.9-99.9 0.2  3 5.8 86 -0.8   0  0.0 1.0 0.1
5055820090601  4.3 -4.0  0.009900-99.9-99.9-99.9-99.9 1.0 13 5.3 86 -1.9   0  0.0 1.3 0.1
5055820090602  2.8 -1.0  1.019900-99.9-99.9-99.9-99.9 0.0  0 5.5 84 -1.5   0  0.0 0.9 0.2
5055820090603  4.8  1.0  1.019900-99.9-99.9-99.9-99.9 0.9 12 5.9 79 -0.4   4  3.2 1.3 0.3
5055820090604  8.6  1.0  0.009900-99.9-99.9-99.9-99.9 1.4 19 6.6 77  1.1  10  8.0 1.4 0.6
5055820090605  9.8  2.6  0.009900-99.9-99.9-99.9-99.9 0.7  9 7.7 81  3.2   8  6.4 1.2 0.5
5055820090606  7.6 -4.0  0.009900-99.9-99.9-99.9-99.9 0.2  3 5.7 82 -0.9   1  0.8 1.0 0.2
5055820090607  4.3 -5.6  0.009900-99.9-99.9-99.9-99.9 3.5 48 4.8 82 -3.3   0  0.0 2.2 0.2
5055820090608  5.3 -2.4  0.009900-99.9-99.9-99.9-99.9 0.0  0 5.4 80 -1.6   2  1.6 0.9 0.2
5055820090609  4.8  1.6  0.009900-99.9-99.9-99.9-99.9 4.7 65 6.5 84  0.8  12  9.6 2.6 0.4
5055820090610  8.2 -2.0  0.009900-99.9-99.9-99.9-99.9 0.0  0 5.8 76 -0.7   7  5.6 0.9 0.5
5055820090611  9.6  2.0  0.009900-99.9-99.9-99.9-99.9 0.1  1 6.0 65 -0.3   6  4.8 0.9 0.7
5055820090612  8.6  3.6  2.019900-99.9-99.9-99.9-99.9 0.0  0 7.5 80  2.9   3  2.4 0.8 0.3
5055820090613  6.8  3.8  0.519900-99.9-99.9-99.9-99.9 0.9 12 7.5 84  2.8   1  0.8 1.2 0.2
5055820090614  5.8 -1.8  0.009900-99.9-99.9-99.9-99.9 4.9 68 5.2 74 -2.1   0  0.0 2.6 0.3
5055820090615  3.8  0.6  2.019900-99.9-99.9-99.9-99.9 2.6 36 6.2 86  0.1   5  4.0 1.7 0.2
5055820090616  2.8 -3.0-99.999900-99.9-99.9-99.9-99.9-9.9 99 5.3 88 -1.8   5  4.0-9.9-9.9
5055820090617  2.4-99.9  0.009900-99.9-99.9-99.9-99.9 0.0 99-9.9 96-99.9   6  4.8-9.9-9.9
5055820090618  2.8 -3.6  0.009900-99.9-99.9-99.9-99.9 4.4 61 5.0 85 -2.6   4  3.2 2.4 0.2
5055820090619  2.8 -3.0  3.019900-99.9-99.9-99.9-99.9 5.3 74 4.6 76 -3.8   6  4.8 2.7 0.4
5055820090620  4.8 -3.0  0.009900-99.9-99.9-99.9-99.9-9.9 99 5.7 87 -1.0   3  2.4-9.9-9.9
5055820090621 -0.4 -6.0  1.019900-99.9-99.9-99.9-99.9 2.6 36 3.9 81 -6.0   3  2.4 1.7 0.2
5055820090622 -1.4 10.0 11.019900-99.9-99.9-99.9-99.9 0.0  0 6.1 73 -0.1   4  3.2 0.8 0.5
5055820090623 -1.4 13.0  6.019900-99.9-99.9-99.9-99.9 2.4 34 7.7 84  3.3   2  1.6 1.7 0.2
5055820090624  0.8 -6.4  1.019900-99.9-99.9-99.9-99.9 1.4 20 3.8 77 -6.3  14 11.2 1.3 0.5
5055820090625  0.8 -1.2  0.009900-99.9-99.9-99.9-99.9 0.5  7 4.0 67 -5.6   6  4.8 1.0 0.5
5055820090626 -3.0 14.0  0.009900-99.9-99.9-99.9-99.9 0.0  0 5.4 60 -1.6   2  1.6 0.8 0.6
5055820090627  0.6 15.6  2.019900-99.9-99.9-99.9-99.9 0.0  0 7.8 72  3.4   4  3.2 0.8 0.5
5055820090628  2.8  0.2  5.019900-99.9-99.9-99.9-99.9 0.0  0 5.6 82 -1.2   5  4.0 0.8 0.3
5055820090629  3.8  2.0  5.019900-99.9-99.9-99.9-99.9 0.0  0 6.4 85  0.6   1  0.8 0.8 0.2
5055820090630  3.2 -0.6  0.009900-99.9-99.9-99.9-99.9 0.2  3 5.8 86 -0.8   0  0.0 0.9 0.1
5055820090701  0.8 -4.2  0.009900-99.9-99.9-99.9-99.9 0.0  0 4.9 90 -3.1   0  0.0 0.9 0.1
5055820090702  2.4 -2.2  0.009900-99.9-99.9-99.9-99.9 0.0  0 5.6 91 -1.2   0  0.0 0.9 0.1
5055820090703  1.8 -0.4  5.019900-99.9-99.9-99.9-99.9 0.0  0 5.4 84 -1.7   0  0.0 0.9 0.2
5055820090704  4.0 -0.2  2.019900-99.9-99.9-99.9-99.9 1.2 16 5.7 81 -1.0   1  0.8 1.3 0.2
5055820090705  3.6 -2.8  6.019900-99.9-99.9-99.9-99.9 0.0  0 4.9 78 -3.0   1  0.8 0.9 0.2
5055820090706  4.8  2.2  2.019900-99.9-99.9-99.9-99.9 0.0  0 6.1 78  0.0   3  2.4 0.9 0.3
5055820090707  4.3 -1.2  0.009900-99.9-99.9-99.9-99.9 3.1 42 5.1 74 -2.6   0  0.0 2.1 0.3
5055820090708  1.8 -5.8  2.019900-99.9-99.9-99.9-99.9 2.0 27 4.3 81 -4.8   0  0.0 1.7 0.2
5055820090709  1.3 -5.6  1.019900-99.9-99.9-99.9-99.9 3.4 46 4.2 80 -5.1  12  9.6 2.2 0.4
5055820090710  2.3 -8.4  0.519900-99.9-99.9-99.9-99.9 0.0  0 4.1 83 -5.5   9  7.2 0.9 0.3
5055820090711  4.8 -3.0  1.019900-99.9-99.9-99.9-99.9 2.9 38 5.2 79 -2.3   0  0.0 2.1 0.2
5055820090712  1.3 -4.2  5.019900-99.9-99.9-99.9-99.9 1.9 25 4.7 86 -3.5  12  9.6 1.7 0.3
5055820090713  0.3 -5.4  2.019900-99.9-99.9-99.9-99.9 1.2 16 4.6 91 -3.8  10  8.0 1.5 0.2
5055820090714  2.8 -5.8  2.019900-99.9-99.9-99.9-99.9 0.0  0 4.5 82 -4.2   5  4.0 1.0 0.3
5055820090715  4.3 -5.4  1.019900-99.9-99.9-99.9-99.9 0.0  0 4.8 81 -3.4   4  3.2 1.0 0.3
5055820090716  6.4 -0.8  0.009900-99.9-99.9-99.9-99.9 6.0 78 5.8 78 -0.6   2  1.6 3.5 0.3
5055820090717  3.4 -6.2  0.009900-99.9-99.9-99.9-99.9 6.3 81 3.8 68 -6.5   0  0.0 3.7 0.3
5055820090718  0.6 -8.4  0.009900-99.9-99.9-99.9-99.9 0.0  0 3.8 84 -6.2   0  0.0 1.1 0.1
5055820090719  1.3 -1.8  0.519900-99.9-99.9-99.9-99.9 0.0  0 5.3 89 -1.8   0  0.0 1.1 0.1
5055820090720  3.2 -1.0  0.009900-99.9-99.9-99.9-99.9 2.0 25 5.8 87 -0.8   2  1.6 2.0 0.2
5055820090721  2.6 -5.0  4.019900-99.9-99.9-99.9-99.9 0.3  4 4.7 84 -3.5   3  2.4 1.3 0.2
5055820090722  5.8 -2.0  0.009900-99.9-99.9-99.9-99.9 2.0 25 5.6 80 -1.2  14 11.2 2.1 0.5
5055820090723  7.8 -1.6  0.009900-99.9-99.9-99.9-99.9 1.7 21 5.6 74 -1.1   4  3.2 2.0 0.4
5055820090724  3.6  0.0  0.009900-99.9-99.9-99.9-99.9 0.3  4 5.6 80 -1.3   3  2.4 1.4 0.3
5055820090725  3.8 -4.0 20.019900-99.9-99.9-99.9-99.9-9.9 99 4.7 78 -3.5   4  3.2-9.9-9.9
5055820090726 -1.4 -4.8 70.019900-99.9-99.9-99.9-99.9 0.0  0 3.9 81 -5.9   8  6.4 1.3 0.3
5055820090727  1.6 -4.0  7.019900-99.9-99.9-99.9-99.9 0.0  0 4.7 84 -3.5   6  4.8 1.3 0.3
5055820090728  1.3 -4.0  2.019900-99.9-99.9-99.9-99.9 0.0  0 4.6 83 -3.9  16 12.8 1.3 0.5
5055820090729  2.6 -3.3  0.009900-99.9-99.9-99.9-99.9 0.0  0 4.9 83 -2.9  12  9.6 1.3 0.4
5055820090730  5.8 10.0  0.009900-99.9-99.9-99.9-99.9 0.0  0 8.6 81  4.8   5  4.0 1.4 0.5
5055820090731  2.8 12.0  0.009900-99.9-99.9-99.9-99.9 6.2 73 7.7 75  3.3   2  1.6 4.5 0.4
5055820090801  1.4 -7.0  0.009900-99.9-99.9-99.9-99.9 0.6  7 3.9 79 -5.9   0  0.0 1.7 0.2
5055820090802-99.9 -8.0  0.009900-99.9-99.9-99.9-99.9 0.0 99-9.9 86-99.9   2  1.6-9.9-9.9
5055820090803  2.8 -3.4  0.519900-99.9-99.9-99.9-99.9 0.5  6 4.8 81 -3.2   2  1.6 1.8 0.2
5055820090804-99.9 -2.0-99.999900-99.9-99.9-99.9-99.9-9.9 99-9.9 76-99.9   4  3.2-9.9-9.9
5055820090805  2.4-99.9  0.009900-99.9-99.9-99.9-99.9 0.0 99-9.9 96-99.9   4  3.2-9.9-9.9
5055820090806  3.4 -2.0  0.009900-99.9-99.9-99.9-99.9 0.0  0 5.3 83 -1.8   4  3.2 1.6 0.3
5055820090807  1.6 -3.0  0.009900-99.9-99.9-99.9-99.9 0.0  0 4.9 84 -3.1   2  1.6 1.6 0.3
5055820090808  5.2 -5.4  0.009900-99.9-99.9-99.9-99.9 3.6 40 4.7 78 -3.5   2  1.6 3.7 0.3
5055820090809  4.6 -4.0-99.999900-99.9-99.9-99.9-99.9-9.9 99 5.2 84 -2.1   3  2.4-9.9-9.9
5055820090810-99.9-99.9  0.009900-99.9-99.9-99.9-99.9 6.8 99-9.9 87-99.9   0  0.0-9.9-9.9
5055820090811  3.8 -7.8  4.019900-99.9-99.9-99.9-99.9 0.0  0 4.5 85 -4.2   4  3.2 1.8 0.3
5055820090812  1.8 -2.0  7.019900-99.9-99.9-99.9-99.9 0.0  0 5.3 87 -2.0  11  8.8 1.8 0.4
5055820090813  5.6 -1.4  0.009900-99.9-99.9-99.9-99.9 4.8 52 5.3 75 -1.9   1  0.8 4.8 0.3
5055820090814  2.4 -7.0  7.019900-99.9-99.9-99.9-99.9 0.0  0 4.5 87 -4.2   3  2.4 1.9 0.3
5055820090815  3.4 -3.8  6.019900-99.9-99.9-99.9-99.9 0.0  0 5.2 87 -2.1   6  4.8 1.9 0.4
5055820090816-99.9  1.5  0.009900-99.9-99.9-99.9-99.9 0.0 99-9.9 77-99.9   7  5.6-9.9-9.9
5055820090817  2.8 -1.0-99.999900-99.9-99.9-99.9-99.9-9.9 99 4.6 70 -3.9  15 12.0-9.9-9.9
5055820090818 -0.2-99.9  0.009900-99.9-99.9-99.9-99.9 0.8 99-9.9 71-99.9  13 10.4-9.9-9.9
5055820090819  1.2 -3.0  0.009900-99.9-99.9-99.9-99.9 0.0  0 4.9 85 -3.1   5  4.0 2.1 0.4
5055820090820  2.8 -4.2  4.019900-99.9-99.9-99.9-99.9 0.3  3 5.2 90 -2.1   6  4.8 2.3 0.3
5055820090821  2.8  0.8 29.019900-99.9-99.9-99.9-99.9 0.0  0 5.8 83 -0.8  23 18.4 2.2 0.9
5055820090822  3.8  0.2  0.519900-99.9-99.9-99.9-99.9 0.0  0 5.9 84 -0.4   6  4.8 2.2 0.5
5055820090823  4.3 -0.2-99.999900-99.9-99.9-99.9-99.9-9.9 99 6.0 85 -0.2   0  0.0-9.9-9.9
5055820090824  3.3-99.9  0.009900-99.9-99.9-99.9-99.9 0.3 99-9.9 78-99.9   1  0.8-9.9-9.9
5055820090825  1.8 -1.8  1.019900-99.9-99.9-99.9-99.9 0.0  0 5.6 91 -1.3   4  3.2 2.4 0.3
5055820090826  4.0  0.0  5.019900-99.9-99.9-99.9-99.9 0.0  0 5.9 84 -0.4   0  0.0 2.4 0.4
5055820090827  4.8 -2.4  0.009900-99.9-99.9-99.9-99.9 6.5 63 5.3 79 -2.0   3  2.4 7.3 0.3
5055820090828  2.8 -5.0  4.019900-99.9-99.9-99.9-99.9 0.0  0 4.7 83 -3.6   4  3.2 2.5 0.5
5055820090829  7.4 -3.0  0.009900-99.9-99.9-99.9-99.9 1.5 14 5.9 82 -0.5   6  4.8 3.7 0.6
5055820090830-99.9  0.0  0.009900-99.9-99.9-99.9-99.9-9.9 99-9.9 83-99.9  12  9.6-9.9-9.9
5055820090831  4.1-99.9  1.019900-99.9-99.9-99.9-99.9 8.3 99-9.9 78-99.9   9  7.2-9.9-9.9
5055820090901  4.4  0.2  0.009900-99.9-99.9-99.9-99.9-9.9 99 5.3 73 -2.0  23 18.4-9.9-9.9
5055820090902-99.9-99.9  0.009900-99.9-99.9-99.9-99.9 3.4 99-9.9 84-99.9   4  3.2-9.9-9.9
5055820090903  4.8 -2.9  3.019900-99.9-99.9-99.9-99.9 0.1  1 5.6 85 -1.3   6  4.8 2.9 0.6
5055820090904  6.0  0.8  0.009900-99.9-99.9-99.9-99.9 1.6 15 6.2 79  0.1   2  1.6 4.2 0.6
5055820090905  4.6 -1.6  0.519900-99.9-99.9-99.9-99.9 2.3 21 5.7 83 -1.1   5  4.0 4.8 0.6
5055820090906  3.0 -1.0  0.009900-99.9-99.9-99.9-99.9 1.4 13 4.9 75 -2.9   3  2.4 4.2 0.7
5055820090907  6.0 -4.2  0.009900-99.9-99.9-99.9-99.9 7.8 71 4.8 74 -3.2   1  0.8 9.6 0.6
5055820090908  4.6 -2.4  2.019900-99.9-99.9-99.9-99.9 4.4 40 4.7 71 -3.6  18 14.4 6.9 1.2
5055820090909  3.6 -3.0  0.009900-99.9-99.9-99.9-99.9 6.3 56 4.9 79 -2.9   4  3.2 8.6 0.7
5055820090910  7.0 -3.0  0.009900-99.9-99.9-99.9-99.9 0.0  0 5.8 82 -0.7   4  3.2 3.2 0.7
5055820090911  5.3 -1.4  2.019900-99.9-99.9-99.9-99.9 0.0  0 5.8 83 -0.6   3  2.4 3.3 0.6
5055820090912  5.8  2.0  0.009900-99.9-99.9-99.9-99.9 8.8 77 6.4 79  0.6   4  3.211.2 0.9
5055820090913-99.9-99.9-99.999900-99.9-99.9-99.9-99.9-9.9 99-9.9-99-99.9 -99-99.9-9.9-9.9
5055820090914-99.9-99.9  0.009900-99.9-99.9-99.9-99.9 7.7 99-9.9 86-99.9   0  0.0-9.9-9.9
5055820090915  9.8-99.9  0.519900-99.9-99.9-99.9-99.9 3.4 99-9.9 76-99.9   3  2.4-9.9-9.9
5055820090916  6.2 -3.0  2.019900-99.9-99.9-99.9-99.9 1.8 15 5.9 86 -0.5   7  5.6 5.3 0.7
5055820090917  6.4  2.0  2.019900-99.9-99.9-99.9-99.9-9.9 99 6.7 81  1.2   6  4.8-9.9-9.9
5055820090918  6.8 -1.0  0.009900-99.9-99.9-99.9-99.9 0.6  5 5.6 75 -1.1   5  4.0 4.3 0.9
5055820090919  7.3  1.0  0.009900-99.9-99.9-99.9-99.9 1.3 11 5.8 71 -0.6   7  5.6 5.0 1.2
5055820090920  4.3  0.6  4.019900-99.9-99.9-99.9-99.9 0.0  0 5.0 69 -2.6   1  0.8 3.8 0.9
5055820090921  4.6  1.0  0.009900-99.9-99.9-99.9-99.9 0.0  0 6.6 88  1.0   3  2.4 3.9 0.7
5055820090922-99.9 -1.0  0.519900-99.9-99.9-99.9-99.9 1.6 99-9.9 77-99.9   4  3.2-9.9-9.9
5055820090923  4.8  0.0  5.019900-99.9-99.9-99.9-99.9 1.3 11 5.8 80 -0.7   4  3.2 5.3 0.9
5055820090924  5.3 -0.4-99.999900-99.9-99.9-99.9-99.9-9.9 99 4.9 67 -3.0  10  8.0-9.9-9.9
5055820090925-99.9-99.9  0.009900-99.9-99.9-99.9-99.9 3.0 99-9.9 71-99.9   0  0.0-9.9-9.9
5055820090926-99.9-99.9  4.019900-99.9-99.9-99.9-99.9 0.0 99-9.9 76-99.9   4  3.2-9.9-9.9
5055820090927 10.6  1.0  1.019900-99.9-99.9-99.9-99.9 6.3 50 7.3 79  2.4   5  4.010.8 1.4
5055820090928 12.3  4.0  0.009900-99.9-99.9-99.9-99.9 4.8 38 7.7 71  3.2   5  4.0 9.3 1.6
5055820090929 10.8  6.0  0.009900-99.9-99.9-99.9-99.9 0.1  1 7.3 66  2.4  13 10.4 4.5 1.9
5055820090930 11.8  4.0  0.009900-99.9-99.9-99.9-99.9 0.0  0 7.2 68  2.4  14 11.2 4.4 1.8
5055820091001  9.6  0.0  0.009900-99.9-99.9-99.9-99.9 5.8 45 5.7 66 -1.0  29 23.210.7 2.8
5055820091002  8.3  2.6  2.019900-99.9-99.9-99.9-99.9 1.2  9 6.0 67 -0.2  24 19.2 5.9 2.3
5055820091003  6.8 -2.2  2.019900-99.9-99.9-99.9-99.9 0.0  0 5.6 77 -1.3  11  8.8 4.6 1.2
5055820091004  7.8  0.5  0.009900-99.9-99.9-99.9-99.9 0.7  5 6.1 74 -0.1  10  8.0 5.5 1.4
5055820091005  8.6 -2.0  0.009900-99.9-99.9-99.9-99.9 7.0 54 6.0 78 -0.2   4  3.212.5 1.5
5055820091006 12.8 -3.0  0.009900-99.9-99.9-99.9-99.9 9.5 72 6.8 79  1.6   3  2.415.5 1.8
5055820091007 11.8 -3.0  0.009900-99.9-99.9-99.9-99.9 8.8 67 5.4 64 -1.8  11  8.814.8 2.3
5055820091008 12.3 -2.4  0.009900-99.9-99.9-99.9-99.9 7.4 56 5.7 66 -0.9  19 15.213.4 2.6
5055820091009 12.8  4.2  4.019900-99.9-99.9-99.9-99.9 4.5 34 7.5 68  2.9   7  5.610.2 2.1
5055820091010 10.6  3.0  0.009900-99.9-99.9-99.9-99.9 4.5 33 7.1 72  2.1   4  3.210.3 1.8
5055820091011 10.6  3.0  8.019900-99.9-99.9-99.9-99.9 4.0 30 6.7 68  1.3  11  8.8 9.8 2.1
5055820091012  5.6 -1.4  4.019900-99.9-99.9-99.9-99.9 1.8 13 6.1 86  0.0   7  5.6 7.3 1.2
5055820091013  2.8 -1.0  0.519900-99.9-99.9-99.9-99.9 7.6 56 4.8 74 -3.2  31 24.814.2 2.5
5055820091014 12.8 -3.2  0.009900-99.9-99.9-99.9-99.9 8.0 58 5.3 62 -1.9  15 12.014.8 2.8
5055820091015 13.3  2.2  0.009900-99.9-99.9-99.9-99.910.3 75 6.4 61  0.7  12  9.617.7 3.2
5055820091016  7.8  1.0  0.009900-99.9-99.9-99.9-99.9 8.2 59 6.5 78  0.9  17 13.615.3 2.4
5055820091017  9.8  1.0  1.019900-99.9-99.9-99.9-99.9 1.3  9 6.9 77  1.7  12  9.6 7.1 1.7
5055820091018 10.8  1.8  0.009900-99.9-99.9-99.9-99.9 8.7 62 6.1 64  0.0  25 20.016.2 3.6
5055820091019  6.4  0.0  0.009900-99.9-99.9-99.9-99.910.4 74 5.2 67 -2.3  29 23.218.4 3.5
5055820091020 11.8  0.8  0.009900-99.9-99.9-99.9-99.9 8.5 60 6.9 72  1.6  23 18.416.2 3.2
5055820091021  9.6  3.0  0.009900-99.9-99.9-99.9-99.9 1.7 12 7.4 78  2.8  10  8.0 7.9 1.8
5055820091022 11.8  2.0  0.009900-99.9-99.9-99.9-99.9 4.2 29 7.2 72  2.2   9  7.211.1 2.2
5055820091023  9.8 -1.0  0.009900-99.9-99.9-99.9-99.9 2.8 19 5.7 68 -1.0  13 10.4 9.4 2.2
5055820091024  6.0  0.6  0.519900-99.9-99.9-99.9-99.9 2.4 17 5.5 71 -1.4  13 10.4 9.0 2.0
5055820091025  8.3  0.0  0.009900-99.9-99.9-99.9-99.9 2.3 16 5.2 63 -2.3   9  7.2 8.9 2.1
5055820091026  5.8  1.0  5.019900-99.9-99.9-99.9-99.9 0.0  0 5.6 72 -1.2   8  6.4 6.1 1.5
5055820091027  8.8  0.4  0.009900-99.9-99.9-99.9-99.9 6.9 47 6.4 76  0.7   7  5.615.0 2.3
5055820091028  9.6  1.0  0.009900-99.9-99.9-99.9-99.9 5.4 37 6.6 74  1.0   8  6.413.1 2.3
5055820091029 10.3  2.0  0.009900-99.9-99.9-99.9-99.9 2.5 17 6.8 72  1.5   9  7.2 9.5 2.1
5055820091030  5.3 -2.2  0.519900-99.9-99.9-99.9-99.9 5.5 37 5.2 76 -2.2   4  3.213.5 1.9
5055820091031  8.6  0.4  0.009900-99.9-99.9-99.9-99.9 3.3 22 7.1 84  2.0   4  3.210.7 1.7
5055820091101  9.5  2.0  0.009900-99.9-99.9-99.9-99.9-9.9 99 7.0 76  1.9   7  5.6-9.9-9.9
5055820091102  9.6  2.6  0.519900-99.9-99.9-99.9-99.9 1.8 12 5.9 63 -0.4  10  8.0 8.9 2.3
5055820091103 10.3 -1.6  1.019900-99.9-99.9-99.9-99.9 3.0 20 5.7 68 -1.0  19 15.210.5 2.6
5055820091104  5.0 -3.4  0.519900-99.9-99.9-99.9-99.9 3.3 22 4.9 76 -2.9   8  6.411.0 1.8
5055820091105  6.8 -7.2  1.019900-99.9-99.9-99.9-99.9 5.3 35 3.8 63 -6.4  12  9.613.7 2.3
5055820091106  6.8 -2.0  0.009900-99.9-99.9-99.9-99.9 2.0 13 5.9 81 -0.5  10  8.0 9.4 1.7
5055820091107  8.6  1.0  0.519900-99.9-99.9-99.9-99.9 1.0  6 6.5 75  0.8   9  7.2 8.1 1.9
5055820091108-99.9  1.0  2.019900-99.9-99.9-99.9-99.9-9.9 99-9.9 74-99.9  22 17.6-9.9-9.9
5055820091109  3.3 -2.0  2.019900-99.9-99.9-99.9-99.9 6.0 39 5.1 79 -2.6  37 29.615.0 2.8
5055820091110-99.9 -1.0  2.019900-99.9-99.9-99.9-99.9 4.7 99-9.9 79-99.9   1  0.8-9.9-9.9
5055820091111  6.8-99.9  0.319900-99.9-99.9-99.9-99.9 2.4 99-9.9 66-99.9   7  5.6-9.9-9.9
5055820091112  3.8 -1.0  0.519900-99.9-99.9-99.9-99.9 8.0 51 5.5 82 -1.3   8  6.417.9 2.5
5055820091113  4.8 -4.0  0.009900-99.9-99.9-99.9-99.9 6.8 43 5.2 83 -2.1   5  4.016.4 2.2
5055820091114  8.3  0.2  0.009900-99.9-99.9-99.9-99.9 2.0 13 6.2 75  0.2   6  4.8 9.9 1.9
5055820091115  7.8  0.2  3.019900-99.9-99.9-99.9-99.9 6.9 43 6.5 80  0.9   3  2.416.7 2.5
5055820091116-99.9  0.2  2.019900-99.9-99.9-99.9-99.9 2.7 99-9.9 68-99.9   0  0.0-9.9-9.9
5055820091117  8.3  1.0  2.019900-99.9-99.9-99.9-99.9 4.4 27 5.4 63 -1.8   0  0.013.3 2.3
5055820091118 11.3  0.0  3.019900-99.9-99.9-99.9-99.9 9.2 57 6.0 66 -0.2  16 12.820.1 3.9
5055820091119 14.8  4.0  0.009900-99.9-99.9-99.9-99.9 5.5 34 7.3 62  2.5  20 16.015.0 4.1
5055820091120 10.0  2.0  0.009900-99.9-99.9-99.9-99.9 0.2  1 6.1 65 -0.1   1  0.8 7.7 1.8
5055820091121 10.8  4.0  0.009900-99.9-99.9-99.9-99.9 6.7 41 6.5 63  0.8  11  8.816.8 3.6
5055820091122  8.3  3.0  0.009900-99.9-99.9-99.9-99.9 5.3 32 5.7 62 -1.1  18 14.414.9 3.6
5055820091123  9.8  1.0  0.009900-99.9-99.9-99.9-99.9 8.4 51 4.9 55 -2.9  13 10.419.3 3.9
5055820091124 12.8  2.2  0.009900-99.9-99.9-99.9-99.9 4.6 28 6.0 58 -0.2  15 12.014.0 3.6
5055820091125 11.3  5.6  0.009900-99.9-99.9-99.9-99.9 7.2 44 5.9 53 -0.6   7  5.617.7 3.8
5055820091126 10.8  0.0  2.019900-99.9-99.9-99.9-99.9 6.3 38 5.7 63 -1.1  25 20.016.5 4.1
5055820091127  9.8  2.6  1.019900-99.9-99.9-99.9-99.9 5.7 34 6.4 67  0.5  21 16.815.7 3.7
5055820091128 14.8  3.8  0.009900-99.9-99.9-99.9-99.9 1.8 11 6.7 57  1.2  20 16.010.3 3.8
5055820091129  9.0  1.0  4.019900-99.9-99.9-99.9-99.9 5.2 31 5.0 57 -2.8  11  8.815.1 3.3
5055820091130  8.8 -3.0-99.999900-99.9-99.9-99.9-99.9-9.9 99 5.2 69 -2.2  17 13.6-9.9-9.9
5055820091201  4.3-99.9  4.019900-99.9-99.9-99.9-99.9 0.0 99-9.9 75-99.9   6  4.8-9.9-9.9
5055820091202  7.0  0.2  0.009900-99.9-99.9-99.9-99.9 1.0  6 5.6 71 -1.2  11  8.8 9.3 2.2
5055820091203 13.8  2.0  0.009900-99.9-99.9-99.9-99.9 5.5 33 6.0 56 -0.3  10  8.015.7 3.7
5055820091204 10.3  4.0  2.019900-99.9-99.9-99.9-99.9 6.8 40 6.1 60 -0.1  25 20.017.6 4.6
5055820091205 10.4  0.4  2.019900-99.9-99.9-99.9-99.9 0.0  0 7.0 78  1.9   9  7.2 7.9 1.9
5055820091206 10.3  6.0  0.009900-99.9-99.9-99.9-99.9 5.2 31 8.3 77  4.4   7  5.615.4 3.0
5055820091207 15.8  6.0  0.009900-99.9-99.9-99.9-99.9 0.3  2 9.5 73  6.3  18 14.4 8.4 2.9
5055820091208 15.8  7.0  0.009900-99.9-99.9-99.9-99.9 7.8 4610.0 74  6.9   6  4.819.1 4.0
5055820091209 13.3  2.4  0.009900-99.9-99.9-99.9-99.9 5.7 33 6.6 62  1.0  11  8.816.2 3.7
5055820091210 12.8  0.4  0.009900-99.9-99.9-99.9-99.9 6.2 36 5.3 54 -2.0  16 12.816.9 4.1
5055820091211 15.4  7.0  2.019900-99.9-99.9-99.9-99.9 3.5 20 8.5 64  4.6   4  3.213.0 3.1
5055820091212 16.8  7.0  0.009900-99.9-99.9-99.9-99.9 5.8 3410.2 73  7.2   5  4.016.4 3.6
5055820091213 12.8  0.6  1.019900-99.9-99.9-99.9-99.9 5.8 34 6.3 64  0.4   6  4.816.4 3.3
5055820091214 14.8  5.0  0.519900-99.9-99.9-99.9-99.9 3.7 22 8.9 73  5.3   7  5.613.4 3.0
5055820091215 15.4  4.0  0.009900-99.9-99.9-99.9-99.9 2.5 1510.0 83  7.0   6  4.811.7 2.5
5055820091216 18.8  8.0  0.519900-99.9-99.9-99.9-99.9 4.5 2612.0 78  9.6   6  4.814.6 3.4
5055820091217 14.8  4.0  0.009900-99.9-99.9-99.9-99.9 7.0 41 9.1 77  5.6   7  5.618.2 3.6
5055820091218 11.8  0.9  8.019900-99.9-99.9-99.9-99.9 0.0  0 6.9 72  1.7   6  4.8 8.1 2.0
5055820091219 11.2  2.6  0.519900-99.9-99.9-99.9-99.9 6.0 35 7.3 73  2.4   6  4.816.7 3.2
5055820091220 12.8  4.0  0.009900-99.9-99.9-99.9-99.9 0.0  0 7.2 65  2.2   6  4.8 8.1 2.3
5055820091221 14.8  4.0  3.019900-99.9-99.9-99.9-99.9 6.2 36 8.5 72  4.6   6  4.817.0 3.5
5055820091222 14.5  5.0  0.009900-99.9-99.9-99.9-99.9 6.8 39 9.2 76  5.7   8  6.417.9 3.7
5055820091223 13.4  2.0  3.019900-99.9-99.9-99.9-99.9 6.7 39 8.5 81  4.7   6  4.817.8 3.2
5055820091224 13.4-99.9-99.999900-99.9-99.9-99.9-99.9-9.9 99-9.9 75-99.9   6  4.8-9.9-9.9
5055820091225-99.9-99.9  0.009900-99.9-99.9-99.9-99.9-9.9 99-9.9 73-99.9  11  8.8-9.9-9.9
5055820091226 12.8  3.0  0.009900-99.9-99.9-99.9-99.9-9.9 99 9.4 88  6.0   6  4.8-9.9-9.9
5055820091227 11.8  0.2  1.019900-99.9-99.9-99.9-99.9 7.0 41 7.1 76  2.1   9  7.218.2 3.3
5055820091228  9.8  1.0  8.019900-99.9-99.9-99.9-99.9 0.9  5 7.4 83  2.7   8  6.4 9.4 2.0
5055820091229  8.8  1.0  4.019900-99.9-99.9-99.9-99.9 0.0  0 7.2 83  2.3   7  5.6 8.1 1.7
5055820091230 12.8  3.0  0.009900-99.9-99.9-99.9-99.9 4.8 28 7.9 74  3.6   6  4.815.0 3.0
5055820091231-99.9  4.0-99.999900-99.9-99.9-99.9-99.9-9.9 99-9.9 84-99.9   5  4.0-9.9-9.9
5055820100101-99.9-99.9-99.999900-99.9-99.9-99.9-99.9-9.9 99-9.9-99-99.9 -99-99.9-9.9-9.9
5055820100102 10.8  4.0  2.019900-99.9-99.9-99.9-99.9 0.0  0 8.1 79  4.0   6  4.8 8.0 1.9
5055820100103 15.8  4.0  0.009900-99.9-99.9-99.9-99.9 4.9 29 9.8 80  6.6   6  4.815.0 3.1
5055820100104 16.6  1.4  0.009900-99.9-99.9-99.9-99.9 3.9 23 8.8 77  5.2   7  5.613.6 2.9
5055820100105 14.8  4.0  0.009900-99.9-99.9-99.9-99.9 0.0  0 9.4 80  6.1   7  5.6 8.0 2.1
5055820100106 11.6  7.0  0.519900-99.9-99.9-99.9-99.9 1.7 10 9.7 83  6.6  14 11.210.4 2.5
5055820100107-99.9  6.0  2.019900-99.9-99.9-99.9-99.9-9.9 99-9.9 59-99.9   5  4.0-9.9-9.9
5055820100108 15.6  6.0 12.019900-99.9-99.9-99.9-99.9 4.1 24 8.4 65  4.5   2  1.613.7 3.0
5055820100109  9.6  4.6  4.019900-99.9-99.9-99.9-99.9-9.9 99 7.2 71  2.2   5  4.0-9.9-9.9
5055820100110  9.8  7.0 14.019900-99.9-99.9-99.9-99.9 0.0  0 8.0 73  3.8   4  3.2 7.8 2.0
5055820100111  8.8  6.0 11.019900-99.9-99.9-99.9-99.9 0.0  0 7.4 72  2.7   7  5.6 7.8 2.1
5055820100112 11.8  4.0  0.009900-99.9-99.9-99.9-99.9 0.0  0 8.5 80  4.7   6  4.8 7.8 1.9
5055820100113 12.8  6.0  1.019900-99.9-99.9-99.9-99.9 3.7 22 9.4 80  6.1  13 10.413.0 2.9
5055820100114 14.2  6.0-99.999900-99.9-99.9-99.9-99.9-9.9 99 9.1 74  5.7   9  7.2-9.9-9.9
5055820100115-99.9-99.9  0.009900-99.9-99.9-99.9-99.9-9.9 99-9.9 78-99.9   6  4.8-9.9-9.9
5055820100116 12.8  4.0  2.019900-99.9-99.9-99.9-99.9 7.8 47 9.5 86  6.2  10  8.018.7 3.4
5055820100117 10.2  4.0  0.519900-99.9-99.9-99.9-99.9 2.8 17 7.0 69  1.8   6  4.811.6 2.5
5055820100118 13.0  4.0  0.009900-99.9-99.9-99.9-99.9 0.8  5 9.0 81  5.4   6  4.8 8.7 2.0
5055820100119 12.8  3.0  3.019900-99.9-99.9-99.9-99.9 2.7 16 9.4 88  6.0   4  3.211.3 2.1
5055820100120 12.6  2.0  2.019900-99.9-99.9-99.9-99.9 3.3 20 7.1 69  2.0   6  4.812.1 2.6
5055820100121 13.8  2.0  0.009900-99.9-99.9-99.9-99.9 8.2 50 6.5 61  0.9   4  3.218.9 3.5
5055820100122 13.8  6.0  0.009900-99.9-99.9-99.9-99.9 6.7 41 6.3 52  0.5  27 21.616.8 5.4
5055820100123 12.3  4.0  6.019900-99.9-99.9-99.9-99.9 2.7 17 7.0 65  2.0   9  7.211.1 2.8
5055820100124 11.8  6.0  1.019900-99.9-99.9-99.9-99.9 4.8 30 9.6 84  6.3   8  6.414.0 2.7
5055820100125 13.8  5.0  3.019900-99.9-99.9-99.9-99.9 3.3 21 6.7 57  1.3  14 11.211.9 3.5
5055820100126 12.8  2.2  0.519900-99.9-99.9-99.9-99.9 7.8 49 6.2 60  0.2  15 12.018.0 4.0
5055820100127 14.3  4.0 18.019900-99.9-99.9-99.9-99.9 4.0 25 5.9 51 -0.4   9  7.212.7 3.4
5055820100128 11.0  7.0 16.019900-99.9-99.9-99.9-99.9 0.0  0 7.6 66  3.0  12  9.6 7.1 2.5
5055820100129  7.8  4.0  1.019900-99.9-99.9-99.9-99.9 0.8  5 6.5 70  0.9  22 17.6 8.2 2.7
5055820100130 10.8  1.0  3.019900-99.9-99.9-99.9-99.9 2.5 16 5.2 56 -2.2   9  7.210.5 2.7
5055820100131 13.6  4.8  0.009900-99.9-99.9-99.9-99.9 3.8 24 7.1 61  2.1  14 11.212.2 3.4
5055820100201 12.4  2.0-99.999900-99.9-99.9-99.9-99.9 3.0 19 6.2 61  0.2  10  8.011.0 2.8
5055820100202 10.8  1.0  1.019900-99.9-99.9-99.9-99.9 1.7 11 5.3 57 -2.0   2  1.6 9.2 2.0
5055820100203 10.8  0.0  2.019900-99.9-99.9-99.9-99.9 0.3  2 6.2 69  0.2   1  0.8 7.2 1.6
5055820100204  9.8  4.0  0.009900-99.9-99.9-99.9-99.9 7.8 51 6.3 63  0.4  21 16.817.3 4.0
5055820100205 11.8  2.8  0.009900-99.9-99.9-99.9-99.9 6.0 39 5.5 54 -1.4  11  8.814.8 3.4
5055820100206 11.8  6.0 15.019900-99.9-99.9-99.9-99.9 0.0  0 6.2 54  0.1  14 11.2 6.7 2.9
5055820100207-99.9  6.6  8.019900-99.9-99.9-99.9-99.9 0.0 99-9.9 67-99.9   9  7.2-9.9-9.9
5055820100208 14.3  5.0  5.019900-99.9-99.9-99.9-99.9 3.8 25 6.4 53  0.5  19 15.211.6 3.9
5055820100209 12.8  7.0  3.019900-99.9-99.9-99.9-99.9 3.8 25 7.2 59  2.3   6  4.811.5 2.8
5055820100210  9.8  5.6  2.019900-99.9-99.9-99.9-99.9 0.3  2 7.7 73  3.2   5  4.0 6.8 1.8
5055820100211 11.8  4.8  0.009900-99.9-99.9-99.9-99.9 7.7 52 6.1 56  0.0  17 13.616.5 4.0
5055820100212 13.8  5.0  0.009900-99.9-99.9-99.9-99.910.8 73 6.8 58  1.6   9  7.220.4 3.9
5055820100213 11.0  1.0  0.009900-99.9-99.9-99.9-99.9 6.2 42 5.7 61 -0.9   4  3.214.3 2.5
5055820100214  7.8  2.4  3.019900-99.9-99.9-99.9-99.9 8.3 57 6.4 73  0.7  11  8.816.9 2.8
5055820100215  8.8  2.0  0.009900-99.9-99.9-99.9-99.9 9.4 64 6.6 74  1.1  13 10.418.2 3.0
5055820100216 10.3  1.0  0.009900-99.9-99.9-99.9-99.9 4.4 30 5.7 62 -1.1  11  8.811.7 2.6
5055820100217 14.3 -1.0  0.009900-99.9-99.9-99.9-99.910.3 71 6.7 68  1.2  11  8.819.1 3.2
5055820100218 14.8  4.0  0.009900-99.9-99.9-99.9-99.9 4.2 29 7.4 63  2.7   0  0.011.3 2.1
5055820100219  9.4  4.0  0.009900-99.9-99.9-99.9-99.9 3.0 21 5.9 60 -0.5  21 16.8 9.7 3.1
5055820100220 12.8  2.0  0.009900-99.9-99.9-99.9-99.9-9.9 99 6.0 58 -0.3   6  4.8-9.9-9.9
5055820100221 10.3  1.0 12.019900-99.9-99.9-99.9-99.9 2.7 19 5.5 60 -1.5   0  0.0 9.1 1.7
5055820100222 10.8  3.0  0.519900-99.9-99.9-99.9-99.9 2.8 20 6.5 65  0.8   2  1.6 9.2 1.8
5055820100223-99.9  6.0  1.019900-99.9-99.9-99.9-99.9 5.7 99-9.9 65-99.9  31 24.8-9.9-9.9
5055820100224 13.3  2.6  0.009900-99.9-99.9-99.9-99.9 0.9  6 7.2 67  2.2   1  0.8 6.7 1.5
5055820100225 13.8  8.0  0.519900-99.9-99.9-99.9-99.9 1.4 10 7.4 57  2.7   3  2.4 7.2 2.0
5055820100226-99.9  8.0  0.009900-99.9-99.9-99.9-99.9 0.0 99-9.9 60-99.9   1  0.8-9.9-9.9
5055820100227 14.8  2.0  0.009900-99.9-99.9-99.9-99.9 9.0 66 8.7 79  5.0   3  2.416.2 2.4
5055820100228 13.8  7.2  0.009900-99.9-99.9-99.9-99.9-9.9 9910.2 80  7.2  11  8.8-9.9-9.9
5055820100301 13.0  3.0-99.999900-99.9-99.9-99.9-99.9-9.9 99 7.9 74  3.7  10  8.0-9.9-9.9
5055820100302-99.9-99.9  0.009900-99.9-99.9-99.9-99.9-9.9 99-9.9 72-99.9   7  5.6-9.9-9.9
5055820100303 14.8  4.0-99.999900-99.9-99.9-99.9-99.9-9.9 99 8.5 72  4.6   9  7.2-9.9-9.9
5055820100304 16.8-99.9  0.519900-99.9-99.9-99.9-99.9 8.5 99-9.9 74-99.9   7  5.6-9.9-9.9
5055820100305 14.6  7.9  0.009900-99.9-99.9-99.9-99.9 1.4 1110.3 77  7.4   3  2.4 6.6 1.6
5055820100306 18.8  6.0  0.009900-99.9-99.9-99.9-99.9 6.7 5111.8 82  9.4   6  4.812.5 2.2
5055820100307 13.6  8.0  3.019900-99.9-99.9-99.9-99.9 0.3  210.1 78  7.1   7  5.6 5.2 1.5
5055820100308 16.5  6.4  0.009900-99.9-99.9-99.9-99.9 7.3 56 8.5 63  4.7   9  7.213.0 2.7
5055820100309 14.8  2.2  0.009900-99.9-99.9-99.9-99.9 3.2 25 6.8 61  1.4   7  5.6 8.3 2.0
5055820100310 11.6  6.0  0.009900-99.9-99.9-99.9-99.9 5.3 41 8.9 79  5.4   5  4.010.5 1.7
5055820100311 10.8  4.0  0.519900-99.9-99.9-99.9-99.9 8.5 66 6.3 61  0.4  24 19.213.9 3.2
5055820100312  9.8  0.6 14.019900-99.9-99.9-99.9-99.9-9.9 99 5.1 58 -2.4  11  8.8-9.9-9.9
5055820100313  7.5  0.4 11.019900-99.9-99.9-99.9-99.9 0.0  0 5.9 73 -0.4   5  4.0 4.5 1.1
5055820100314  7.8  3.2  1.019900-99.9-99.9-99.9-99.9 0.7  6 7.6 84  3.0   8  6.4 5.1 1.1
5055820100315  8.8  2.0  3.019900-99.9-99.9-99.9-99.9 2.5 20 7.4 83  2.7   5  4.0 7.0 1.1
5055820100316 12.8  5.0  1.019900-99.9-99.9-99.9-99.9 7.2 58 8.2 72  4.1  12  9.611.8 2.1
5055820100317  8.3  0.0  0.009900-99.9-99.9-99.9-99.9 6.8 55 5.4 66 -1.6  18 14.411.3 2.1
5055820100318 10.2  1.8  0.009900-99.9-99.9-99.9-99.9 3.2 26 6.4 68  0.6  10  8.0 7.4 1.6
5055820100319 11.6 -1.0  0.009900-99.9-99.9-99.9-99.9-9.9 99 7.6 85  3.0   2  1.6-9.9-9.9
5055820100320 10.8  1.6  0.009900-99.9-99.9-99.9-99.9 2.8 23 6.1 64 -0.1  20 16.0 6.8 2.2
5055820100321 11.3  0.0-99.999900-99.9-99.9-99.9-99.9 2.6 22 6.6 72  1.0   6  4.8 6.5 1.3
5055820100322  9.8  4.0  3.019900-99.9-99.9-99.9-99.9 1.1  9 6.8 68  1.4   2  1.6 5.0 1.1
5055820100323  8.4  2.4  0.009900-99.9-99.9-99.9-99.9 2.3 19 7.2 80  2.2   4  3.2 6.1 1.0
5055820100324  6.6 -2.0  5.019900-99.9-99.9-99.9-99.9 0.0  0 5.6 78 -1.1   5  4.0 3.8 0.9
5055820100325  8.8 -2.0  4.019900-99.9-99.9-99.9-99.9-9.9 99 6.5 84  1.0   6  4.8-9.9-9.9
5055820100326  8.3  1.0  2.019900-99.9-99.9-99.9-99.9 0.0  0 6.2 73  0.2   2  1.6 3.6 0.9
5055820100327 13.3  6.0  0.519900-99.9-99.9-99.9-99.9 7.4 64 8.2 68  4.0   1  0.810.5 1.3
5055820100328  8.8  1.8  0.009900-99.9-99.9-99.9-99.9 7.5 65 6.9 78  1.8   7  5.610.5 1.1
5055820100329  9.8 -4.0  0.009900-99.9-99.9-99.9-99.9 0.0  0 6.2 82  0.1   2  1.6 3.5 0.7
5055820100330 12.8 -2.0  0.009900-99.9-99.9-99.9-99.9 4.7 41 7.3 81  2.4   0  0.0 7.7 0.8
5055820100331 13.8  1.0  1.019900-99.9-99.9-99.9-99.9 5.5 49 7.3 71  2.5   1  0.8 8.3 1.0
5055820100401  8.8  4.0 10.019900-99.9-99.9-99.9-99.9 0.0  0 7.1 74  2.1   0  0.0 3.3 0.8
5055820100402  8.6  2.0  0.009900-99.9-99.9-99.9-99.9 5.2 47 6.9 77  1.6   4  3.2 7.8 0.9
5055820100403  8.8 -4.6  2.019900-99.9-99.9-99.9-99.9-9.9 99 5.7 80 -1.0   2  1.6-9.9-9.9
5055820100404 11.8  3.0  0.009900-99.9-99.9-99.9-99.9 1.2 11 8.1 79  4.0   3  2.4 4.1 0.8
5055820100405 12.3 -1.6  1.019900-99.9-99.9-99.9-99.9 1.2 11 6.7 75  1.3   1  0.8 4.1 0.7
5055820100406 11.8  4.0  0.009900-99.9-99.9-99.9-99.9 0.6  6 8.2 77  4.1   2  1.6 3.5 0.8
5055820100407-99.9 -1.0  0.009900-99.9-99.9-99.9-99.9 5.4 99-9.9 64-99.9   3  2.4-9.9-9.9
5055820100408  9.8 -1.0  0.009900-99.9-99.9-99.9-99.9 4.5 42 7.0 84  1.9   3  2.4 6.5 0.6
5055820100409 12.8 -1.8  0.519900-99.9-99.9-99.9-99.9 6.8 64 7.9 87  3.5   3  2.4 8.3 0.5
5055820100410 10.6  6.0  1.019900-99.9-99.9-99.9-99.9 0.0  0 8.5 78  4.7   2  1.6 2.8 0.7
5055820100411 10.3  2.0  0.009900-99.9-99.9-99.9-99.9 2.1 20 6.8 72  1.5   0  0.0 4.4 0.6
5055820100412  9.8  2.2  0.009900-99.9-99.9-99.9-99.9 6.4 61 5.7 61 -0.9   0  0.0 7.6 0.6
5055820100413-99.9 -2.0  1.019900-99.9-99.9-99.9-99.9 0.7 99-9.9 75-99.9   8  6.4-9.9-9.9
5055820100414 13.8  3.0  0.009900-99.9-99.9-99.9-99.9 5.8 56 7.7 70  3.3   6  4.8 6.9 0.8
5055820100415 13.6  3.0-99.999900-99.9-99.9-99.9-99.9-9.9 99 7.8 71  3.4   6  4.8-9.9-9.9
5055820100416-99.9-99.9  0.519900-99.9-99.9-99.9-99.9 2.8 99-9.9 88-99.9   0  0.0-9.9-9.9
5055820100417  6.8  0.0  0.009900-99.9-99.9-99.9-99.9 7.2 71 5.4 69 -1.7   7  5.6 7.6 0.6
5055820100418  6.3 -2.8  0.009900-99.9-99.9-99.9-99.9 5.2 52 5.2 75 -2.2   1  0.8 6.1 0.3
5055820100419  5.3 -6.8  0.519900-99.9-99.9-99.9-99.9 3.5 35 4.9 84 -3.1   3  2.4 4.8 0.3
5055820100420  5.2 -5.0  1.019900-99.9-99.9-99.9-99.9 4.8 49 4.8 78 -3.3   4  3.2 5.6 0.3
5055820100421  4.2 -7.8  0.519900-99.9-99.9-99.9-99.9 0.0  0 4.3 80 -4.8   4  3.2 2.2 0.4
5055820100422  3.2 -3.0  0.009900-99.9-99.9-99.9-99.9 0.6  6 5.1 83 -2.4   6  4.8 2.6 0.4
5055820100423  8.4  2.6  0.009900-99.9-99.9-99.9-99.9 0.0  0 6.2 69  0.3   1  0.8 2.1 0.6
5055820100424  8.4 -0.4  0.009900-99.9-99.9-99.9-99.9 0.0  0 5.1 63 -2.4  27 21.6 2.1 1.9
5055820100425  9.8 -1.0  1.019900-99.9-99.9-99.9-99.9 0.0  0 6.8 81  1.4   4  3.2 2.0 0.5
5055820100426  7.3  3.6  0.009900-99.9-99.9-99.9-99.9 1.2 13 6.3 70  0.4  19 15.2 2.8 1.3
5055820100427  7.0  0.4  0.009900-99.9-99.9-99.9-99.9 4.5 48 6.5 81  0.7  13 10.4 4.8 0.5
5055820100428  8.8  3.0  0.519900-99.9-99.9-99.9-99.9 3.7 40 6.4 69  0.7   6  4.8 4.2 0.6
5055820100429  9.8 -0.2  4.019900-99.9-99.9-99.9-99.9 0.0  0 6.2 72  0.2  10  8.0 1.9 0.9
5055820100430  9.8  2.0  6.019900-99.9-99.9-99.9-99.9 0.0  0 7.3 79  2.5   5  4.0 1.8 0.6
5055820100501  6.6  2.0  0.519900-99.9-99.9-99.9-99.9 0.1  1 6.9 83  1.7   4  3.2 1.8 0.4
5055820100502  6.6  1.4  2.019900-99.9-99.9-99.9-99.9-9.9 99 6.3 78  0.5   8  6.4-9.9-9.9
5055820100503  6.6 -0.6  0.009900-99.9-99.9-99.9-99.9 2.5 28 6.0 79 -0.3   2  1.6 3.2 0.3
5055820100504  5.4 -1.0  1.019900-99.9-99.9-99.9-99.9 0.0  0 5.4 75 -1.8   1  0.8 1.7 0.4
5055820100505-99.9  3.0  0.009900-99.9-99.9-99.9-99.9 0.0 99-9.9 85-99.9   9  7.2-9.9-9.9
5055820100506  5.6  1.4  0.009900-99.9-99.9-99.9-99.9 0.0  0 6.4 82  0.7   4  3.2 1.6 0.4
5055820100507 10.2 -3.4  0.009900-99.9-99.9-99.9-99.9 0.0  0 5.7 73 -1.0   3  2.4 1.6 0.5
5055820100508  9.8 -1.4  0.009900-99.9-99.9-99.9-99.9 1.5 17 6.7 81  1.2   3  2.4 2.3 0.3
5055820100509  9.8  1.0  0.009900-99.9-99.9-99.9-99.9 0.9 10 6.2 69  0.2   1  0.8 2.0 0.4
5055820100510  6.3 -1.4  1.019900-99.9-99.9-99.9-99.9 0.0  0 5.3 73 -1.9   0  0.0 1.5 0.4
5055820100511  6.3  1.6 16.019900-99.9-99.9-99.9-99.9 0.0  0 6.2 77  0.3   0  0.0 1.4 0.3
5055820100512  5.8  2.0  2.019900-99.9-99.9-99.9-99.9 0.8  9 6.5 80  0.8   3  2.4 1.8 0.3
5055820100513  5.8 -2.6  0.009900-99.9-99.9-99.9-99.9-9.9 99 5.6 82 -1.1   3  2.4-9.9-9.9
5055820100514  8.2 -1.0  1.019900-99.9-99.9-99.9-99.9 5.6 67 6.6 84  1.2   2  1.6 4.1 0.2
5055820100515  5.4 -4.0  2.019900-99.9-99.9-99.9-99.9 0.0  0 5.3 82 -2.0   2  1.6 1.3 0.3
5055820100516  8.8 -0.4  0.009900-99.9-99.9-99.9-99.9 5.8 70 6.1 74  0.0   0  0.0 4.1 0.3
5055820100517-99.9 -1.0  0.009900-99.9-99.9-99.9-99.9 0.9 99-9.9 76-99.9   1  0.8-9.9-9.9
5055820100518  6.2 -2.0  0.519900-99.9-99.9-99.9-99.9 0.0  0 6.3 88  0.3   4  3.2 1.2 0.2
5055820100519  5.0 -1.0-99.999900-99.9-99.9-99.9-99.9-9.9 99 5.9 84 -0.4   3  2.4-9.9-9.9
5055820100520-99.9-99.9  0.009900-99.9-99.9-99.9-99.9 0.0 99-9.9 86-99.9   4  3.2-9.9-9.9
5055820100521-99.9-99.9-99.999900-99.9-99.9-99.9-99.9-9.9 99-9.9 75-99.9   0  0.0-9.9-9.9
5055820100522  4.8-99.9  2.019900-99.9-99.9-99.9-99.9 3.3 99-9.9 80-99.9   5  4.0-9.9-9.9
5055820100523  4.8 -1.0  2.019900-99.9-99.9-99.9-99.9 0.3  4 5.7 82 -0.8   2  1.6 1.3 0.2
5055820100524  5.2 -2.0  3.019900-99.9-99.9-99.9-99.9 0.0  0 5.3 78 -1.8   4  3.2 1.1 0.3
5055820100525  3.8 -2.4  0.009900-99.9-99.9-99.9-99.9 4.9 63 5.0 78 -2.7   8  6.4 3.2 0.4
5055820100526  5.2 -4.0  0.009900-99.9-99.9-99.9-99.9 1.9 25 4.9 76 -3.1   1  0.8 1.9 0.3
5055820100527  7.2  4.4  8.019900-99.9-99.9-99.9-99.9 0.0  0 5.6 61 -1.1  29 23.2 1.0 2.1
5055820100528  4.8  0.0  2.019900-99.9-99.9-99.9-99.9 0.0  0 5.5 76 -1.4   6  4.8 1.0 0.4
5055820100529  3.0 -2.0  3.019900-99.9-99.9-99.9-99.9 0.0  0 5.4 86 -1.6  11  8.8 1.0 0.3
5055820100530  2.4 -4.4  0.009900-99.9-99.9-99.9-99.9 0.0  0 4.9 87 -2.9   4  3.2 1.0 0.2
5055820100531  4.8 -5.0  0.009900-99.9-99.9-99.9-99.9 0.0  0 5.0 83 -2.6   2  1.6 1.0 0.2
5055820100601  5.6 -2.0  1.019900-99.9-99.9-99.9-99.9 0.0  0 5.8 83 -0.8   2  1.6 1.0 0.2
5055820100602-99.9 -1.0  0.009900-99.9-99.9-99.9-99.9 0.0 99-9.9 78-99.9   0  0.0-9.9-9.9
5055820100603  1.8 -6.0  0.009900-99.9-99.9-99.9-99.9 0.0  0 4.4 84 -4.4   0  0.0 0.9 0.1
5055820100604  4.8 -5.8  6.019900-99.9-99.9-99.9-99.9 0.0  0 4.9 83 -3.0   1  0.8 0.9 0.2
5055820100605  4.8 -5.4  2.019900-99.9-99.9-99.9-99.9 0.0  0 5.0 83 -2.8   4  3.2 0.9 0.2
5055820100606  3.8-99.9  0.009900-99.9-99.9-99.9-99.9 0.0 99-9.9 85-99.9   3  2.4-9.9-9.9
5055820100607  2.6 -3.6  0.009900-99.9-99.9-99.9-99.9 0.0  0 5.2 88 -2.2   4  3.2 0.9 0.2
5055820100608  0.8 -5.4  0.009900-99.9-99.9-99.9-99.9 0.0  0 4.3 84 -4.6   2  1.6 0.9 0.2
5055820100609  3.0 -4.4  0.009900-99.9-99.9-99.9-99.9 0.0  0 4.6 80 -3.7   4  3.2 0.9 0.3
5055820100610  5.8 -4.0  0.009900-99.9-99.9-99.9-99.9 0.0  0 5.0 76 -2.8   0  0.0 0.9 0.2
5055820100611  2.8 -5.8  0.009900-99.9-99.9-99.9-99.9-9.9 99 4.1 74 -5.5   0  0.0-9.9-9.9
5055820100612  2.8 -1.6  0.009900-99.9-99.9-99.9-99.9-9.9 99 5.3 83 -1.9   1  0.8-9.9-9.9
5055820100613  2.3 -2.0  0.009900-99.9-99.9-99.9-99.9-9.9 99 4.4 72 -4.3  10  8.0-9.9-9.9
5055820100614  0.8 -6.0  0.519900-99.9-99.9-99.9-99.9-9.9 99 3.6 71 -7.1   4  3.2-9.9-9.9
5055820100615 -1.4-10.0  0.009900-99.9-99.9-99.9-99.9-9.9 99 6.4 77  0.6   1  0.8-9.9-9.9
5055820100616 -1.4-12.0  2.019900-99.9-99.9-99.9-99.9-9.9 99 6.4 72  0.7   4  3.2-9.9-9.9
5055820100617  2.6 -3.8  6.019900-99.9-99.9-99.9-99.9-9.9 99 4.5 77 -4.1   8  6.4-9.9-9.9
5055820100618-99.9 -1.2  3.019900-99.9-99.9-99.9-99.9-9.9 99-9.9 76-99.9  24 19.2-9.9-9.9
5055820100619 -0.2 -6.0  3.019900-99.9-99.9-99.9-99.9-9.9 99 3.8 78 -6.4  13 10.4-9.9-9.9
5055820100620  0.0 -6.4  0.009900-99.9-99.9-99.9-99.9-9.9 99 3.7 76 -6.8   6  4.8-9.9-9.9
5055820100621 -7.9-13.0  0.519900-99.9-99.9-99.9-99.9-9.9 99 4.8 66 -3.1   2  1.6-9.9-9.9
5055820100622  0.4-10.2  8.019900-99.9-99.9-99.9-99.9-9.9 99 6.7 75  1.2   1  0.8-9.9-9.9
5055820100623  3.2  0.0  3.019900-99.9-99.9-99.9-99.9-9.9 99 5.3 77 -2.0   1  0.8-9.9-9.9
5055820100624  1.6 -2.2  0.009900-99.9-99.9-99.9-99.9-9.9 99 4.4 73 -4.5   3  2.4-9.9-9.9
5055820100625  0.4 -6.6  0.009900-99.9-99.9-99.9-99.9-9.9 99 3.9 81 -5.9   2  1.6-9.9-9.9
5055820100626  2.6 -1.0  0.009900-99.9-99.9-99.9-99.9-9.9 99 5.8 90 -0.6   3  2.4-9.9-9.9
5055820100627  2.6 -3.0  0.519900-99.9-99.9-99.9-99.9-9.9 99 5.2 87 -2.1   3  2.4-9.9-9.9
5055820100628  2.8 -3.0  6.019900-99.9-99.9-99.9-99.9-9.9 99 5.2 86 -2.2   4  3.2-9.9-9.9
5055820100629  2.3 -0.4  0.009900-99.9-99.9-99.9-99.9-9.9 99 5.1 78 -2.4  25 20.0-9.9-9.9
5055820100630  3.4 -1.8  0.519900-99.9-99.9-99.9-99.9-9.9 99 5.5 85 -1.4   5  4.0-9.9-9.9
5055820100701  2.8 -4.0  1.019900-99.9-99.9-99.9-99.9-9.9 99 4.8 82 -3.3   1  0.8-9.9-9.9
5055820100702  1.0 -3.0-99.999900-99.9-99.9-99.9-99.9-9.9 99 5.0 88 -2.7   0  0.0-9.9-9.9
5055820100703  2.6-99.9  0.009900-99.9-99.9-99.9-99.9-9.9 99-9.9 84-99.9   2  1.6-9.9-9.9
5055820100704 -0.2-10.8  0.009900-99.9-99.9-99.9-99.9-9.9 99 6.6 74  1.0   3  2.4-9.9-9.9
5055820100705 -1.0 -8.4  0.009900-99.9-99.9-99.9-99.9-9.9 99 3.6 84 -7.0   1  0.8-9.9-9.9
5055820100706  1.4-13.0 13.019900-99.9-99.9-99.9-99.9-9.9 99 7.3 72  2.5   1  0.8-9.9-9.9
5055820100707  2.8 -2.0  0.519900-99.9-99.9-99.9-99.9-9.9 99 5.3 85 -1.8   3  2.4-9.9-9.9
5055820100708  1.8 -2.4  0.009900-99.9-99.9-99.9-99.9-9.9 99 4.8 81 -3.2   2  1.6-9.9-9.9
5055820100709  1.4 -4.0  0.009900-99.9-99.9-99.9-99.9-9.9 99 4.6 82 -4.0   2  1.6-9.9-9.9
5055820100710 -0.4 -6.0  0.009900-99.9-99.9-99.9-99.9-9.9 99 4.1 84 -5.5   3  2.4-9.9-9.9
5055820100711 -2.2 -6.4  0.009900-99.9-99.9-99.9-99.9-9.9 99 3.7 83 -6.7   0  0.0-9.9-9.9
5055820100712  5.0 -4.4-99.999900-99.9-99.9-99.9-99.9-9.9 99 4.7 75 -3.6   1  0.8-9.9-9.9
5055820100713  4.4-99.9  0.009900-99.9-99.9-99.9-99.9-9.9 99-9.9 76-99.9   5  4.0-9.9-9.9
5055820100714  2.2 -3.4  0.009900-99.9-99.9-99.9-99.9-9.9 99 4.8 82 -3.3   1  0.8-9.9-9.9
5055820100715  3.8 -3.6  1.019900-99.9-99.9-99.9-99.9-9.9 99 5.4 88 -1.6   2  1.6-9.9-9.9
5055820100716  3.8 -2.0  0.519900-99.9-99.9-99.9-99.9-9.9 99 5.4 83 -1.7   2  1.6-9.9-9.9
5055820100717  2.6 -5.4  1.019900-99.9-99.9-99.9-99.9-9.9 99 4.8 87 -3.3   1  0.8-9.9-9.9
5055820100718-99.9  1.0  0.009900-99.9-99.9-99.9-99.9-9.9 99-9.9 86-99.9   4  3.2-9.9-9.9
5055820100719  3.8 -2.4  0.009900-99.9-99.9-99.9-99.9-9.9 99 5.6 87 -1.2   4  3.2-9.9-9.9
5055820100720 -0.2 -7.6  0.009900-99.9-99.9-99.9-99.9-9.9 99 3.6 79 -7.0   3  2.4-9.9-9.9
5055820100721 -0.4 -7.0  0.009900-99.9-99.9-99.9-99.9-9.9 99 3.8 81 -6.5   3  2.4-9.9-9.9
5055820100722  3.0 -3.6  1.019900-99.9-99.9-99.9-99.9-9.9 99 4.7 78 -3.7   1  0.8-9.9-9.9
5055820100723  4.0 -3.0  0.519900-99.9-99.9-99.9-99.9-9.9 99 4.3 68 -4.7   6  4.8-9.9-9.9
5055820100724  2.8 -3.0  3.019900-99.9-99.9-99.9-99.9-9.9 99 5.0 82 -2.8   4  3.2-9.9-9.9
5055820100725  3.4 -0.8  0.009900-99.9-99.9-99.9-99.9-9.9 99 5.7 85 -0.9   5  4.0-9.9-9.9
5055820100726  3.0 -4.6  0.009900-99.9-99.9-99.9-99.9-9.9 99 4.6 80 -3.8   5  4.0-9.9-9.9
5055820100727  1.8 -5.0  0.009900-99.9-99.9-99.9-99.9-9.9 99 4.8 89 -3.2   3  2.4-9.9-9.9
5055820100728  4.4 -4.6  0.009900-99.9-99.9-99.9-99.9-9.9 99 4.5 74 -4.2   6  4.8-9.9-9.9
5055820100729  4.4 -4.0  0.009900-99.9-99.9-99.9-99.9-9.9 99 5.3 85 -2.0   2  1.6-9.9-9.9
5055820100730  1.0 -9.4  3.019900-99.9-99.9-99.9-99.9-9.9 99 3.0 68 -9.2   4  3.2-9.9-9.9
5055820100731-99.9 -5.0  0.009900-99.9-99.9-99.9-99.9-9.9 99-9.9 76-99.9  19 15.2-9.9-9.9
5055820100801  2.8 -2.4  0.009900-99.9-99.9-99.9-99.9-9.9 99 5.5 88 -1.5   8  6.4-9.9-9.9
5055820100802  3.2 -7.0  0.009900-99.9-99.9-99.9-99.9-9.9 99 4.5 84 -4.2   7  5.6-9.9-9.9
5055820100803  5.8  0.6  0.009900-99.9-99.9-99.9-99.9-9.9 99 5.6 73 -1.2   2  1.6-9.9-9.9
5055820100804  4.6  1.0  0.009900-99.9-99.9-99.9-99.9-9.9 99 6.4 86  0.7   3  2.4-9.9-9.9
5055820100805  4.6 -5.0  0.009900-99.9-99.9-99.9-99.9-9.9 99 4.9 81 -3.1   2  1.6-9.9-9.9
5055820100806  5.8 -5.2  0.009900-99.9-99.9-99.9-99.9-9.9 99 4.9 79 -2.9   1  0.8-9.9-9.9
5055820100807  5.8 -5.0  0.009900-99.9-99.9-99.9-99.9-9.9 99 5.4 86 -1.7   4  3.2-9.9-9.9
5055820100808-99.9 -3.0  2.019900-99.9-99.9-99.9-99.9-9.9 99-9.9 88-99.9   6  4.8-9.9-9.9
5055820100809  4.2 -4.0  0.519900-99.9-99.9-99.9-99.9-9.9 99 5.6 91 -1.2  14 11.2-9.9-9.9
5055820100810  5.6 -3.0  0.009900-99.9-99.9-99.9-99.9-9.9 99 5.6 84 -1.1  10  8.0-9.9-9.9
5055820100811  3.7 -2.1  3.019900-99.9-99.9-99.9-99.9-9.9 99 5.3 82 -1.9  10  8.0-9.9-9.9
5055820100812  4.8 -1.5  0.009900-99.9-99.9-99.9-99.9-9.9 99 5.9 86 -0.4   6  4.8-9.9-9.9
5055820100813  4.8  0.0-99.999900-99.9-99.9-99.9-99.9-9.9 99 6.5 89  0.8   2  1.6-9.9-9.9
5055820100814  6.8-99.9  0.009900-99.9-99.9-99.9-99.9-9.9 99-9.9 75-99.9   1  0.8-9.9-9.9
5055820100815  2.6 -2.8  0.009900-99.9-99.9-99.9-99.9-9.9 99 5.2 86 -2.2   0  0.0-9.9-9.9
5055820100816  4.6 -0.6  0.009900-99.9-99.9-99.9-99.9-9.9 99 5.2 74 -2.1   1  0.8-9.9-9.9
5055820100817  2.8 -1.0  0.519900-99.9-99.9-99.9-99.9-9.9 99 5.9 91 -0.4   4  3.2-9.9-9.9
5055820100818  2.0 -0.6  0.009900-99.9-99.9-99.9-99.9-9.9 99 5.8 90 -0.7   4  3.2-9.9-9.9
5055820100819  2.8  0.8 20.019900-99.9-99.9-99.9-99.9-9.9 99 6.4 92  0.6   0  0.0-9.9-9.9
5055820100820  4.8  2.0  1.019900-99.9-99.9-99.9-99.9-9.9 99 6.3 81  0.5   4  3.2-9.9-9.9
5055820100821  3.8 -4.2-99.999900-99.9-99.9-99.9-99.9-9.9 99 5.0 83 -2.7   1  0.8-9.9-9.9
5055820100822-99.9-99.9  0.009900-99.9-99.9-99.9-99.9-9.9 99-9.9 84-99.9   6  4.8-9.9-9.9
5055820100823  5.0 -2.8-99.999900-99.9-99.9-99.9-99.9-9.9 99 5.2 78 -2.3   6  4.8-9.9-9.9
5055820100824  6.3-99.9  0.009900-99.9-99.9-99.9-99.9-9.9 99-9.9 70-99.9  11  8.8-9.9-9.9
5055820100825  6.0 -4.0  1.019900-99.9-99.9-99.9-99.9-9.9 99 4.9 74 -3.1  15 12.0-9.9-9.9
5055820100826  5.3 -2.4-99.999900-99.9-99.9-99.9-99.9-9.9 99 5.2 76 -2.3   2  1.6-9.9-9.9
5055820100827  3.3-99.9  0.009900-99.9-99.9-99.9-99.9-9.9 99-9.9 77-99.9   9  7.2-9.9-9.9
5055820100828  4.0 -2.0-99.999900-99.9-99.9-99.9-99.9-9.9 99 4.4 67 -4.4  14 11.2-9.9-9.9
5055820100829-99.9-99.9  0.009900-99.9-99.9-99.9-99.9-9.9 99-9.9 80-99.9   0  0.0-9.9-9.9
5055820100830  2.3-99.9  5.019900-99.9-99.9-99.9-99.9-9.9 99-9.9 77-99.9   5  4.0-9.9-9.9
5055820100831  3.3 -2.0  2.019900-99.9-99.9-99.9-99.9-9.9 99 4.5 71 -4.0   5  4.0-9.9-9.9
5055820100901  4.3 -4.0  4.019900-99.9-99.9-99.9-99.9-9.9 99 4.5 73 -4.1   0  0.0-9.9-9.9
5055820100902 10.3  2.0  0.009900-99.9-99.9-99.9-99.9-9.9 99 6.7 71  1.3   9  7.2-9.9-9.9
5055820100903  6.8 -0.6  0.009900-99.9-99.9-99.9-99.9-9.9 99 4.7 61 -3.7  10  8.0-9.9-9.9
5055820100904  4.8 -1.0  4.019900-99.9-99.9-99.9-99.9-9.9 99 5.2 74 -2.2  15 12.0-9.9-9.9
5055820100905  0.8 -3.0  7.019900-99.9-99.9-99.9-99.9-9.9 99 4.6 81 -3.9   6  4.8-9.9-9.9
5055820100906  2.3 -4.0-99.999900-99.9-99.9-99.9-99.9-9.9 99 4.4 77 -4.4  12  9.6-9.9-9.9
5055820100907  4.6-99.9  0.009900-99.9-99.9-99.9-99.9-9.9 99-9.9 68-99.9   4  3.2-9.9-9.9
5055820100908  3.3 -6.0-99.999900-99.9-99.9-99.9-99.9-9.9 99 4.4 80 -4.3   0  0.0-9.9-9.9
5055820100909  6.7-99.9  0.519900-99.9-99.9-99.9-99.9-9.9 99-9.9 81-99.9   1  0.8-9.9-9.9
5055820100910  5.4  0.6  0.009900-99.9-99.9-99.9-99.9-9.9 99 6.4 84  0.6   1  0.8-9.9-9.9
5055820100911-99.9 -2.0  0.009900-99.9-99.9-99.9-99.9-9.9 99-9.9 88-99.9   3  2.4-9.9-9.9
5055820100912  5.8 -1.8  0.009900-99.9-99.9-99.9-99.9-9.9 99 5.4 76 -1.8   1  0.8-9.9-9.9
5055820100913  6.8 -2.0  3.019900-99.9-99.9-99.9-99.9-9.9 99 5.4 74 -1.8   1  0.8-9.9-9.9
5055820100914  5.0  0.4  0.009900-99.9-99.9-99.9-99.9-9.9 99 5.9 80 -0.4   1  0.8-9.9-9.9
5055820100915  7.4 -1.0  2.019900-99.9-99.9-99.9-99.9-9.9 99 6.5 85  0.9   4  3.2-9.9-9.9
5055820100916  7.3  2.0  0.009900-99.9-99.9-99.9-99.9-9.9 99 6.1 72  0.0  13 10.4-9.9-9.9
5055820100917  7.8 -2.0  0.009900-99.9-99.9-99.9-99.9-9.9 99 6.0 80 -0.2   6  4.8-9.9-9.9
5055820100918 10.2  0.6-99.999900-99.9-99.9-99.9-99.9-9.9 99 6.5 72  0.8  13 10.4-9.9-9.9
5055820100919-99.9-99.9  0.009900-99.9-99.9-99.9-99.9-9.9 99-9.9 74-99.9   4  3.2-9.9-9.9
5055820100920  9.8  1.0  2.019900-99.9-99.9-99.9-99.9-9.9 99 6.8 76  1.5   3  2.4-9.9-9.9
5055820100921  5.3  0.0  0.009900-99.9-99.9-99.9-99.9-9.9 99 5.5 74 -1.5   6  4.8-9.9-9.9
5055820100922  6.6 -1.0  0.009900-99.9-99.9-99.9-99.9-9.9 99 5.5 73 -1.6   4  3.2-9.9-9.9
5055820100923  8.3  0.8  1.019900-99.9-99.9-99.9-99.9-9.9 99 5.7 68 -0.8  18 14.4-9.9-9.9
5055820100924  8.3 -0.4  0.009900-99.9-99.9-99.9-99.9-9.9 99 5.6 69 -1.2  13 10.4-9.9-9.9
5055820100925  8.4  1.8  0.009900-99.9-99.9-99.9-99.9-9.9 99 7.2 82  2.3   8  6.4-9.9-9.9
5055820100926  9.6 -1.0  0.009900-99.9-99.9-99.9-99.9-9.9 99 6.5 78  0.8   2  1.6-9.9-9.9
5055820100927  9.8  1.6  0.009900-99.9-99.9-99.9-99.9-9.9 99 7.4 81  2.7   1  0.8-9.9-9.9
5055820100928  9.8 -1.2  0.009900-99.9-99.9-99.9-99.9-9.9 99 5.2 63 -2.1  10  8.0-9.9-9.9
5055820100929  9.8  1.0  0.009900-99.9-99.9-99.9-99.9-9.9 99 5.8 65 -0.6  11  8.8-9.9-9.9
5055820100930  9.3 -2.8  0.009900-99.9-99.9-99.9-99.9-9.9 99 5.3 69 -1.9  14 11.2-9.9-9.9
5055820101001-99.9  1.0-99.999900-99.9-99.9-99.9-99.9-9.9 99-9.9 78-99.9  11  8.8-9.9-9.9
5055820101002  3.2-99.9  2.019900-99.9-99.9-99.9-99.9-9.9 99-9.9 88-99.9   3  2.4-9.9-9.9
5055820101003  7.8 -0.8  0.519900-99.9-99.9-99.9-99.9-9.9 99 6.8 87  1.5   4  3.2-9.9-9.9
5055820101004  7.8 -4.2  0.009900-99.9-99.9-99.9-99.9-9.9 99 4.4 63 -4.5   3  2.4-9.9-9.9
5055820101005 11.8 -2.0  0.519900-99.9-99.9-99.9-99.9-9.9 99 7.2 83  2.3   4  3.2-9.9-9.9
5055820101006 10.0  2.0  2.019900-99.9-99.9-99.9-99.9-9.9 99 7.1 76  2.1   4  3.2-9.9-9.9
5055820101007  7.8 -3.0  1.019900-99.9-99.9-99.9-99.9-9.9 99 6.3 87  0.5   4  3.2-9.9-9.9
5055820101008 12.2 -2.0  0.519900-99.9-99.9-99.9-99.9-9.9 99 7.0 80  1.9   6  4.8-9.9-9.9
5055820101009 11.8  5.6-99.999900-99.9-99.9-99.9-99.9-9.9 99 8.4 75  4.5  30 24.0-9.9-9.9
5055820101010-99.9-99.9  0.009900-99.9-99.9-99.9-99.9-9.9 99-9.9 87-99.9   4  3.2-9.9-9.9
5055820101011 10.2  1.7  0.009900-99.9-99.9-99.9-99.9-9.9 99 7.9 85  3.6   5  4.0-9.9-9.9
5055820101012  9.8  2.0  0.009900-99.9-99.9-99.9-99.9-9.9 99 7.4 80  2.7   9  7.2-9.9-9.9
5055820101013  9.8 -2.4-99.999900-99.9-99.9-99.9-99.9-9.9 99 6.5 81  0.7   6  4.8-9.9-9.9
5055820101014-99.9-99.9-99.999900-99.9-99.9-99.9-99.9-9.9 99-9.9 85-99.9   0  0.0-9.9-9.9
5055820230225 26.1  9.8  0.009999-99.9-99.9-99.9-99.9 8.8 6316.0 78 14.1   3  2.416.2 3.4
5055820230226 28.5 10.9  0.009999-99.9-99.9-99.9-99.9 9.3 6715.8 69 13.8   6  4.816.7 3.9
5055820230227 30.0 12.8  0.009999-99.9-99.9-99.9-99.9 9.4 6915.5 61 13.6  14 11.216.6 4.9
5055820230228 29.0 12.8  0.009999-99.9-99.9-99.9-99.9 9.4 6915.1 61 13.1  14 11.216.5 4.8
5055820230328-99.9-99.9-99.999999-99.9-99.9-99.9-99.9-9.9 99-9.9-99-99.9 -99-99.9-9.9-9.9
5055820250221 34.6 22.0  0.009999-99.9-99.9-99.9-99.911.5 8127.3 71 22.5  11  8.820.0 6.3
5055820250222 37.2 24.2  0.009999-99.9-99.9-99.9-99.911.8 8429.1 66 23.6  13 10.420.2 7.0
5055820250223 38.2 23.3  0.009999-99.9-99.9-99.9-99.911.4 8230.1 68 24.1  13 10.419.6 6.8
