5270120130530-99.9-99.9-99.999999-99.9-99.9-99.9-99.9-9.9 99-9.9-99-99.9 -99-99.9-9.9-9.9
5270120130531 18.6  5.6  0.009999-99.9-99.9-99.9-99.9-9.9 99 8.7 64  4.8  11  9.0-9.9-9.9
5270120130601 19.4  2.8  0.009999-99.9-99.9-99.9-99.9-9.9 99 7.3 49  2.4  15 12.0-9.9-9.9
5270120130602 16.1  5.4  0.009999-99.9-99.9-99.9-99.9-9.9 99 7.6 57  3.0  10  7.6-9.9-9.9
5270120130603 17.8  3.7  0.009999-99.9-99.9-99.9-99.9-9.9 99 9.3 65  5.8  14 11.1-9.9-9.9
5270120130604 18.2  7.2  0.009999-99.9-99.9-99.9-99.9-9.9 99 9.1 64  5.6  10  8.0-9.9-9.9
5270120130605 17.9  4.3  0.009999-99.9-99.9-99.9-99.9-9.9 99 8.2 57  3.8  26 20.5-9.9-9.9
5270120130606 13.5 -0.2  0.009999-99.9-99.9-99.9-99.9-9.9 99 7.9 77  3.5  12  9.4-9.9-9.9
5270120130607 17.4  1.9  0.009999-99.9-99.9-99.9-99.9-9.9 99 6.1 58 -0.3  15 11.6-9.9-9.9
5270120130608 13.7 -2.7  0.009999-99.9-99.9-99.9-99.9-9.9 99 5.0 62 -2.9   8  6.6-9.9-9.9
5270120130609 17.2  0.7  0.009999-99.9-99.9-99.9-99.9-9.9 99 7.4 67  2.4  10  8.3-9.9-9.9
5270120130610 22.8  0.2  0.009999-99.9-99.9-99.9-99.9-9.9 99 6.8 44  1.3  10  7.9-9.9-9.9
5270120130611 18.3  3.2  0.009999-99.9-99.9-99.9-99.9-9.9 9911.9 89  9.2  12  9.3-9.9-9.9
5270120130612 23.3  8.3  0.009999-99.9-99.9-99.9-99.9-9.9 9911.4 73  8.5   8  6.6-9.9-9.9
5270120130613 21.7  6.6  0.009999-99.9-99.9-99.9-99.9-9.9 99 9.2 60  5.6  14 11.0-9.9-9.9
5270120130614 11.5  1.2  0.009999-99.9-99.9-99.9-99.9-9.9 99 7.0 67  1.8  11  9.0-9.9-9.9
5270120130615 14.0  2.4  0.009999-99.9-99.9-99.9-99.9-9.9 99 9.6 83  6.1  19 15.0-9.9-9.9
5270120130616 11.2  0.1  0.009999-99.9-99.9-99.9-99.9-9.9 99 6.9 61  1.1  15 11.7-9.9-9.9
5270120130617 11.0 -6.0  0.009999-99.9-99.9-99.9-99.9-9.9 99 5.1 69 -2.6  12  9.6-9.9-9.9
5270120130618 11.4 -2.5  0.009999-99.9-99.9-99.9-99.9-9.9 99 5.1 67 -2.9  14 11.5-9.9-9.9
5270120130619 11.9 -5.1  0.009999-99.9-99.9-99.9-99.9-9.9 99 3.9 53 -6.0   9  7.5-9.9-9.9
5270120130620 12.9 -1.1  0.009999-99.9-99.9-99.9-99.9-9.9 99 3.8 45 -6.3  17 13.8-9.9-9.9
5270120130621 16.6 -3.0  0.009999-99.9-99.9-99.9-99.9-9.9 99 5.1 45 -2.7  16 12.8-9.9-9.9
5270120130622 14.9 -0.5  0.009999-99.9-99.9-99.9-99.9-9.9 99 6.0 73 -0.6  11  9.1-9.9-9.9
5270120130623 14.3 -4.4  0.009999-99.9-99.9-99.9-99.9-9.9 99 5.3 64 -2.0   8  6.2-9.9-9.9
5270120130624 12.8 -2.1  0.009999-99.9-99.9-99.9-99.9-9.9 99 6.0 69 -0.3   5  4.4-9.9-9.9
5270120130625 14.0 -2.1  0.009999-99.9-99.9-99.9-99.9-9.9 99 7.1 83  2.0   8  6.6-9.9-9.9
5270120130626 19.9 -0.8  0.009999-99.9-99.9-99.9-99.9-9.9 99 7.7 70  3.1   6  5.0-9.9-9.9
5270120130627 16.4  3.3  0.009999-99.9-99.9-99.9-99.9-9.9 99 8.9 75  5.3  14 11.5-9.9-9.9
5270120130628 16.4  3.0  0.009999-99.9-99.9-99.9-99.9-9.9 99 9.3 83  5.7   7  5.2-9.9-9.9
5270120130629 13.6  3.6  0.009999-99.9-99.9-99.9-99.9-9.9 99 5.2 46 -2.2  11  8.8-9.9-9.9
5270120130630 11.8  1.2  0.009999-99.9-99.9-99.9-99.9-9.9 99 4.8 52 -3.5   6  5.0-9.9-9.9
5270120130701 14.4  0.6  0.009999-99.9-99.9-99.9-99.9-9.9 99 6.7 61  1.0  13 10.8-9.9-9.9
5270120130702 18.1  2.8  0.009999-99.9-99.9-99.9-99.9-9.9 99 8.2 65  4.1  18 14.4-9.9-9.9
5270120130703 15.9  0.8  0.009999-99.9-99.9-99.9-99.9-9.9 99 8.3 79  4.2   7  5.5-9.9-9.9
5270120130704 17.5  5.0  0.009999-99.9-99.9-99.9-99.9-9.9 99 6.7 48  1.1  17 13.9-9.9-9.9
5270120130705  9.4  6.3  0.009999-99.9-99.9-99.9-99.9-9.9 9910.8100  8.1  16 13.2-9.9-9.9
5270120130706  9.4  3.8  0.009999-99.9-99.9-99.9-99.9-9.9 99 9.6 96  6.3  17 13.4-9.9-9.9
5270120130707  9.9  0.0  0.009999-99.9-99.9-99.9-99.9-9.9 99 7.2 86  2.3   9  7.5-9.9-9.9
5270120130708 10.4 -2.1  0.009999-99.9-99.9-99.9-99.9-9.9 99 6.9 87  1.6   9  7.5-9.9-9.9
5270120130709  7.1  1.4  0.009999-99.9-99.9-99.9-99.9-9.9 99 9.1 99  5.5  12  9.3-9.9-9.9
5270120130710  8.6  6.3  0.009999-99.9-99.9-99.9-99.9-9.9 9910.5100  7.6  10  8.2-9.9-9.9
5270120130711 15.1  5.7  0.009999-99.9-99.9-99.9-99.9-9.9 9910.8 92  8.0   5  3.9-9.9-9.9
5270120130712 18.8  3.7  0.009999-99.9-99.9-99.9-99.9-9.9 99 9.3 73  5.8   8  6.4-9.9-9.9
5270120130713 14.1  5.7  0.009999-99.9-99.9-99.9-99.9-9.9 99 9.4 77  5.9  12  9.6-9.9-9.9
5270120130714 12.2  0.6  0.009999-99.9-99.9-99.9-99.9-9.9 99 5.9 64 -0.6   9  7.4-9.9-9.9
5270120130715 15.5  0.1  0.009999-99.9-99.9-99.9-99.9-9.9 99 6.6 62  0.9  11  8.8-9.9-9.9
5270120130716 20.1  2.4  0.009999-99.9-99.9-99.9-99.9-9.9 99 8.5 57  4.4  11  8.5-9.9-9.9
5270120130717 15.7  1.8  0.009999-99.9-99.9-99.9-99.9-9.9 99 8.8 87  5.1  10  8.0-9.9-9.9
5270120130718  7.4 -0.8  0.009999-99.9-99.9-99.9-99.9-9.9 99 6.5 86  0.8  20 16.0-9.9-9.9
5270120130719  7.1 -5.0  0.009999-99.9-99.9-99.9-99.9-9.9 99 5.0 71 -2.8  15 12.4-9.9-9.9
5270120130720  7.5 -3.3  0.009999-99.9-99.9-99.9-99.9-9.9 99 5.9 83 -0.5  17 13.3-9.9-9.9
5270120130721  6.2 -0.3  0.009999-99.9-99.9-99.9-99.9-9.9 99 7.1 95  2.0  26 20.7-9.9-9.9
5270120130722  6.5 -0.7  0.009999-99.9-99.9-99.9-99.9-9.9 99 6.8 94  1.4  20 15.9-9.9-9.9
5270120130723-99.9-99.9-99.999999-99.9-99.9-99.9-99.9-9.9 99-9.9-99-99.9 -99-99.9-9.9-9.9
5270120130730-99.9-99.9  0.009999-99.9-99.9-99.9-99.9-9.9 99-9.9-99-99.9 -99-99.9-9.9-9.9
5270120130731 13.5  6.8  0.009999-99.9-99.9-99.9-99.9-9.9 9911.9 95  9.5  11  8.9-9.9-9.9
5270120130801 12.8  3.8  0.009999-99.9-99.9-99.9-99.9-9.9 99 9.2 89  5.7   7  5.4-9.9-9.9
5270120130802 13.4  1.0  0.009999-99.9-99.9-99.9-99.9-9.9 99 9.2 91  5.7   6  4.6-9.9-9.9
5270120130803 11.0  0.9  0.009999-99.9-99.9-99.9-99.9-9.9 99 9.1 92  5.5  10  7.9-9.9-9.9
5270120130804 18.1  2.4  0.009999-99.9-99.9-99.9-99.9-9.9 99 8.4 64  4.3  16 12.8-9.9-9.9
5270120130805 16.1  5.4  0.009999-99.9-99.9-99.9-99.9-9.9 99 6.3 52  0.2  22 17.9-9.9-9.9
5270120130806 16.3  0.7  0.009999-99.9-99.9-99.9-99.9-9.9 99 6.3 54  0.2  16 13.1-9.9-9.9
5270120130807 15.1  5.1  0.009999-99.9-99.9-99.9-99.9-9.9 99 7.4 60  2.6  10  7.6-9.9-9.9
5270120130808 11.9  0.0  0.009999-99.9-99.9-99.9-99.9-9.9 99 5.6 60 -1.4  12  9.9-9.9-9.9
5270120130809 13.6 -2.3  0.009999-99.9-99.9-99.9-99.9-9.9 99 4.6 53 -3.8   6  5.1-9.9-9.9
5270120130810 16.3 -1.7  0.009999-99.9-99.9-99.9-99.9-9.9 99 4.6 47 -3.9  20 16.2-9.9-9.9
5270120130811 14.8  4.2  0.009999-99.9-99.9-99.9-99.9-9.9 99 7.1 65  1.8  17 13.4-9.9-9.9
5270120130812  9.1 -1.5  0.009999-99.9-99.9-99.9-99.9-9.9 99 6.9 81  1.3  21 16.9-9.9-9.9
5270120130813 12.2 -5.1  0.009999-99.9-99.9-99.9-99.9-9.9 99 4.5 61 -4.1  10  7.8-9.9-9.9
5270120130814 14.0 -6.8  0.009999-99.9-99.9-99.9-99.9-9.9 99 4.7 51 -3.7  17 13.4-9.9-9.9
5270120130815 15.2  0.9  0.009999-99.9-99.9-99.9-99.9-9.9 99 5.5 52 -1.4  22 17.2-9.9-9.9
5270120130816 14.2  3.1  0.009999-99.9-99.9-99.9-99.9-9.9 99 4.6 42 -3.8  14 11.4-9.9-9.9
5270120130817 15.3 -3.4  0.009999-99.9-99.9-99.9-99.9-9.9 99 5.7 66 -1.0  16 13.0-9.9-9.9
5270120130818 18.9  1.0  0.009999-99.9-99.9-99.9-99.9-9.9 99 7.3 64  2.4  20 16.4-9.9-9.9
5270120130819 22.6  4.1  0.009999-99.9-99.9-99.9-99.9-9.9 99 7.4 54  2.1  12 10.0-9.9-9.9
5270120130820 19.8 -0.5  0.009999-99.9-99.9-99.9-99.9-9.9 99 5.0 34 -3.8  14 11.2-9.9-9.9
5270120130821 21.0  1.0  0.009999-99.9-99.9-99.9-99.9-9.9 99 6.9 48  0.9  17 13.6-9.9-9.9
5270120130822 12.1  0.0  0.009999-99.9-99.9-99.9-99.9-9.9 99 4.6 53 -4.5  33 26.2-9.9-9.9
5270120130823  8.3 -2.6  0.009999-99.9-99.9-99.9-99.9-9.9 99 5.4 75 -1.9  14 11.2-9.9-9.9
5270120130824  8.9 -1.9  0.009999-99.9-99.9-99.9-99.9-9.9 99 4.4 58 -4.7  11  8.5-9.9-9.9
5270120130825  9.2 -6.7  0.009999-99.9-99.9-99.9-99.9-9.9 99 4.5 65 -4.2  10  7.7-9.9-9.9
5270120130826  9.0 -7.7  0.009999-99.9-99.9-99.9-99.9-9.9 99 4.2 70 -5.1   8  6.4-9.9-9.9
5270120130827 19.7 -2.3  1.219999-99.9-99.9-99.9-99.9-9.9 99 5.6 49 -1.5  18 14.5-9.9-9.9
5270120130828 26.6  3.4  0.009999-99.9-99.9-99.9-99.9-9.9 99 7.8 43  3.3  11  9.0-9.9-9.9
5270120130829 29.5  3.8  0.009999-99.9-99.9-99.9-99.9-9.9 99 7.6 41  2.9  12  9.5-9.9-9.9
5270120130830 25.5  5.4  0.009999-99.9-99.9-99.9-99.9-9.9 99 8.7 57  4.9   7  5.4-9.9-9.9
5270120130831 21.2  7.2  0.009999-99.9-99.9-99.9-99.9-9.9 99 8.4 58  4.3  13 10.5-9.9-9.9
5270120130901 24.0  5.1  3.019999-99.9-99.9-99.9-99.9-9.9 99 8.1 50  3.8   8  6.6-9.9-9.9
5270120130902 15.7  5.2  3.219999-99.9-99.9-99.9-99.9-9.9 99 8.8 82  4.9  10  8.0-9.9-9.9
5270120130903 11.1  1.4  0.009999-99.9-99.9-99.9-99.9-9.9 99 7.0 80  1.9  13 10.8-9.9-9.9
5270120130904 14.8 -1.1  0.219999-99.9-99.9-99.9-99.9-9.9 99 7.2 67  2.2  18 14.8-9.9-9.9
5270120130905 21.5  5.7  0.009999-99.9-99.9-99.9-99.9-9.9 99 9.0 68  5.5  13 10.7-9.9-9.9
5270120130906 19.0  5.5  4.819999-99.9-99.9-99.9-99.9-9.9 9911.1 83  8.3   6  5.1-9.9-9.9
5270120130907 19.2  6.4 15.019999-99.9-99.9-99.9-99.9-9.9 9913.5 93 11.2   5  4.3-9.9-9.9
5270120130908 21.8  6.5  0.009999-99.9-99.9-99.9-99.9-9.9 9911.2 72  8.6  13 10.3-9.9-9.9
5270120130909 26.0  9.9  0.009999-99.9-99.9-99.9-99.9-9.9 9916.1 77 13.8  14 10.9-9.9-9.9
5270120130910 21.9 13.4  7.219999-99.9-99.9-99.9-99.9-9.9 9911.6 54  8.7  14 10.8-9.9-9.9
5270120130911 13.4  7.5  0.009999-99.9-99.9-99.9-99.9-9.9 9910.1 78  7.1  16 12.6-9.9-9.9
5270120130912 12.1  6.1  2.219999-99.9-99.9-99.9-99.9-9.9 9911.6 97  9.0  25 19.8-9.9-9.9
5270120130913 10.1  3.3  0.009999-99.9-99.9-99.9-99.9-9.9 99 7.4 83  2.7  18 14.3-9.9-9.9
5270120130914 10.1 -1.1  0.009999-99.9-99.9-99.9-99.9-9.9 99 6.8 82  1.4  12  9.2-9.9-9.9
5270120130915  8.0  0.0  4.219999-99.9-99.9-99.9-99.9-9.9 99 6.9 83  1.7  20 15.6-9.9-9.9
5270120130916  9.7  2.9  0.009999-99.9-99.9-99.9-99.9-9.9 99 7.9 88  3.5  14 11.4-9.9-9.9
5270120130917 11.0  0.6  0.219999-99.9-99.9-99.9-99.9-9.9 99 6.8 78  1.5  11  9.1-9.9-9.9
5270120130918 16.4 -0.2  0.009999-99.9-99.9-99.9-99.9-9.9 99 6.0 53 -0.3  12 10.0-9.9-9.9
5270120130919 21.6  0.6  0.009999-99.9-99.9-99.9-99.9-9.9 99 6.3 45  0.2  14 11.1-9.9-9.9
5270120130920 18.3  5.2  0.009999-99.9-99.9-99.9-99.9-9.9 99 7.0 54  1.8  10  8.0-9.9-9.9
5270120130921 13.4  1.3  0.009999-99.9-99.9-99.9-99.9-9.9 99 6.7 67  1.2  13 10.4-9.9-9.9
5270120130922 12.5 -2.8  0.009999-99.9-99.9-99.9-99.9-9.9 99 7.7 91  3.0  11  9.1-9.9-9.9
5270120130923 12.6  2.5  0.009999-99.9-99.9-99.9-99.9-9.9 99 7.4 73  2.5  11  9.1-9.9-9.9
5270120130924 15.0 -2.2  0.009999-99.9-99.9-99.9-99.9-9.9 99 6.8 72  1.4   6  4.7-9.9-9.9
5270120130925 16.1 -0.4  0.009999-99.9-99.9-99.9-99.9-9.9 99 7.2 66  2.2  19 14.9-9.9-9.9
5270120130926 19.7  5.1  0.009999-99.9-99.9-99.9-99.9-9.9 99 9.9 72  6.7  22 17.3-9.9-9.9
5270120130927 14.9  6.3  1.219999-99.9-99.9-99.9-99.9-9.9 9910.3 88  7.4  23 18.4-9.9-9.9
5270120130928 13.4  6.5 25.819999-99.9-99.9-99.9-99.9-9.9 9912.4 98 10.0  20 16.0-9.9-9.9
5270120130929 11.9  3.3  2.219999-99.9-99.9-99.9-99.9-9.9 99 9.0 99  5.5  10  8.2-9.9-9.9
5270120130930 11.8  3.6  0.519999-99.9-99.9-99.9-99.9-9.9 9910.8 98  8.1  32 25.3-9.9-9.9
5270120131001 13.3  7.2  0.009999-99.9-99.9-99.9-99.9-9.9 9911.5 95  9.0  16 12.9-9.9-9.9
5270120131002 17.1  9.2  0.009999-99.9-99.9-99.9-99.9-9.9 9912.0 83  9.6   5  4.3-9.9-9.9
5270120131003 16.4  8.8  1.819999-99.9-99.9-99.9-99.9-9.9 9912.6 89 10.3  10  8.2-9.9-9.9
5270120131004 20.9  8.8  0.219999-99.9-99.9-99.9-99.9-9.9 9911.5 77  9.0   7  5.5-9.9-9.9
5270120131005 21.7  7.9  0.009999-99.9-99.9-99.9-99.9-9.9 9911.5 68  9.0  11  8.7-9.9-9.9
5270120131006 24.1  6.5  0.009999-99.9-99.9-99.9-99.9-9.9 9912.1 65  9.7  10  8.1-9.9-9.9
5270120131007 24.6  8.2  0.009999-99.9-99.9-99.9-99.9-9.9 9911.7 63  9.2  15 11.9-9.9-9.9
5270120131008 24.0  8.8 10.219999-99.9-99.9-99.9-99.9-9.9 9911.7 60  9.2  20 16.1-9.9-9.9
5270120131009 20.0 11.3  0.009999-99.9-99.9-99.9-99.9-9.9 9911.7 66  9.0  10  8.1-9.9-9.9
5270120131010 22.4  3.9  0.009999-99.9-99.9-99.9-99.9-9.9 9910.9 67  8.1  11  8.8-9.9-9.9
5270120131011 16.6  6.8  3.819999-99.9-99.9-99.9-99.9-9.9 9911.0 78  8.3  17 13.3-9.9-9.9
5270120131012 19.3  7.6  0.009999-99.9-99.9-99.9-99.9-9.9 9912.5 85 10.1  12  9.2-9.9-9.9
5270120131013 19.1 11.7  0.519999-99.9-99.9-99.9-99.9-9.9 9915.8 91 13.8   8  6.6-9.9-9.9
5270120131014 25.0 10.4  0.009999-99.9-99.9-99.9-99.9-9.9 9912.9 63 10.6  12  9.9-9.9-9.9
5270120131015 28.3  6.9 22.519999-99.9-99.9-99.9-99.9-9.9 9914.5 62 12.1   7  5.4-9.9-9.9
5270120131016 23.8 14.7  0.009999-99.9-99.9-99.9-99.9-9.9 9918.0 84 15.8  18 14.3-9.9-9.9
5270120131017 22.5 12.7  0.009999-99.9-99.9-99.9-99.9-9.9 9915.2 77 13.2  11  9.1-9.9-9.9
5270120131018 27.8 10.0  6.819999-99.9-99.9-99.9-99.9-9.9 9914.8 69 12.7  12 10.0-9.9-9.9
5270120131019 26.5  9.7 32.819999-99.9-99.9-99.9-99.9-9.9 9917.3 77 15.0  14 11.0-9.9-9.9
5270120131020 21.4  9.9  0.009999-99.9-99.9-99.9-99.9-9.9 9912.4 64  9.9  17 13.4-9.9-9.9
5270120131021 15.5  3.5  0.009999-99.9-99.9-99.9-99.9-9.9 99 7.9 63  3.3  12  9.5-9.9-9.9
5270120131022 17.5  4.4  0.219999-99.9-99.9-99.9-99.9-9.9 9911.5 79  8.7  13 10.2-9.9-9.9
5270120131023 17.8  7.8  0.009999-99.9-99.9-99.9-99.9-9.9 9910.7 68  7.9  14 11.6-9.9-9.9
5270120131024 18.6 -0.4  0.009999-99.9-99.9-99.9-99.9-9.9 99 8.2 63  4.0   5  4.4-9.9-9.9
5270120131025 12.0  3.4  0.219999-99.9-99.9-99.9-99.9-9.9 99 9.7 92  6.4  14 10.9-9.9-9.9
5270120131026 24.9  3.6  0.009999-99.9-99.9-99.9-99.9-9.9 9910.3 64  7.2  15 11.9-9.9-9.9
5270120131027 21.3  3.7  0.009999-99.9-99.9-99.9-99.9-9.9 99 8.4 51  4.3   9  7.5-9.9-9.9
5270120131028 22.7  9.7  0.009999-99.9-99.9-99.9-99.9-9.9 9911.7 61  9.2  18 14.1-9.9-9.9
5270120131029 23.2 12.6  0.819999-99.9-99.9-99.9-99.9-9.9 9913.8 68 11.7  11  8.4-9.9-9.9
5270120131030 24.6  8.2  0.219999-99.9-99.9-99.9-99.9-9.9 9912.9 63 10.6  13 10.8-9.9-9.9
5270120131031 21.0 11.4  6.019999-99.9-99.9-99.9-99.9-9.9 9916.9 87 14.7  13 10.3-9.9-9.9
5270120131101 22.5 13.2  0.519999-99.9-99.9-99.9-99.9-9.9 9915.6 85 13.5  13 10.6-9.9-9.9
5270120131102 22.2 11.4  0.009999-99.9-99.9-99.9-99.9-9.9 9912.6 62 10.3  16 13.0-9.9-9.9
5270120131103 26.3  6.8  0.009999-99.9-99.9-99.9-99.9-9.9 9912.1 55  9.6   8  6.1-9.9-9.9
5270120131104 22.1  6.4  0.009999-99.9-99.9-99.9-99.9-9.9 9912.8 80 10.5  11  8.8-9.9-9.9
5270120131105 26.7 11.0  0.009999-99.9-99.9-99.9-99.9-9.9 9915.3 71 13.3  17 13.9-9.9-9.9
5270120131106 28.2 12.1 11.019999-99.9-99.9-99.9-99.9-9.9 9914.3 52 12.3  27 21.4-9.9-9.9
5270120131107 24.7 13.0  0.009999-99.9-99.9-99.9-99.9-9.9 9911.1 47  8.2  10  8.2-9.9-9.9
5270120131108 25.7  9.6  0.009999-99.9-99.9-99.9-99.9-9.9 9910.6 48  7.7  10  7.7-9.9-9.9
5270120131109 23.7  8.8 12.219999-99.9-99.9-99.9-99.9-9.9 9912.7 63 10.3  21 16.7-9.9-9.9
5270120131110 21.4 10.0  0.009999-99.9-99.9-99.9-99.9-9.9 9914.0 86 11.9  14 11.4-9.9-9.9
5270120131111 27.0  9.2  0.009999-99.9-99.9-99.9-99.9-9.9 9911.8 48  9.2  12  9.6-9.9-9.9
5270120131112 23.5 10.4  0.009999-99.9-99.9-99.9-99.9-9.9 99 8.1 43  3.7  14 11.2-9.9-9.9
5270120131113 27.4  4.9  0.009999-99.9-99.9-99.9-99.9-9.9 9913.2 61 10.6  14 11.3-9.9-9.9
5270120131114 31.2 14.3 21.519999-99.9-99.9-99.9-99.9-9.9 9917.2 68 15.1  20 15.6-9.9-9.9
5270120131115 21.6  9.9  0.009999-99.9-99.9-99.9-99.9-9.9 99 9.4 56  6.0  21 17.0-9.9-9.9
5270120131116 29.0  6.1  0.009999-99.9-99.9-99.9-99.9-9.9 9910.2 45  7.1  13 10.6-9.9-9.9
5270120131117 28.8 11.2  0.009999-99.9-99.9-99.9-99.9-9.9 9912.5 54 10.2  19 15.0-9.9-9.9
5270120131118 21.6  9.2  0.009999-99.9-99.9-99.9-99.9-9.9 9910.5 55  7.3  20 16.3-9.9-9.9
5270120131119 26.5  2.4  0.009999-99.9-99.9-99.9-99.9-9.9 99 9.2 47  5.5   5  4.2-9.9-9.9
5270120131120 28.9  5.5  0.009999-99.9-99.9-99.9-99.9-9.9 99 9.4 39  5.9   8  6.0-9.9-9.9
5270120131121 30.9 10.1  0.009999-99.9-99.9-99.9-99.9-9.9 9914.3 51 12.2   8  6.4-9.9-9.9
5270120131122 31.6 13.4  0.009999-99.9-99.9-99.9-99.9-9.9 9915.3 50 13.2  19 15.3-9.9-9.9
5270120131123 31.0 17.9  0.009999-99.9-99.9-99.9-99.9-9.9 9914.6 46 12.5  20 16.0-9.9-9.9
5270120131124 23.0 16.1 27.819999-99.9-99.9-99.9-99.9-9.9 9916.7 89 14.6  12  9.8-9.9-9.9
5270120131125 19.4 11.2  0.009999-99.9-99.9-99.9-99.9-9.9 9912.4 72 10.0  27 21.6-9.9-9.9
5270120131126 20.3  5.2  0.009999-99.9-99.9-99.9-99.9-9.9 9910.9 66  8.1  12  9.3-9.9-9.9
5270120131127 16.5 10.4  0.819999-99.9-99.9-99.9-99.9-9.9 9911.7 80  9.2   6  4.4-9.9-9.9
5270120131128 29.8  8.7  0.009999-99.9-99.9-99.9-99.9-9.9 9910.1 49  6.8  18 14.7-9.9-9.9
5270120131129 26.8  8.7  0.009999-99.9-99.9-99.9-99.9-9.9 9912.6 59 10.2  11  8.9-9.9-9.9
5270120131130 31.5 11.9 23.219999-99.9-99.9-99.9-99.9-9.9 9915.7 66 13.6  15 12.2-9.9-9.9
5270120131201 30.4 14.4  0.009999-99.9-99.9-99.9-99.9-9.9 9917.1 66 15.1  12  9.3-9.9-9.9
5270120131202 29.0 13.5  0.009999-99.9-99.9-99.9-99.9-9.9 9911.7 40  8.8  16 12.7-9.9-9.9
5270120131203 24.2  4.4  0.009999-99.9-99.9-99.9-99.9-9.9 99 6.5 28  0.5  16 12.5-9.9-9.9
5270120131204 25.9 11.0  0.009999-99.9-99.9-99.9-99.9-9.9 99 9.1 40  5.5  16 13.0-9.9-9.9
5270120131205 23.3  7.0  0.009999-99.9-99.9-99.9-99.9-9.9 99 8.7 48  5.0  15 11.6-9.9-9.9
5270120131206 29.1  3.2  0.009999-99.9-99.9-99.9-99.9-9.9 99 9.4 41  6.0  15 11.7-9.9-9.9
5270120131207 34.7 11.0  0.009999-99.9-99.9-99.9-99.9-9.9 9912.1 35  9.6  16 12.7-9.9-9.9
5270120131208 27.5 15.2  0.219999-99.9-99.9-99.9-99.9-9.9 9916.7 59 14.5  14 11.0-9.9-9.9
5270120131209 25.0 12.6  0.219999-99.9-99.9-99.9-99.9-9.9 9912.5 58 10.1  20 15.7-9.9-9.9
5270120131210 29.6  5.6  0.009999-99.9-99.9-99.9-99.9-9.9 9911.7 54  9.1   8  6.6-9.9-9.9
5270120131211 31.9 12.3  0.009999-99.9-99.9-99.9-99.9-9.9 9912.6 43 10.2  13 10.6-9.9-9.9
5270120131212 33.0 12.8  0.009999-99.9-99.9-99.9-99.9-9.9 9914.3 44 12.3  11  9.1-9.9-9.9
5270120131213 35.7 17.3  9.019999-99.9-99.9-99.9-99.9-9.9 9918.6 62 16.3  13 10.4-9.9-9.9
5270120131214 35.0 15.5  0.009999-99.9-99.9-99.9-99.9-9.9 9918.6 54 16.3  11  8.4-9.9-9.9
5270120131215 34.9 17.9  0.009999-99.9-99.9-99.9-99.9-9.9 9916.3 46 14.1  13 10.6-9.9-9.9
5270120131216 37.4 13.5  0.009999-99.9-99.9-99.9-99.9-9.9 9915.9 41 13.9  14 10.9-9.9-9.9
5270120131217 37.0 18.6  5.019999-99.9-99.9-99.9-99.9-9.9 9918.8 60 16.5  13 10.8-9.9-9.9
5270120131218 30.1 14.5  0.009999-99.9-99.9-99.9-99.9-9.9 9911.9 40  9.3  19 15.1-9.9-9.9
5270120131219 31.5 14.1  0.009999-99.9-99.9-99.9-99.9-9.9 9918.1 68 15.8   9  7.4-9.9-9.9
5270120131220 34.2 17.4  0.009999-99.9-99.9-99.9-99.9-9.9 9918.9 50 16.6  10  7.7-9.9-9.9
5270120131221 36.1 18.5  6.519999-99.9-99.9-99.9-99.9-9.9 9918.7 56 16.4  15 12.1-9.9-9.9
5270120131222 36.7 19.6  0.009999-99.9-99.9-99.9-99.9-9.9 9918.7 48 16.3  10  7.8-9.9-9.9
5270120131223 37.1 20.0  0.009999-99.9-99.9-99.9-99.9-9.9 9918.3 43 16.1  13 10.2-9.9-9.9
5270120131224 36.4 22.4  3.819999-99.9-99.9-99.9-99.9-9.9 9919.8 49 17.3  14 11.0-9.9-9.9
5270120131225 35.2 18.3  0.219999-99.9-99.9-99.9-99.9-9.9 9919.9 55 17.4  15 12.0-9.9-9.9
5270120131226 32.6 15.1  0.009999-99.9-99.9-99.9-99.9-9.9 9911.7 31  8.6  12  9.8-9.9-9.9
5270120131227 34.7 13.4  0.009999-99.9-99.9-99.9-99.9-9.9 9911.1 30  8.3  12  9.3-9.9-9.9
5270120131228 37.2 11.7  0.009999-99.9-99.9-99.9-99.9-9.9 9910.3 28  7.3  13 10.2-9.9-9.9
5270120131229 37.3 12.5  0.009999-99.9-99.9-99.9-99.9-9.9 99 9.3 18  5.7  16 12.9-9.9-9.9
5270120131230 32.1 19.4  0.009999-99.9-99.9-99.9-99.9-9.9 99 7.1 21  2.1  16 12.9-9.9-9.9
5270120131231 31.3 14.7  0.009999-99.9-99.9-99.9-99.9-9.9 99 6.6 19  0.9  12  9.7-9.9-9.9
5270120140101 28.0 15.7  0.009999-99.9-99.9-99.9-99.9-9.9 99 6.2 19-99.9  13 10.1-9.9-9.9
5270120140102 24.6 14.2  0.009999-99.9-99.9-99.9-99.9-9.9 99 7.5 33  2.3  17 13.3-9.9-9.9
5270120140103 23.7  5.3  0.009999-99.9-99.9-99.9-99.9-9.9 99 5.9 26 -0.8  13 10.2-9.9-9.9
5270120140104 31.5 10.7  0.009999-99.9-99.9-99.9-99.9-9.9 99 8.2 32  3.9  19 14.9-9.9-9.9
5270120140105 35.3  7.4  0.009999-99.9-99.9-99.9-99.9-9.9 9911.1 30  8.4   9  7.2-9.9-9.9
5270120140106 38.6 15.0  4.219999-99.9-99.9-99.9-99.9-9.9 9915.0 41 12.9  16 13.1-9.9-9.9
5270120140107 32.2 12.1  0.009999-99.9-99.9-99.9-99.9-9.9 9911.1 29  8.2  19 14.8-9.9-9.9
5270120140108 33.7  7.1  2.219999-99.9-99.9-99.9-99.9-9.9 99 8.4 25  4.2  12  9.4-9.9-9.9
5270120140109 32.3 15.5  8.519999-99.9-99.9-99.9-99.9-9.9 9914.6 63 11.9  13 10.3-9.9-9.9
5270120140110 28.9 11.5  0.009999-99.9-99.9-99.9-99.9-9.9 9911.0 40  8.0  16 13.1-9.9-9.9
5270120140111 25.7  8.0  0.009999-99.9-99.9-99.9-99.9-9.9 99 8.7 36  4.8  12  9.6-9.9-9.9
5270120140112 28.6  8.8  0.009999-99.9-99.9-99.9-99.9-9.9 99 8.6 36  4.7  16 13.0-9.9-9.9
5270120140113 32.1 11.6  0.009999-99.9-99.9-99.9-99.9-9.9 9912.6 46 10.3  16 12.8-9.9-9.9
5270120140114 34.1 15.5  0.009999-99.9-99.9-99.9-99.9-9.9 9915.3 41 13.3  15 11.7-9.9-9.9
5270120140115 38.2 20.3  0.009999-99.9-99.9-99.9-99.9-9.9 9915.8 40 13.5  19 15.1-9.9-9.9
5270120140116 37.2 14.6  0.819999-99.9-99.9-99.9-99.9-9.9 9915.0 40 12.7  13 10.3-9.9-9.9
5270120140117 38.4 21.8  2.219999-99.9-99.9-99.9-99.9-9.9 9920.0 48 17.4  18 14.5-9.9-9.9
5270120140118 39.9 21.0  0.009999-99.9-99.9-99.9-99.9-9.9 9916.7 45 14.4  24 19.1-9.9-9.9
5270120140119 36.2 10.4  0.009999-99.9-99.9-99.9-99.9-9.9 9912.9 38 10.5  16 12.7-9.9-9.9
5270120140120 36.3 18.0 30.819999-99.9-99.9-99.9-99.9-9.9 9919.0 49 16.4  17 13.5-9.9-9.9
5270120140121 32.1 19.2  0.009999-99.9-99.9-99.9-99.9-9.9 9915.3 37 12.8  13 10.7-9.9-9.9
5270120140122 34.6 14.9 10.219999-99.9-99.9-99.9-99.9-9.9 9918.7 52 16.2   9  7.0-9.9-9.9
5270120140123 28.6 19.1  0.009999-99.9-99.9-99.9-99.9-9.9 9921.9 77 18.7  18 14.3-9.9-9.9
5270120140124 20.8 11.8  0.009999-99.9-99.9-99.9-99.9-9.9 99 9.0 49  5.1  24 19.0-9.9-9.9
5270120140125 23.8  4.7  0.009999-99.9-99.9-99.9-99.9-9.9 99 8.8 45  5.0  10  8.4-9.9-9.9
5270120140126 28.3  7.4  0.009999-99.9-99.9-99.9-99.9-9.9 9911.9 46  9.4  16 12.8-9.9-9.9
5270120140127 31.7 14.5  0.219999-99.9-99.9-99.9-99.9-9.9 9917.1 56 15.0  16 12.7-9.9-9.9
5270120140128 32.7 17.8  0.009999-99.9-99.9-99.9-99.9-9.9 9918.5 59 16.2  14 11.5-9.9-9.9
5270120140129 30.9 11.1  0.009999-99.9-99.9-99.9-99.9-9.9 9913.0 48 10.7   8  6.5-9.9-9.9
5270120140130 35.7 16.5  0.009999-99.9-99.9-99.9-99.9-9.9 9917.7 48 15.5  18 14.2-9.9-9.9
5270120140131 32.1 17.9  0.009999-99.9-99.9-99.9-99.9-9.9 9913.6 40 11.1  17 13.7-9.9-9.9
5270120140201 29.0 12.7  0.009999-99.9-99.9-99.9-99.9-9.9 9914.7 62 12.6   9  6.9-9.9-9.9
5270120140202 30.8 17.1  0.009999-99.9-99.9-99.9-99.9-9.9 9913.3 39  9.9  11  9.1-9.9-9.9
5270120140203 31.9 10.6  0.009999-99.9-99.9-99.9-99.9-9.9 9912.6 42  9.8   7  5.7-9.9-9.9
5270120140204 31.0 16.0 44.019999-99.9-99.9-99.9-99.9-9.9 9920.5 63 17.9  18 14.5-9.9-9.9
5270120140205 25.3 18.1  0.009999-99.9-99.9-99.9-99.9-9.9 9916.4 58 13.6  13 10.1-9.9-9.9
5270120140206 27.1 10.0  0.009999-99.9-99.9-99.9-99.9-9.9 9912.6 65 10.0  13 10.4-9.9-9.9
5270120140207 30.9 13.9  0.009999-99.9-99.9-99.9-99.9-9.9 9912.6 43 10.0  16 12.6-9.9-9.9
5270120140208 27.3 11.9  6.219999-99.9-99.9-99.9-99.9-9.9 9918.7 91 16.1   9  7.2-9.9-9.9
5270120140209 30.7 13.9  0.009999-99.9-99.9-99.9-99.9-9.9 9917.4 63 15.2  11  8.7-9.9-9.9
5270120140210 30.8 16.2 23.019999-99.9-99.9-99.9-99.9-9.9 9920.1 72 17.5  13 10.3-9.9-9.9
5270120140211 31.6 17.9  0.219999-99.9-99.9-99.9-99.9-9.9 9920.6 68 17.9  14 11.3-9.9-9.9
5270120140212 26.9 16.6  0.009999-99.9-99.9-99.9-99.9-9.9 9917.8 67 15.6  19 15.5-9.9-9.9
5270120140213 23.7 11.2  0.009999-99.9-99.9-99.9-99.9-9.9 9912.4 63 10.1  19 15.3-9.9-9.9
5270120140214 23.7  6.0  0.009999-99.9-99.9-99.9-99.9-9.9 9911.7 60  9.2  11  8.7-9.9-9.9
5270120140215 23.7 11.6  0.009999-99.9-99.9-99.9-99.9-9.9 9914.0 69 12.0  16 12.8-9.9-9.9
5270120140216 23.0 14.9  6.819999-99.9-99.9-99.9-99.9-9.9 9918.0 74 15.8  15 11.9-9.9-9.9
5270120140217 26.2 17.7  0.009999-99.9-99.9-99.9-99.9-9.9 9920.8 84 18.1  16 12.9-9.9-9.9
5270120140218 28.0 17.9  0.009999-99.9-99.9-99.9-99.9-9.9 9922.2 81 19.2  14 11.0-9.9-9.9
5270120140219 30.3 16.7 51.519999-99.9-99.9-99.9-99.9-9.9 9921.6 81 18.6  12  9.7-9.9-9.9
5270120140220 25.8 15.7  4.019999-99.9-99.9-99.9-99.9-9.9 9920.0 86 17.5  14 11.5-9.9-9.9
5270120140221 23.9 15.4  0.009999-99.9-99.9-99.9-99.9-9.9 9917.3 85 15.2  11  8.9-9.9-9.9
5270120140222 28.9  9.9  0.009999-99.9-99.9-99.9-99.9-9.9 9914.8 63 12.6   8  6.3-9.9-9.9
5270120140223 27.9 14.0  5.519999-99.9-99.9-99.9-99.9-9.9 9915.7 65 13.7  10  7.8-9.9-9.9
5270120140224 21.1 13.3  0.219999-99.9-99.9-99.9-99.9-9.9 9915.2 81 13.1  20 16.0-9.9-9.9
5270120140225 18.0  7.1  0.009999-99.9-99.9-99.9-99.9-9.9 9911.4 72  8.8  12  9.3-9.9-9.9
5270120140226 21.1  8.4  0.009999-99.9-99.9-99.9-99.9-9.9 9910.9 59  8.2   6  4.5-9.9-9.9
5270120140227 23.1  7.1  0.009999-99.9-99.9-99.9-99.9-9.9 9911.5 70  9.0   9  6.9-9.9-9.9
5270120140228 25.1  7.6  0.009999-99.9-99.9-99.9-99.9-9.9 9913.1 68 10.9  10  8.3-9.9-9.9
5270120140301 27.3 11.1 19.219999-99.9-99.9-99.9-99.9-9.9 9915.8 71 13.8   7  5.5-9.9-9.9
5270120140302 25.1 12.5  0.009999-99.9-99.9-99.9-99.9-9.9 9917.0 81 14.9   7  5.9-9.9-9.9
5270120140303 25.2 13.6  0.009999-99.9-99.9-99.9-99.9-9.9 9917.0 81 14.9   8  6.8-9.9-9.9
5270120140304 24.2 13.2  0.009999-99.9-99.9-99.9-99.9-9.9 9918.0 84 15.8   6  5.0-9.9-9.9
5270120140305 27.1 12.6  0.009999-99.9-99.9-99.9-99.9-9.9 9915.9 73 13.9  14 10.9-9.9-9.9
5270120140306 26.5  8.1  0.009999-99.9-99.9-99.9-99.9-9.9 9910.5 52  7.5   8  6.8-9.9-9.9
5270120140307 30.0 10.6  0.009999-99.9-99.9-99.9-99.9-9.9 9913.2 63 10.9  13 10.3-9.9-9.9
5270120140308 28.3  9.0 29.019999-99.9-99.9-99.9-99.9-9.9 9916.0 69 13.8  14 11.0-9.9-9.9
5270120140309 21.7 12.8  0.219999-99.9-99.9-99.9-99.9-9.9 9913.7 71 11.1  14 11.0-9.9-9.9
5270120140310 23.5  4.4  0.009999-99.9-99.9-99.9-99.9-9.9 99 9.8 59  6.5   7  5.2-9.9-9.9
5270120140311 26.3 10.4  0.009999-99.9-99.9-99.9-99.9-9.9 9912.0 56  9.6  12  9.8-9.9-9.9
5270120140312 28.0 12.8  0.009999-99.9-99.9-99.9-99.9-9.9 9915.5 69 13.4  12  9.5-9.9-9.9
5270120140313 19.2 14.2109.219999-99.9-99.9-99.9-99.9-9.9 9917.9 97 15.7   9  7.5-9.9-9.9
5270120140314 19.7 15.0  0.009999-99.9-99.9-99.9-99.9-9.9 9917.7 89 15.5   8  6.0-9.9-9.9
5270120140315 24.1 10.9 12.019999-99.9-99.9-99.9-99.9-9.9 9914.8 73 12.6   6  5.1-9.9-9.9
5270120140316 24.8 13.0  0.819999-99.9-99.9-99.9-99.9-9.9 9913.9 71 11.5  13 10.3-9.9-9.9
5270120140317 18.9  8.2  0.009999-99.9-99.9-99.9-99.9-9.9 9910.5 70  7.7  16 12.6-9.9-9.9
5270120140318 19.9  5.1  0.009999-99.9-99.9-99.9-99.9-9.9 9910.3 70  7.4   5  4.4-9.9-9.9
5270120140319 16.9  8.5  0.009999-99.9-99.9-99.9-99.9-9.9 9912.8 84 10.6  11  8.5-9.9-9.9
5270120140320 26.9 13.0  0.519999-99.9-99.9-99.9-99.9-9.9 9914.4 72 12.2  24 18.9-9.9-9.9
5270120140321 16.0  5.1  0.219999-99.9-99.9-99.9-99.9-9.9 99 8.0 64  3.7  16 12.4-9.9-9.9
5270120140322 22.1  1.5  0.009999-99.9-99.9-99.9-99.9-9.9 99 7.8 54  3.4  14 11.0-9.9-9.9
5270120140323 27.8  4.5  0.009999-99.9-99.9-99.9-99.9-9.9 9912.3 64  9.8  13 10.0-9.9-9.9
5270120140324 21.5 11.3  0.009999-99.9-99.9-99.9-99.9-9.9 9914.3 81 12.2  19 15.5-9.9-9.9
5270120140325 21.8 11.0  0.009999-99.9-99.9-99.9-99.9-9.9 9915.2 89 13.1  10  7.6-9.9-9.9
5270120140326 23.6 10.7  0.009999-99.9-99.9-99.9-99.9-9.9 9916.2 86 14.2   7  5.4-9.9-9.9
5270120140327 25.1 13.0  0.009999-99.9-99.9-99.9-99.9-9.9 9919.0 87 16.6  11  9.1-9.9-9.9
5270120140328 29.1 12.7  0.009999-99.9-99.9-99.9-99.9-9.9 9918.9 82 16.5  10  8.3-9.9-9.9
5270120140329 29.2 14.0 22.019999-99.9-99.9-99.9-99.9-9.9 9921.1 85 18.3  17 13.4-9.9-9.9
5270120140330 21.5  7.5  3.519999-99.9-99.9-99.9-99.9-9.9 9913.8 77 10.6  16 12.4-9.9-9.9
5270120140331 21.8  3.9  0.009999-99.9-99.9-99.9-99.9-9.9 99 9.8 66  6.4   7  5.3-9.9-9.9
5270120140401 20.3  7.5  0.009999-99.9-99.9-99.9-99.9-9.9 9912.6 77 10.3   8  6.7-9.9-9.9
5270120140402 18.8 11.4  8.019999-99.9-99.9-99.9-99.9-9.9 9916.1 95 14.0  12  9.6-9.9-9.9
5270120140403 19.1 15.3 24.819999-99.9-99.9-99.9-99.9-9.9 9919.6 99 17.2   9  7.1-9.9-9.9
5270120140404 20.0 16.3  4.219999-99.9-99.9-99.9-99.9-9.9 9920.9 99 18.2  10  7.8-9.9-9.9
5270120140405 23.1 17.9  4.819999-99.9-99.9-99.9-99.9-9.9 9921.7 96 18.8  11  8.5-9.9-9.9
5270120140406 23.5 17.5  0.009999-99.9-99.9-99.9-99.9-9.9 9921.9 98 18.9  11  9.2-9.9-9.9
5270120140407 20.2 18.6 79.519999-99.9-99.9-99.9-99.9-9.9 9922.1 99 19.1  21 16.7-9.9-9.9
5270120140408 20.0  9.7  1.519999-99.9-99.9-99.9-99.9-9.9 9913.7 94 11.5  21 16.4-9.9-9.9
5270120140409 21.0 11.2  0.219999-99.9-99.9-99.9-99.9-9.9 9912.5 68 10.2  23 18.6-9.9-9.9
5270120140410 18.6  7.7  0.519999-99.9-99.9-99.9-99.9-9.9 99 9.9 67  6.7  13 10.5-9.9-9.9
5270120140411 20.7  3.6  9.519999-99.9-99.9-99.9-99.9-9.9 9910.0 67  6.8  11  8.7-9.9-9.9
5270120140412 13.9  6.1  4.219999-99.9-99.9-99.9-99.9-9.9 99 9.9 85  6.8  26 20.4-9.9-9.9
5270120140413 13.7  5.3  0.009999-99.9-99.9-99.9-99.9-9.9 99 9.7 87  6.5  16 12.7-9.9-9.9
5270120140414 19.9  3.9  0.009999-99.9-99.9-99.9-99.9-9.9 99 9.2 64  5.7  13 10.2-9.9-9.9
5270120140415 22.9  4.6  0.009999-99.9-99.9-99.9-99.9-9.9 9912.2 80  9.7  11  8.9-9.9-9.9
5270120140416 20.6  7.2  0.009999-99.9-99.9-99.9-99.9-9.9 9911.6 82  9.0  10  7.9-9.9-9.9
5270120140417 15.9  5.0  0.009999-99.9-99.9-99.9-99.9-9.9 99 8.2 65  4.0   9  7.3-9.9-9.9
5270120140418 19.9  0.7  0.009999-99.9-99.9-99.9-99.9-9.9 99 7.5 60  2.8  12  9.7-9.9-9.9
5270120140419 16.5  3.0  0.009999-99.9-99.9-99.9-99.9-9.9 99 7.6 66  2.9  10  8.0-9.9-9.9
5270120140420 17.2  0.6  0.009999-99.9-99.9-99.9-99.9-9.9 99 9.8 81  6.3   4  3.4-9.9-9.9
5270120140421 17.9  3.9  0.009999-99.9-99.9-99.9-99.9-9.9 99 9.4 80  6.1  10  7.7-9.9-9.9
5270120140422 19.7  1.5  0.009999-99.9-99.9-99.9-99.9-9.9 9910.1 78  6.9   7  5.8-9.9-9.9
5270120140423 22.6  7.2  0.009999-99.9-99.9-99.9-99.9-9.9 9913.1 78 10.7   7  5.4-9.9-9.9
5270120140424 17.4  8.9  0.009999-99.9-99.9-99.9-99.9-9.9 9913.3 95 11.1   9  6.8-9.9-9.9
5270120140425 14.3  8.3  0.009999-99.9-99.9-99.9-99.9-9.9 9913.1 98 10.9  10  7.9-9.9-9.9
5270120140426 18.7  6.5  0.009999-99.9-99.9-99.9-99.9-9.9 9912.0 85  9.6  16 12.7-9.9-9.9
5270120140427 17.5  8.1  0.219999-99.9-99.9-99.9-99.9-9.9 9913.6 92 11.5  12  9.5-9.9-9.9
5270120140428 18.5  9.9  0.009999-99.9-99.9-99.9-99.9-9.9 9912.9 88 10.7  11  8.9-9.9-9.9
5270120140429 17.5  6.6  0.009999-99.9-99.9-99.9-99.9-9.9 9910.7 82  7.9   7  5.5-9.9-9.9
5270120140430 18.4  3.5  0.009999-99.9-99.9-99.9-99.9-9.9 9911.0 86  8.2   5  3.8-9.9-9.9
5270120140501 21.9  5.6  5.519999-99.9-99.9-99.9-99.9-9.9 9911.8 78  9.4  10  7.9-9.9-9.9
5270120140502 14.0  8.0  0.009999-99.9-99.9-99.9-99.9-9.9 9912.7 99 10.5   6  4.6-9.9-9.9
5270120140503 21.2  7.3  0.009999-99.9-99.9-99.9-99.9-9.9 9914.1 94 11.9   5  3.7-9.9-9.9
5270120140504 23.2  7.2  0.009999-99.9-99.9-99.9-99.9-9.9 9914.3 81 12.1   8  6.0-9.9-9.9
5270120140505 21.4 10.4  0.219999-99.9-99.9-99.9-99.9-9.9 9912.6 79 10.3   6  5.0-9.9-9.9
5270120140506 18.3  4.9  8.519999-99.9-99.9-99.9-99.9-9.9 9913.1 93 10.6   5  4.4-9.9-9.9
5270120140507 21.3 10.6  0.009999-99.9-99.9-99.9-99.9-9.9 9914.6 88 12.5  12  9.3-9.9-9.9
5270120140508 15.4  9.9  0.009999-99.9-99.9-99.9-99.9-9.9 9912.3 86 10.0  12  9.4-9.9-9.9
5270120140509 16.1  7.9  0.009999-99.9-99.9-99.9-99.9-9.9 9912.7 94 10.5   9  7.3-9.9-9.9
5270120140510 17.4  8.1  1.019999-99.9-99.9-99.9-99.9-9.9 9914.0 92 11.9  11  8.5-9.9-9.9
5270120140511 14.6 12.0  0.219999-99.9-99.9-99.9-99.9-9.9 9914.5 99 12.5   8  6.5-9.9-9.9
5270120140512 17.4 11.7  0.219999-99.9-99.9-99.9-99.9-9.9 9915.3 95 13.3   8  6.6-9.9-9.9
5270120140513 20.4 10.1  0.009999-99.9-99.9-99.9-99.9-9.9 9914.3 85 12.2  12  9.2-9.9-9.9
5270120140514 19.4 10.6  0.009999-99.9-99.9-99.9-99.9-9.9 9915.4 98 13.4  10  7.8-9.9-9.9
5270120140515 17.3  8.1  0.009999-99.9-99.9-99.9-99.9-9.9 9911.6 84  9.1   7  5.2-9.9-9.9
5270120140516 13.4  5.6  8.019999-99.9-99.9-99.9-99.9-9.9 9910.8 93  7.9  11  9.1-9.9-9.9
5270120140517 13.7  3.7  0.009999-99.9-99.9-99.9-99.9-9.9 99 7.5 70  2.8  15 11.9-9.9-9.9
5270120140518 12.3  2.8  0.219999-99.9-99.9-99.9-99.9-9.9 99 9.5 94  6.1   7  5.5-9.9-9.9
5270120140519 15.5  1.6  0.009999-99.9-99.9-99.9-99.9-9.9 99 8.5 84  4.6   5  3.7-9.9-9.9
5270120140520 10.9  2.1  1.819999-99.9-99.9-99.9-99.9-9.9 9910.0 96  6.9   9  6.8-9.9-9.9
5270120140521  8.3  6.8 25.219999-99.9-99.9-99.9-99.9-9.9 9910.3100  7.4  18 14.2-9.9-9.9
5270120140522 12.3  4.1  0.219999-99.9-99.9-99.9-99.9-9.9 9910.2 96  7.2  20 16.3-9.9-9.9
5270120140523 11.4 -0.1  0.009999-99.9-99.9-99.9-99.9-9.9 99 8.2 90  4.0  14 10.9-9.9-9.9
5270120140524 15.4  1.8  0.009999-99.9-99.9-99.9-99.9-9.9 99 9.2 83  5.7  15 12.0-9.9-9.9
5270120140525 16.7  3.4  0.009999-99.9-99.9-99.9-99.9-9.9 99 8.8 77  5.0  12  9.4-9.9-9.9
5270120140526 17.9  0.4  0.009999-99.9-99.9-99.9-99.9-9.9 99 8.4 75  4.3   8  6.3-9.9-9.9
5270120140527 17.1  5.1  0.009999-99.9-99.9-99.9-99.9-9.9 99 9.1 79  5.6   9  7.4-9.9-9.9
5270120140528 15.2  1.3  0.009999-99.9-99.9-99.9-99.9-9.9 9911.2 92  8.2  16 13.0-9.9-9.9
5270120140529 14.1  8.7  0.009999-99.9-99.9-99.9-99.9-9.9 9913.1 93 11.0  20 16.4-9.9-9.9
5270120140530 18.5  5.0  0.009999-99.9-99.9-99.9-99.9-9.9 99 9.1 72  5.5   5  3.8-9.9-9.9
5270120140531 19.2  3.1  0.009999-99.9-99.9-99.9-99.9-9.9 99 8.7 71  4.9   6  5.0-9.9-9.9
5270120140601-99.9-99.9-99.999999-99.9-99.9-99.9-99.9-9.9 99-9.9-99-99.9 -99-99.9-9.9-9.9
5270120140602-99.9-99.9-99.999999-99.9-99.9-99.9-99.9-9.9 99-9.9-99-99.9 -99-99.9-9.9-9.9
5270120140603-99.9-99.9-99.999999-99.9-99.9-99.9-99.9-9.9 99-9.9-99-99.9 -99-99.9-9.9-9.9
5270120140604-99.9-99.9  0.009999-99.9-99.9-99.9-99.9-9.9 9910.9 92  8.1  11  8.7-9.9-9.9
5270120140605 14.4 -0.7  0.009999-99.9-99.9-99.9-99.9-9.9 99 6.5 65  0.8  13 10.6-9.9-9.9
5270120140606 14.0 -0.1  0.009999-99.9-99.9-99.9-99.9-9.9 99 7.7 80  3.1  10  8.3-9.9-9.9
5270120140607 13.4  1.0  5.219999-99.9-99.9-99.9-99.9-9.9 99 8.2 80  3.9  11  8.8-9.9-9.9
5270120140608 10.2 -0.5  0.009999-99.9-99.9-99.9-99.9-9.9 99 7.6 79  2.9  12  9.7-9.9-9.9
5270120140609 17.1  4.5  0.009999-99.9-99.9-99.9-99.9-9.9 99 7.4 60  2.6  14 11.5-9.9-9.9
5270120140610-99.9-99.9-99.999999-99.9-99.9-99.9-99.9-9.9 99-9.9-99-99.9 -99-99.9-9.9-9.9
5270120141111-99.9-99.9-99.999999-99.9-99.9-99.9-99.9-9.9 99-9.9-99-99.9 -99-99.9-9.9-9.9
5270120141112 22.7  8.0  0.009999-99.9-99.9-99.9-99.9-9.9 9910.1 54  7.0  10  8.3-9.9-9.9
5270120141113 25.2  6.2  0.009999-99.9-99.9-99.9-99.9-9.9 9911.2 57  8.6  13 10.3-9.9-9.9
5270120141114 29.5 11.4  0.009999-99.9-99.9-99.9-99.9-9.9 9913.7 52 11.5   9  6.9-9.9-9.9
5270120141115 27.5 12.5  0.009999-99.9-99.9-99.9-99.9-9.9 9913.3 47 11.2  10  7.8-9.9-9.9
5270120141116 29.0  8.9  0.219999-99.9-99.9-99.9-99.9-9.9 9914.3 54 12.2   5  4.1-9.9-9.9
5270120141117 32.8 15.2  0.009999-99.9-99.9-99.9-99.9-9.9 9917.3 58 15.1  19 15.5-9.9-9.9
5270120141118 32.5 13.7 13.519999-99.9-99.9-99.9-99.9-9.9 9916.4 64 14.2  18 14.1-9.9-9.9
5270120141119 25.4 12.9  0.009999-99.9-99.9-99.9-99.9-9.9 9913.4 62 11.1   9  7.5-9.9-9.9
5270120141120 22.6  8.1  0.009999-99.9-99.9-99.9-99.9-9.9 9912.1 54  9.7  11  8.5-9.9-9.9
5270120141121 22.3 10.3  0.009999-99.9-99.9-99.9-99.9-9.9 9913.7 78 11.7   8  6.1-9.9-9.9
5270120141122 25.5  7.0  0.009999-99.9-99.9-99.9-99.9-9.9 9913.5 57 11.3   9  7.5-9.9-9.9
5270120141123 30.6 13.0  9.519999-99.9-99.9-99.9-99.9-9.9 9915.7 59 13.7  13 10.5-9.9-9.9
5270120141124 23.5 12.5  0.009999-99.9-99.9-99.9-99.9-9.9 9911.5 51  8.7  12  9.7-9.9-9.9
5270120141125 26.1  5.9  0.009999-99.9-99.9-99.9-99.9-9.9 9911.1 54  8.4   7  5.4-9.9-9.9
5270120141126 29.7  8.8  2.219999-99.9-99.9-99.9-99.9-9.9 9913.3 61 11.2  11  8.8-9.9-9.9
5270120141127 28.1  7.3  5.519999-99.9-99.9-99.9-99.9-9.9 9915.2 63 13.0   8  6.2-9.9-9.9
5270120141128 29.8 15.0 19.819999-99.9-99.9-99.9-99.9-9.9 9916.4 57 14.3  15 12.4-9.9-9.9
5270120141129 21.0 12.5 25.819999-99.9-99.9-99.9-99.9-9.9 9914.9 91 12.7  18 14.3-9.9-9.9
5270120141130 19.0  9.0  0.009999-99.9-99.9-99.9-99.9-9.9 99 9.8 67  6.7  18 14.6-9.9-9.9
5270120141201 24.0  2.7  0.009999-99.9-99.9-99.9-99.9-9.9 99 9.8 58  6.5   5  4.2-9.9-9.9
5270120141202 25.3  6.0  0.009999-99.9-99.9-99.9-99.9-9.9 9911.8 64  9.3   5  4.2-9.9-9.9
5270120141203 32.8 10.0  0.009999-99.9-99.9-99.9-99.9-9.9 9912.9 37 10.6   9  7.0-9.9-9.9
5270120141204 32.1 12.0  0.009999-99.9-99.9-99.9-99.9-9.9 9916.7 59 14.6  10  8.4-9.9-9.9
5270120141205 31.7 16.4  0.009999-99.9-99.9-99.9-99.9-9.9 9916.9 53 14.8  17 13.7-9.9-9.9
5270120141206 34.0 16.4 35.019999-99.9-99.9-99.9-99.9-9.9 9918.9 65 16.5  13 10.1-9.9-9.9
5270120141207 28.2 15.2  0.009999-99.9-99.9-99.9-99.9-9.9 9915.7 58 13.6  10  7.9-9.9-9.9
5270120141208 31.7 13.8  0.009999-99.9-99.9-99.9-99.9-9.9 9915.6 49 13.6  12  9.7-9.9-9.9
5270120141209 33.1 13.4  9.019999-99.9-99.9-99.9-99.9-9.9 9919.4 71 16.9  12  9.7-9.9-9.9
5270120141210 22.9 11.2  0.009999-99.9-99.9-99.9-99.9-9.9 9910.6 50  7.6  16 12.9-9.9-9.9
5270120141211 24.8  7.2  0.009999-99.9-99.9-99.9-99.9-9.9 9912.4 59 10.0  13 10.4-9.9-9.9
5270120141212 29.6 11.0  2.519999-99.9-99.9-99.9-99.9-9.9 9914.3 50 12.2  13 10.3-9.9-9.9
5270120141213 26.8 13.5  0.009999-99.9-99.9-99.9-99.9-9.9 9912.1 50  9.5  14 11.0-9.9-9.9
5270120141214 27.7  8.6  0.009999-99.9-99.9-99.9-99.9-9.9 9911.5 48  8.9   7  5.7-9.9-9.9
5270120141215 19.5 12.2  1.219999-99.9-99.9-99.9-99.9-9.9 9915.9 82 13.9  10  8.1-9.9-9.9
5270120141216 29.3 13.0  6.219999-99.9-99.9-99.9-99.9-9.9 9917.6 71 15.4  11  8.9-9.9-9.9
5270120141217 29.3 13.1  4.819999-99.9-99.9-99.9-99.9-9.9 9915.4 62 13.4   7  5.3-9.9-9.9
5270120141218 33.5 11.7  0.009999-99.9-99.9-99.9-99.9-9.9 9913.1 42 10.7  12  9.7-9.9-9.9
5270120141219 33.0 17.4  0.009999-99.9-99.9-99.9-99.9-9.9 9912.2 29  9.6  15 11.8-9.9-9.9
5270120141220 24.7 15.0  0.009999-99.9-99.9-99.9-99.9-9.9 9911.7 57  9.0  12  9.9-9.9-9.9
5270120141221 22.0  7.3  0.009999-99.9-99.9-99.9-99.9-9.9 99 9.0 49  5.1  14 10.8-9.9-9.9
5270120141222 21.5  5.1  0.009999-99.9-99.9-99.9-99.9-9.9 99 7.9 49  3.6  11  8.9-9.9-9.9
5270120141223 28.2  6.0  0.009999-99.9-99.9-99.9-99.9-9.9 99 9.1 35  5.6  18 14.8-9.9-9.9
5270120141224 30.1  9.4  0.009999-99.9-99.9-99.9-99.9-9.9 9911.9 41  9.5  17 13.6-9.9-9.9
5270120141225 32.6 12.9  0.009999-99.9-99.9-99.9-99.9-9.9 9915.1 50 13.1  13 10.2-9.9-9.9
5270120141226 35.2 16.6  0.009999-99.9-99.9-99.9-99.9-9.9 9915.9 50 13.7  10  8.3-9.9-9.9
5270120141227 36.2 14.9  0.009999-99.9-99.9-99.9-99.9-9.9 9916.9 45 14.7   9  7.2-9.9-9.9
5270120141228 35.6 15.4  2.519999-99.9-99.9-99.9-99.9-9.9 9917.2 47 15.1  10  8.2-9.9-9.9
5270120141229 29.2 20.1  1.219999-99.9-99.9-99.9-99.9-9.9 9921.1 76 18.3  13 10.5-9.9-9.9
5270120141230 30.9 15.0  0.819999-99.9-99.9-99.9-99.9-9.9 9913.5 35 11.0  15 12.1-9.9-9.9
5270120141231 28.7 15.9  0.009999-99.9-99.9-99.9-99.9-9.9 9914.9 60 12.7  12  9.6-9.9-9.9
5270120150101 20.3 11.8  0.009999-99.9-99.9-99.9-99.9-9.9 99 9.9 52  6.5  23 18.2-9.9-9.9
5270120150102 24.1  7.0  0.009999-99.9-99.9-99.9-99.9-9.9 99 8.7 41  4.9  15 11.7-9.9-9.9
5270120150103 28.1  7.3  0.009999-99.9-99.9-99.9-99.9-9.9 9911.7 53  9.3  17 13.4-9.9-9.9
5270120150104 28.0  3.3  0.009999-99.9-99.9-99.9-99.9-9.9 99 9.1 43  5.6   9  7.1-9.9-9.9
5270120150105 35.2 12.2  3.519999-99.9-99.9-99.9-99.9-9.9 9917.5 52 15.1  21 17.1-9.9-9.9
5270120150106 32.9 17.5  0.009999-99.9-99.9-99.9-99.9-9.9 9915.5 58 13.1  13 10.6-9.9-9.9
5270120150107 33.9  7.9  0.009999-99.9-99.9-99.9-99.9-9.9 9912.7 42 10.4  12  9.9-9.9-9.9
5270120150108 33.4 13.4  2.019999-99.9-99.9-99.9-99.9-9.9 9918.1 59 15.6  13 10.1-9.9-9.9
5270120150109 31.2 19.0  0.009999-99.9-99.9-99.9-99.9-9.9 9916.1 48 13.6  17 13.4-9.9-9.9
5270120150110 34.5  9.5  0.009999-99.9-99.9-99.9-99.9-9.9 9913.8 43 11.7  13 10.6-9.9-9.9
5270120150111 32.3 11.5  0.009999-99.9-99.9-99.9-99.9-9.9 9913.0 44 10.7  10  7.7-9.9-9.9
5270120150112 29.2 12.9  0.009999-99.9-99.9-99.9-99.9-9.9 9911.0 35  8.2  17 13.7-9.9-9.9
5270120150113 28.7 13.6  0.009999-99.9-99.9-99.9-99.9-9.9 9915.1 62 12.9  10  8.4-9.9-9.9
5270120150114 30.1 16.5  0.009999-99.9-99.9-99.9-99.9-9.9 9916.2 56 13.6  17 13.9-9.9-9.9
5270120150115 26.4  5.6  0.819999-99.9-99.9-99.9-99.9-9.9 9913.0 54 10.0  12  9.6-9.9-9.9
5270120150116 35.5 18.6  0.519999-99.9-99.9-99.9-99.9-9.9 9919.7 66 17.0  21 16.5-9.9-9.9
5270120150117 26.7 10.0  0.009999-99.9-99.9-99.9-99.9-9.9 9912.2 52  9.9  11  9.0-9.9-9.9
5270120150118 30.9 12.6  5.519999-99.9-99.9-99.9-99.9-9.9 9917.8 73 15.5  16 12.5-9.9-9.9
5270120150119 20.9 13.8  0.009999-99.9-99.9-99.9-99.9-9.9 9915.9 77 13.7  21 17.2-9.9-9.9
5270120150120 26.3  6.1  0.009999-99.9-99.9-99.9-99.9-9.9 9911.0 55  8.3   6  4.5-9.9-9.9
5270120150121 27.9 10.5  0.009999-99.9-99.9-99.9-99.9-9.9 9913.2 54 11.1  11  8.9-9.9-9.9
5270120150122 28.5 14.6 13.019999-99.9-99.9-99.9-99.9-9.9 9916.7 66 14.6  19 15.0-9.9-9.9
5270120150123 32.0 15.3  0.009999-99.9-99.9-99.9-99.9-9.9 9919.9 68 17.3  12  9.6-9.9-9.9
5270120150124 33.3 18.5  0.819999-99.9-99.9-99.9-99.9-9.9 9921.7 60 18.7  13 10.2-9.9-9.9
5270120150125 32.1 20.4  0.219999-99.9-99.9-99.9-99.9-9.9 9917.8 52 15.3  13 10.0-9.9-9.9
5270120150126 25.2 17.4 37.519999-99.9-99.9-99.9-99.9-9.9 9921.0 89 18.2  10  8.2-9.9-9.9
5270120150127 33.2 18.3  0.009999-99.9-99.9-99.9-99.9-9.9 9918.3 56 15.8  12  9.9-9.9-9.9
5270120150128 26.4 13.7  0.009999-99.9-99.9-99.9-99.9-9.9 9912.8 56 10.4  18 14.3-9.9-9.9
5270120150129 26.7  8.4  0.009999-99.9-99.9-99.9-99.9-9.9 9911.8 55  9.2   7  5.7-9.9-9.9
5270120150130 27.2  9.5  0.009999-99.9-99.9-99.9-99.9-9.9 9913.3 59 11.2  12 10.0-9.9-9.9
5270120150131 29.9 13.8  0.009999-99.9-99.9-99.9-99.9-9.9 9916.5 59 14.4  17 13.7-9.9-9.9
5270120150201 30.7 15.7  0.009999-99.9-99.9-99.9-99.9-9.9 9918.5 67 16.2  11  8.9-9.9-9.9
5270120150202 32.8 16.9  0.009999-99.9-99.9-99.9-99.9-9.9 9920.6 61 18.0   8  6.7-9.9-9.9
5270120150203 31.4 16.5  1.019999-99.9-99.9-99.9-99.9-9.9 9921.7 80 18.8  11  8.7-9.9-9.9
5270120150204 30.0 18.8  9.219999-99.9-99.9-99.9-99.9-9.9 9922.4 78 19.3  13 10.3-9.9-9.9
5270120150205 32.6 16.8  0.219999-99.9-99.9-99.9-99.9-9.9 9920.9 66 18.1   9  6.9-9.9-9.9
5270120150206 33.8 18.0  0.009999-99.9-99.9-99.9-99.9-9.9 9921.5 67 18.5  10  7.9-9.9-9.9
5270120150207 34.4 17.8 23.019999-99.9-99.9-99.9-99.9-9.9 9922.0 64 19.0   9  7.2-9.9-9.9
5270120150208 27.7 17.4  0.219999-99.9-99.9-99.9-99.9-9.9 9920.8 81 18.0  11  8.7-9.9-9.9
5270120150209 23.2 13.6  0.819999-99.9-99.9-99.9-99.9-9.9 9914.6 72 12.6   9  7.4-9.9-9.9
5270120150210 26.7  8.5  0.219999-99.9-99.9-99.9-99.9-9.9 9911.3 51  8.5  13 10.4-9.9-9.9
5270120150211 31.0 10.0  0.009999-99.9-99.9-99.9-99.9-9.9 9914.9 51 12.8  14 11.4-9.9-9.9
5270120150212 24.5 13.8  0.519999-99.9-99.9-99.9-99.9-9.9 9912.5 54  9.7  18 14.4-9.9-9.9
5270120150213 24.3  6.9  0.009999-99.9-99.9-99.9-99.9-9.9 9911.3 54  8.7   6  4.9-9.9-9.9
5270120150214 26.6 10.9  0.009999-99.9-99.9-99.9-99.9-9.9 9914.6 63 12.5  12  9.7-9.9-9.9
5270120150215 28.5 13.3  0.009999-99.9-99.9-99.9-99.9-9.9 9916.4 64 14.4  11  8.9-9.9-9.9
5270120150216 29.6 15.2 31.019999-99.9-99.9-99.9-99.9-9.9 9919.1 70 16.8  12  9.8-9.9-9.9
5270120150217 29.1 17.5 30.219999-99.9-99.9-99.9-99.9-9.9 9921.1 77 18.3   9  6.9-9.9-9.9
5270120150218 22.0 12.8  0.219999-99.9-99.9-99.9-99.9-9.9 9915.2 76 12.9  17 13.5-9.9-9.9
5270120150219 21.2  9.6  0.009999-99.9-99.9-99.9-99.9-9.9 9911.1 66  8.5  14 11.6-9.9-9.9
5270120150220 22.8  4.8  0.009999-99.9-99.9-99.9-99.9-9.9 9910.0 55  6.9   6  4.5-9.9-9.9
5270120150221 24.2  8.8  0.009999-99.9-99.9-99.9-99.9-9.9 9913.3 71 11.1  12  9.5-9.9-9.9
5270120150222 29.0  9.3  3.819999-99.9-99.9-99.9-99.9-9.9 9916.1 69 14.0  10  8.2-9.9-9.9
5270120150223 31.2 17.3  0.009999-99.9-99.9-99.9-99.9-9.9 9919.4 63 16.9  15 12.1-9.9-9.9
5270120150224 33.6 17.6  1.519999-99.9-99.9-99.9-99.9-9.9 9921.4 68 18.5  14 11.4-9.9-9.9
5270120150225 22.8 13.5  2.219999-99.9-99.9-99.9-99.9-9.9 9914.6 78 12.6  28 22.0-9.9-9.9
5270120150226 24.9 12.1  0.009999-99.9-99.9-99.9-99.9-9.9 9915.0 71 13.0   7  5.3-9.9-9.9
5270120150227 25.2 10.8  0.009999-99.9-99.9-99.9-99.9-9.9 9914.1 68 12.1  10  8.4-9.9-9.9
5270120150228 26.8 10.0  0.009999-99.9-99.9-99.9-99.9-9.9 9914.4 68 12.3  10  8.3-9.9-9.9
5270120150301 21.3 13.3  5.019999-99.9-99.9-99.9-99.9-9.9 9917.5 94 15.4   9  7.2-9.9-9.9
5270120150302 32.7 15.5  0.009999-99.9-99.9-99.9-99.9-9.9 9917.9 66 15.6  14 11.0-9.9-9.9
5270120150303 32.2 13.9  7.819999-99.9-99.9-99.9-99.9-9.9 9918.3 69 16.0   9  6.9-9.9-9.9
5270120150304 30.5 14.9  0.009999-99.9-99.9-99.9-99.9-9.9 9920.6 78 18.0   7  5.3-9.9-9.9
5270120150305 30.3 14.7  0.009999-99.9-99.9-99.9-99.9-9.9 9920.2 79 17.6  10  7.9-9.9-9.9
5270120150306 31.3 15.9  0.009999-99.9-99.9-99.9-99.9-9.9 9920.9 73 18.2  16 12.7-9.9-9.9
5270120150307 32.7 17.5  0.009999-99.9-99.9-99.9-99.9-9.9 9922.4 66 19.2  17 13.3-9.9-9.9
5270120150308 34.7 21.3  0.009999-99.9-99.9-99.9-99.9-9.9 9924.0 74 20.3  14 11.0-9.9-9.9
5270120150309 26.4 17.6  1.819999-99.9-99.9-99.9-99.9-9.9 9922.2 89 19.1  11  9.0-9.9-9.9
5270120150310 31.6 15.1  0.009999-99.9-99.9-99.9-99.9-9.9 9920.1 68 17.5  10  7.9-9.9-9.9
5270120150311 32.9 16.1  0.009999-99.9-99.9-99.9-99.9-9.9 9920.3 64 17.7  11  9.0-9.9-9.9
5270120150312 31.9 17.1  0.519999-99.9-99.9-99.9-99.9-9.9 9920.2 59 17.6  13 10.4-9.9-9.9
5270120150313 25.9 18.9  7.019999-99.9-99.9-99.9-99.9-9.9 9922.0 89 19.0  13 10.2-9.9-9.9
5270120150314 23.7 12.4  0.009999-99.9-99.9-99.9-99.9-9.9 9914.3 74 12.1  15 11.7-9.9-9.9
5270120150315 26.7  5.8  0.009999-99.9-99.9-99.9-99.9-9.9 9912.4 65 10.0   7  5.8-9.9-9.9
5270120150316 29.7  9.8  0.009999-99.9-99.9-99.9-99.9-9.9 9919.0 80 16.2  16 12.6-9.9-9.9
5270120150317 32.7 18.7  9.519999-99.9-99.9-99.9-99.9-9.9 9923.3 80 19.9  11  9.0-9.9-9.9
5270120150318 32.7 17.5  0.009999-99.9-99.9-99.9-99.9-9.9 9921.3 66 18.4  12  9.8-9.9-9.9
5270120150319 31.8 19.6  0.009999-99.9-99.9-99.9-99.9-9.9 9918.6 60 16.3  14 11.0-9.9-9.9
5270120150320 26.3 11.0  1.019999-99.9-99.9-99.9-99.9-9.9 9913.4 54 10.5  22 17.4-9.9-9.9
5270120150321 19.3  8.3  0.009999-99.9-99.9-99.9-99.9-9.9 9910.1 65  7.1  16 12.9-9.9-9.9
5270120150322 22.5  4.2  0.009999-99.9-99.9-99.9-99.9-9.9 9910.4 65  7.5   4  3.5-9.9-9.9
5270120150323 24.6  5.5  0.009999-99.9-99.9-99.9-99.9-9.9 9910.9 62  8.2   5  4.2-9.9-9.9
5270120150324 24.2 10.4  0.009999-99.9-99.9-99.9-99.9-9.9 9912.7 63 10.4  10  8.1-9.9-9.9
5270120150325 20.0  7.3  0.009999-99.9-99.9-99.9-99.9-9.9 9910.8 74  8.1  12  9.8-9.9-9.9
5270120150326 22.0  4.7  0.009999-99.9-99.9-99.9-99.9-9.9 9910.9 71  8.2   8  6.6-9.9-9.9
5270120150327 24.5  4.1  0.009999-99.9-99.9-99.9-99.9-9.9 9910.3 66  7.3   8  6.1-9.9-9.9
5270120150328 27.3  7.0  0.009999-99.9-99.9-99.9-99.9-9.9 9913.0 62 10.7  10  8.0-9.9-9.9
5270120150329 30.2  9.6  0.009999-99.9-99.9-99.9-99.9-9.9 9915.4 67 13.4  12  9.6-9.9-9.9
5270120150330 22.4 12.6  0.009999-99.9-99.9-99.9-99.9-9.9 9914.4 80 12.3  11  8.4-9.9-9.9
5270120150331 25.9  4.7  0.009999-99.9-99.9-99.9-99.9-9.9 9910.1 54  6.9   8  6.1-9.9-9.9
5270120150401 30.4  6.6  0.009999-99.9-99.9-99.9-99.9-9.9 9912.8 57 10.2  15 11.8-9.9-9.9
5270120150402 32.2 10.5  0.009999-99.9-99.9-99.9-99.9-9.9 9915.2 56 13.0  12  9.2-9.9-9.9
5270120150403 27.5 13.5  0.009999-99.9-99.9-99.9-99.9-9.9 9912.2 47  9.6  13 10.3-9.9-9.9
5270120150404 26.3  6.9  0.009999-99.9-99.9-99.9-99.9-9.9 9911.4 60  8.8   8  6.7-9.9-9.9
5270120150405 20.7  7.8  0.009999-99.9-99.9-99.9-99.9-9.9 9910.5 67  7.6  15 12.0-9.9-9.9
5270120150406 18.4  1.4  0.009999-99.9-99.9-99.9-99.9-9.9 99 8.4 66  4.5   5  4.3-9.9-9.9
5270120150407 21.8  8.0  0.009999-99.9-99.9-99.9-99.9-9.9 9911.3 67  8.6  10  8.2-9.9-9.9
5270120150408 24.4  9.5  0.009999-99.9-99.9-99.9-99.9-9.9 9914.2 74 12.2   8  6.5-9.9-9.9
5270120150409 28.5  8.5  3.219999-99.9-99.9-99.9-99.9-9.9 9915.6 70 13.5   8  6.5-9.9-9.9
5270120150410 21.0 15.6  0.219999-99.9-99.9-99.9-99.9-9.9 9917.6 85 15.4   8  6.6-9.9-9.9
5270120150411 24.1  7.7  0.009999-99.9-99.9-99.9-99.9-9.9 9911.0 67  8.3   7  5.9-9.9-9.9
5270120150412 25.8  8.9  0.009999-99.9-99.9-99.9-99.9-9.9 9914.8 76 12.4  12  9.6-9.9-9.9
5270120150413 20.0 15.5-99.999999-99.9-99.9-99.9-99.9-9.9 9919.4 99 17.0  11  8.6-9.9-9.9
5270120150414-99.9-99.9  0.009999-99.9-99.9-99.9-99.9-9.9 9916.0 77 13.8 -99-99.9-9.9-9.9
5270120150415 16.0  9.8-99.999999-99.9-99.9-99.9-99.9-9.9 9913.1 92 11.0  16 12.7-9.9-9.9
5270120150416-99.9-99.9-99.999999-99.9-99.9-99.9-99.9-9.9 99-9.9-99-99.9 -99-99.9-9.9-9.9
5270120150417-99.9-99.9  0.219999-99.9-99.9-99.9-99.9-9.9 99-9.9 84-99.9 -99-99.9-9.9-9.9
5270120150418 23.4  6.0  0.009999-99.9-99.9-99.9-99.9-9.9 9910.7 64  7.8  13 10.5-9.9-9.9
5270120150419 21.8  9.7  0.009999-99.9-99.9-99.9-99.9-9.9 9910.3 67  7.3  13 10.0-9.9-9.9
5270120150420 21.2  7.8  0.009999-99.9-99.9-99.9-99.9-9.9 99 9.5 67  6.2  10  8.0-9.9-9.9
5270120150421 22.4  5.4  0.009999-99.9-99.9-99.9-99.9-9.9 99 9.6 67  6.1   5  4.3-9.9-9.9
5270120150422 23.1  5.1  0.009999-99.9-99.9-99.9-99.9-9.9 99 9.9 60  6.8  11  9.1-9.9-9.9
5270120150423 26.4  9.6  0.009999-99.9-99.9-99.9-99.9-9.9 9911.7 63  9.2  13 10.6-9.9-9.9
5270120150424 26.3  8.4  0.009999-99.9-99.9-99.9-99.9-9.9 9913.7 73 11.5   9  6.8-9.9-9.9
5270120150425 28.2  8.0  0.009999-99.9-99.9-99.9-99.9-9.9 9913.8 65 11.6   9  7.0-9.9-9.9
5270120150426 26.7 10.1  0.009999-99.9-99.9-99.9-99.9-9.9 9915.6 81 13.5  10  8.2-9.9-9.9
5270120150427 15.9 11.0  0.519999-99.9-99.9-99.9-99.9-9.9 9913.3 90 11.2  19 15.1-9.9-9.9
5270120150428 19.5  9.7 23.819999-99.9-99.9-99.9-99.9-9.9 9913.6 85 11.5  12  9.7-9.9-9.9
5270120150429 13.9 11.4-99.999999-99.9-99.9-99.9-99.9-9.9 9914.4100 12.4  16 12.9-9.9-9.9
5270120150430-99.9-99.9-99.999999-99.9-99.9-99.9-99.9-9.9 99-9.9-99-99.9 -99-99.9-9.9-9.9
5270120150519-99.9-99.9-99.999999-99.9-99.9-99.9-99.9-9.9 99-9.9-99-99.9 -99-99.9-9.9-9.9
5270120150523-99.9-99.9  0.009999-99.9-99.9-99.9-99.9-9.9 99-9.9 71-99.9 -99-99.9-9.9-9.9
5270120150524 14.9 -0.2  0.009999-99.9-99.9-99.9-99.9-9.9 99 6.4 65  0.4   9  7.5-9.9-9.9
5270120150525 17.3 -1.7  0.009999-99.9-99.9-99.9-99.9-9.9 99 6.8 64  1.2  12  9.5-9.9-9.9
5270120150526 19.7  2.0  0.009999-99.9-99.9-99.9-99.9-9.9 99 9.3 79  5.8   5  4.0-9.9-9.9
5270120150527 15.6  1.1  0.009999-99.9-99.9-99.9-99.9-9.9 9910.1 88  6.9   5  4.3-9.9-9.9
5270120150528 17.5  2.7  0.009999-99.9-99.9-99.9-99.9-9.9 9911.4 87  8.7  12 10.0-9.9-9.9
5270120150529-99.9-99.9-99.999999-99.9-99.9-99.9-99.9-9.9 99-9.9-99-99.9 -99-99.9-9.9-9.9
5270120150530-99.9-99.9  0.009999-99.9-99.9-99.9-99.9-9.9 99-9.9 72-99.9 -99-99.9-9.9-9.9
5270120150531 20.2  6.0  0.009999-99.9-99.9-99.9-99.9-9.9 9910.1 74  7.0  10  7.9-9.9-9.9
5270120150601 14.2  3.8-99.999999-99.9-99.9-99.9-99.9-9.9 9911.7100  9.1 -99-99.9-9.9-9.9
5270120150602-99.9-99.9-99.999999-99.9-99.9-99.9-99.9-9.9 99-9.9-99-99.9 -99-99.9-9.9-9.9
5270120150603-99.9-99.9-99.999999-99.9-99.9-99.9-99.9-9.9 99-9.9-99-99.9 -99-99.9-9.9-9.9
5270120150604-99.9-99.9  0.009999-99.9-99.9-99.9-99.9-9.9 99-9.9 67-99.9 -99-99.9-9.9-9.9
5270120150605 20.1  9.8-99.999999-99.9-99.9-99.9-99.9-9.9 9913.8 86 11.7  10  7.8-9.9-9.9
5270120150606-99.9-99.9-99.999999-99.9-99.9-99.9-99.9-9.9 99-9.9-99-99.9 -99-99.9-9.9-9.9
5270120150607-99.9-99.9-99.999999-99.9-99.9-99.9-99.9-9.9 99-9.9-99-99.9 -99-99.9-9.9-9.9
5270120150608-99.9-99.9-99.999999-99.9-99.9-99.9-99.9-9.9 99-9.9-99-99.9 -99-99.9-9.9-9.9
5270120150611-99.9-99.9-99.999999-99.9-99.9-99.9-99.9-9.9 99-9.9 54-99.9 -99-99.9-9.9-9.9
5270120150612-99.9-99.9  0.009999-99.9-99.9-99.9-99.9-9.9 99 5.7 61 -1.1 -99-99.9-9.9-9.9
5270120150613 16.8 -3.7-99.999999-99.9-99.9-99.9-99.9-9.9 99 5.5 52 -1.7  10  8.0-9.9-9.9
5270120150614-99.9-99.9-99.999999-99.9-99.9-99.9-99.9-9.9 99-9.9 61-99.9 -99-99.9-9.9-9.9
5270120150615-99.9-99.9-99.999999-99.9-99.9-99.9-99.9-9.9 99-9.9-99-99.9 -99-99.9-9.9-9.9
5270120150622-99.9-99.9-99.999999-99.9-99.9-99.9-99.9-9.9 99-9.9-99-99.9 -99-99.9-9.9-9.9
5270120150623-99.9-99.9-99.999999-99.9-99.9-99.9-99.9-9.9 99-9.9-99-99.9 -99-99.9-9.9-9.9
5270120150628-99.9-99.9-99.999999-99.9-99.9-99.9-99.9-9.9 99-9.9-99-99.9 -99-99.9-9.9-9.9
5270120150629-99.9-99.9-99.999999-99.9-99.9-99.9-99.9-9.9 99-9.9-99-99.9 -99-99.9-9.9-9.9
5270120150630-99.9-99.9-99.999999-99.9-99.9-99.9-99.9-9.9 99-9.9-99-99.9 -99-99.9-9.9-9.9
5270120150703-99.9-99.9-99.999999-99.9-99.9-99.9-99.9-9.9 99-9.9-99-99.9 -99-99.9-9.9-9.9
5270120150704-99.9-99.9-99.999999-99.9-99.9-99.9-99.9-9.9 99-9.9-99-99.9 -99-99.9-9.9-9.9
5270120150706-99.9-99.9-99.999999-99.9-99.9-99.9-99.9-9.9 99-9.9-99-99.9 -99-99.9-9.9-9.9
5270120150707-99.9-99.9-99.999999-99.9-99.9-99.9-99.9-9.9 99-9.9-99-99.9 -99-99.9-9.9-9.9
5270120150709-99.9-99.9-99.999999-99.9-99.9-99.9-99.9-9.9 99-9.9-99-99.9 -99-99.9-9.9-9.9
5270120150710-99.9-99.9-99.999999-99.9-99.9-99.9-99.9-9.9 99-9.9-99-99.9 -99-99.9-9.9-9.9
5270120150711-99.9-99.9-99.999999-99.9-99.9-99.9-99.9-9.9 99-9.9-99-99.9 -99-99.9-9.9-9.9
5270120150713-99.9-99.9-99.999999-99.9-99.9-99.9-99.9-9.9 99-9.9-99-99.9 -99-99.9-9.9-9.9
5270120150714-99.9-99.9-99.999999-99.9-99.9-99.9-99.9-9.9 99-9.9-99-99.9 -99-99.9-9.9-9.9
5270120150717-99.9-99.9-99.999999-99.9-99.9-99.9-99.9-9.9 99-9.9-99-99.9 -99-99.9-9.9-9.9
5270120150719-99.9-99.9-99.999999-99.9-99.9-99.9-99.9-9.9 99-9.9-99-99.9 -99-99.9-9.9-9.9
5270120150720-99.9-99.9-99.999999-99.9-99.9-99.9-99.9-9.9 99-9.9-99-99.9 -99-99.9-9.9-9.9
5270120150721-99.9-99.9-99.999999-99.9-99.9-99.9-99.9-9.9 99-9.9-99-99.9 -99-99.9-9.9-9.9
5270120150722-99.9-99.9-99.999999-99.9-99.9-99.9-99.9-9.9 99-9.9-99-99.9 -99-99.9-9.9-9.9
5270120150723-99.9-99.9-99.999999-99.9-99.9-99.9-99.9-9.9 99-9.9-99-99.9 -99-99.9-9.9-9.9
5270120150724-99.9-99.9-99.999999-99.9-99.9-99.9-99.9-9.9 99-9.9-99-99.9 -99-99.9-9.9-9.9
5270120150725-99.9-99.9-99.999999-99.9-99.9-99.9-99.9-9.9 99-9.9-99-99.9 -99-99.9-9.9-9.9
5270120150728-99.9-99.9-99.999999-99.9-99.9-99.9-99.9-9.9 99-9.9-99-99.9 -99-99.9-9.9-9.9
5270120150730-99.9-99.9-99.999999-99.9-99.9-99.9-99.9-9.9 99-9.9-99-99.9 -99-99.9-9.9-9.9
5270120150802-99.9-99.9-99.999999-99.9-99.9-99.9-99.9-9.9 99-9.9-99-99.9 -99-99.9-9.9-9.9
5270120150803-99.9-99.9-99.999999-99.9-99.9-99.9-99.9-9.9 99-9.9-99-99.9 -99-99.9-9.9-9.9
5270120150805-99.9-99.9-99.999999-99.9-99.9-99.9-99.9-9.9 99-9.9-99-99.9 -99-99.9-9.9-9.9
5270120150807-99.9-99.9-99.999999-99.9-99.9-99.9-99.9-9.9 99-9.9-99-99.9 -99-99.9-9.9-9.9
5270120150812-99.9-99.9-99.999999-99.9-99.9-99.9-99.9-9.9 99-9.9-99-99.9 -99-99.9-9.9-9.9
5270120150814-99.9-99.9-99.999999-99.9-99.9-99.9-99.9-9.9 99-9.9-99-99.9 -99-99.9-9.9-9.9
5270120150815-99.9-99.9-99.999999-99.9-99.9-99.9-99.9-9.9 99-9.9-99-99.9 -99-99.9-9.9-9.9
5270120150816-99.9-99.9-99.999999-99.9-99.9-99.9-99.9-9.9 99-9.9-99-99.9 -99-99.9-9.9-9.9
5270120150817-99.9-99.9-99.999999-99.9-99.9-99.9-99.9-9.9 99-9.9-99-99.9 -99-99.9-9.9-9.9
5270120150818-99.9-99.9-99.999999-99.9-99.9-99.9-99.9-9.9 99-9.9-99-99.9 -99-99.9-9.9-9.9
5270120150819-99.9-99.9-99.999999-99.9-99.9-99.9-99.9-9.9 99-9.9-99-99.9 -99-99.9-9.9-9.9
5270120150820-99.9-99.9-99.999999-99.9-99.9-99.9-99.9-9.9 99-9.9-99-99.9 -99-99.9-9.9-9.9
5270120150824-99.9-99.9-99.999999-99.9-99.9-99.9-99.9-9.9 99-9.9-99-99.9 -99-99.9-9.9-9.9
5270120150826-99.9-99.9-99.999999-99.9-99.9-99.9-99.9-9.9 99-9.9-99-99.9 -99-99.9-9.9-9.9
5270120150827-99.9-99.9-99.999999-99.9-99.9-99.9-99.9-9.9 99-9.9-99-99.9 -99-99.9-9.9-9.9
5270120150828-99.9-99.9-99.999999-99.9-99.9-99.9-99.9-9.9 99-9.9-99-99.9 -99-99.9-9.9-9.9
5270120150829-99.9-99.9-99.999999-99.9-99.9-99.9-99.9-9.9 99-9.9-99-99.9 -99-99.9-9.9-9.9
5270120150830-99.9-99.9-99.999999-99.9-99.9-99.9-99.9-9.9 99-9.9-99-99.9 -99-99.9-9.9-9.9
5270120150831-99.9-99.9-99.999999-99.9-99.9-99.9-99.9-9.9 99-9.9-99-99.9 -99-99.9-9.9-9.9
5270120150901-99.9-99.9-99.999999-99.9-99.9-99.9-99.9-9.9 99-9.9-99-99.9 -99-99.9-9.9-9.9
5270120150903-99.9-99.9-99.999999-99.9-99.9-99.9-99.9-9.9 99-9.9-99-99.9 -99-99.9-9.9-9.9
5270120150904-99.9-99.9-99.999999-99.9-99.9-99.9-99.9-9.9 99-9.9-99-99.9 -99-99.9-9.9-9.9
5270120150905-99.9-99.9-99.999999-99.9-99.9-99.9-99.9-9.9 99-9.9-99-99.9 -99-99.9-9.9-9.9
5270120150906-99.9-99.9-99.999999-99.9-99.9-99.9-99.9-9.9 99-9.9-99-99.9 -99-99.9-9.9-9.9
5270120150908-99.9-99.9-99.999999-99.9-99.9-99.9-99.9-9.9 99-9.9-99-99.9 -99-99.9-9.9-9.9
5270120150909-99.9-99.9-99.999999-99.9-99.9-99.9-99.9-9.9 99-9.9-99-99.9 -99-99.9-9.9-9.9
5270120150910-99.9-99.9-99.999999-99.9-99.9-99.9-99.9-9.9 99-9.9-99-99.9 -99-99.9-9.9-9.9
5270120150911-99.9-99.9-99.999999-99.9-99.9-99.9-99.9-9.9 99-9.9-99-99.9 -99-99.9-9.9-9.9
5270120150912-99.9-99.9-99.999999-99.9-99.9-99.9-99.9-9.9 99-9.9-99-99.9 -99-99.9-9.9-9.9
5270120150914-99.9-99.9-99.999999-99.9-99.9-99.9-99.9-9.9 99-9.9-99-99.9 -99-99.9-9.9-9.9
5270120150915-99.9-99.9-99.999999-99.9-99.9-99.9-99.9-9.9 99-9.9-99-99.9 -99-99.9-9.9-9.9
5270120150916-99.9-99.9-99.999999-99.9-99.9-99.9-99.9-9.9 99-9.9-99-99.9 -99-99.9-9.9-9.9
5270120150917-99.9-99.9-99.999999-99.9-99.9-99.9-99.9-9.9 99-9.9-99-99.9 -99-99.9-9.9-9.9
5270120150918-99.9-99.9-99.999999-99.9-99.9-99.9-99.9-9.9 99-9.9-99-99.9 -99-99.9-9.9-9.9
5270120150919-99.9-99.9-99.999999-99.9-99.9-99.9-99.9-9.9 99-9.9-99-99.9 -99-99.9-9.9-9.9
5270120150920-99.9-99.9-99.999999-99.9-99.9-99.9-99.9-9.9 99-9.9-99-99.9 -99-99.9-9.9-9.9
5270120150922-99.9-99.9-99.999999-99.9-99.9-99.9-99.9-9.9 99-9.9-99-99.9 -99-99.9-9.9-9.9
5270120150924-99.9-99.9-99.999999-99.9-99.9-99.9-99.9-9.9 99-9.9-99-99.9 -99-99.9-9.9-9.9
5270120150925-99.9-99.9-99.999999-99.9-99.9-99.9-99.9-9.9 99-9.9-99-99.9 -99-99.9-9.9-9.9
5270120150926-99.9-99.9-99.999999-99.9-99.9-99.9-99.9-9.9 99-9.9-99-99.9 -99-99.9-9.9-9.9
5270120150927-99.9-99.9-99.999999-99.9-99.9-99.9-99.9-9.9 99-9.9-99-99.9 -99-99.9-9.9-9.9
5270120150928-99.9-99.9-99.999999-99.9-99.9-99.9-99.9-9.9 99-9.9-99-99.9 -99-99.9-9.9-9.9
5270120150929-99.9-99.9-99.999999-99.9-99.9-99.9-99.9-9.9 99-9.9-99-99.9 -99-99.9-9.9-9.9
5270120150930-99.9-99.9-99.999999-99.9-99.9-99.9-99.9-9.9 99-9.9-99-99.9 -99-99.9-9.9-9.9
5270120151003-99.9-99.9-99.999999-99.9-99.9-99.9-99.9-9.9 99-9.9-99-99.9 -99-99.9-9.9-9.9
5270120151004-99.9-99.9-99.999999-99.9-99.9-99.9-99.9-9.9 99-9.9-99-99.9 -99-99.9-9.9-9.9
5270120151007-99.9-99.9-99.999999-99.9-99.9-99.9-99.9-9.9 99-9.9-99-99.9 -99-99.9-9.9-9.9
5270120151008-99.9-99.9-99.999999-99.9-99.9-99.9-99.9-9.9 99-9.9-99-99.9 -99-99.9-9.9-9.9
5270120151009-99.9-99.9-99.999999-99.9-99.9-99.9-99.9-9.9 99-9.9-99-99.9 -99-99.9-9.9-9.9
5270120151010-99.9-99.9-99.999999-99.9-99.9-99.9-99.9-9.9 99-9.9-99-99.9 -99-99.9-9.9-9.9
5270120151011-99.9-99.9-99.999999-99.9-99.9-99.9-99.9-9.9 99-9.9-99-99.9 -99-99.9-9.9-9.9
5270120151012-99.9-99.9-99.999999-99.9-99.9-99.9-99.9-9.9 99-9.9-99-99.9 -99-99.9-9.9-9.9
5270120151013-99.9-99.9-99.999999-99.9-99.9-99.9-99.9-9.9 99-9.9-99-99.9 -99-99.9-9.9-9.9
5270120151014-99.9-99.9-99.999999-99.9-99.9-99.9-99.9-9.9 99-9.9-99-99.9 -99-99.9-9.9-9.9
5270120151015-99.9-99.9-99.999999-99.9-99.9-99.9-99.9-9.9 99-9.9-99-99.9 -99-99.9-9.9-9.9
5270120151016-99.9-99.9-99.999999-99.9-99.9-99.9-99.9-9.9 99-9.9-99-99.9 -99-99.9-9.9-9.9
5270120151017-99.9-99.9-99.999999-99.9-99.9-99.9-99.9-9.9 99-9.9-99-99.9 -99-99.9-9.9-9.9
5270120151018-99.9-99.9-99.999999-99.9-99.9-99.9-99.9-9.9 99-9.9-99-99.9 -99-99.9-9.9-9.9
5270120151019-99.9-99.9-99.999999-99.9-99.9-99.9-99.9-9.9 99-9.9-99-99.9 -99-99.9-9.9-9.9
5270120151020-99.9-99.9-99.999999-99.9-99.9-99.9-99.9-9.9 99-9.9-99-99.9 -99-99.9-9.9-9.9
5270120151021-99.9-99.9-99.999999-99.9-99.9-99.9-99.9-9.9 99-9.9-99-99.9 -99-99.9-9.9-9.9
5270120151022-99.9-99.9-99.999999-99.9-99.9-99.9-99.9-9.9 99-9.9-99-99.9 -99-99.9-9.9-9.9
5270120151023-99.9-99.9-99.999999-99.9-99.9-99.9-99.9-9.9 99-9.9-99-99.9 -99-99.9-9.9-9.9
5270120151024-99.9-99.9-99.999999-99.9-99.9-99.9-99.9-9.9 99-9.9-99-99.9 -99-99.9-9.9-9.9
5270120151026-99.9-99.9-99.999999-99.9-99.9-99.9-99.9-9.9 99-9.9-99-99.9 -99-99.9-9.9-9.9
5270120151027-99.9-99.9-99.999999-99.9-99.9-99.9-99.9-9.9 99-9.9-99-99.9 -99-99.9-9.9-9.9
5270120151028-99.9-99.9-99.999999-99.9-99.9-99.9-99.9-9.9 99-9.9-99-99.9 -99-99.9-9.9-9.9
5270120151029-99.9-99.9-99.999999-99.9-99.9-99.9-99.9-9.9 99-9.9-99-99.9 -99-99.9-9.9-9.9
5270120151030-99.9-99.9-99.999999-99.9-99.9-99.9-99.9-9.9 99-9.9-99-99.9 -99-99.9-9.9-9.9
5270120151031-99.9-99.9-99.999999-99.9-99.9-99.9-99.9-9.9 99-9.9-99-99.9 -99-99.9-9.9-9.9
5270120151101-99.9-99.9-99.999999-99.9-99.9-99.9-99.9-9.9 99-9.9-99-99.9 -99-99.9-9.9-9.9
5270120151102-99.9-99.9-99.999999-99.9-99.9-99.9-99.9-9.9 99-9.9-99-99.9 -99-99.9-9.9-9.9
5270120151103-99.9-99.9-99.999999-99.9-99.9-99.9-99.9-9.9 99-9.9-99-99.9 -99-99.9-9.9-9.9
5270120151104-99.9-99.9-99.999999-99.9-99.9-99.9-99.9-9.9 99-9.9-99-99.9 -99-99.9-9.9-9.9
5270120151105-99.9-99.9-99.999999-99.9-99.9-99.9-99.9-9.9 99-9.9-99-99.9 -99-99.9-9.9-9.9
5270120151106-99.9-99.9-99.999999-99.9-99.9-99.9-99.9-9.9 99-9.9-99-99.9 -99-99.9-9.9-9.9
5270120151107-99.9-99.9-99.999999-99.9-99.9-99.9-99.9-9.9 99-9.9-99-99.9 -99-99.9-9.9-9.9
5270120151108-99.9-99.9-99.999999-99.9-99.9-99.9-99.9-9.9 99-9.9-99-99.9 -99-99.9-9.9-9.9
5270120151109-99.9-99.9-99.999999-99.9-99.9-99.9-99.9-9.9 99-9.9-99-99.9 -99-99.9-9.9-9.9
5270120151110-99.9-99.9-99.999999-99.9-99.9-99.9-99.9-9.9 99-9.9-99-99.9 -99-99.9-9.9-9.9
5270120151111-99.9-99.9-99.999999-99.9-99.9-99.9-99.9-9.9 99-9.9-99-99.9 -99-99.9-9.9-9.9
5270120151112-99.9-99.9-99.999999-99.9-99.9-99.9-99.9-9.9 99-9.9-99-99.9 -99-99.9-9.9-9.9
5270120151113-99.9-99.9-99.999999-99.9-99.9-99.9-99.9-9.9 99-9.9-99-99.9 -99-99.9-9.9-9.9
5270120151114-99.9-99.9-99.999999-99.9-99.9-99.9-99.9-9.9 99-9.9-99-99.9 -99-99.9-9.9-9.9
5270120151115-99.9-99.9-99.999999-99.9-99.9-99.9-99.9-9.9 99-9.9-99-99.9 -99-99.9-9.9-9.9
5270120151117-99.9-99.9-99.999999-99.9-99.9-99.9-99.9-9.9 99-9.9-99-99.9 -99-99.9-9.9-9.9
5270120151118-99.9-99.9-99.999999-99.9-99.9-99.9-99.9-9.9 99-9.9-99-99.9 -99-99.9-9.9-9.9
5270120151119-99.9-99.9-99.999999-99.9-99.9-99.9-99.9-9.9 99-9.9-99-99.9 -99-99.9-9.9-9.9
5270120151120-99.9-99.9-99.999999-99.9-99.9-99.9-99.9-9.9 99-9.9-99-99.9 -99-99.9-9.9-9.9
5270120151121-99.9-99.9-99.999999-99.9-99.9-99.9-99.9-9.9 99-9.9-99-99.9 -99-99.9-9.9-9.9
5270120151122-99.9-99.9-99.999999-99.9-99.9-99.9-99.9-9.9 99-9.9-99-99.9 -99-99.9-9.9-9.9
5270120151123-99.9-99.9-99.999999-99.9-99.9-99.9-99.9-9.9 99-9.9-99-99.9 -99-99.9-9.9-9.9
5270120151124-99.9-99.9-99.999999-99.9-99.9-99.9-99.9-9.9 99-9.9-99-99.9 -99-99.9-9.9-9.9
5270120151125-99.9-99.9-99.999999-99.9-99.9-99.9-99.9-9.9 99-9.9-99-99.9 -99-99.9-9.9-9.9
5270120151126-99.9-99.9-99.999999-99.9-99.9-99.9-99.9-9.9 99-9.9-99-99.9 -99-99.9-9.9-9.9
5270120151127-99.9-99.9-99.999999-99.9-99.9-99.9-99.9-9.9 99-9.9-99-99.9 -99-99.9-9.9-9.9
5270120151128-99.9-99.9-99.999999-99.9-99.9-99.9-99.9-9.9 99-9.9-99-99.9 -99-99.9-9.9-9.9
5270120151129-99.9-99.9-99.999999-99.9-99.9-99.9-99.9-9.9 99-9.9-99-99.9 -99-99.9-9.9-9.9
5270120151130-99.9-99.9-99.999999-99.9-99.9-99.9-99.9-9.9 99-9.9-99-99.9 -99-99.9-9.9-9.9
5270120151201-99.9-99.9-99.999999-99.9-99.9-99.9-99.9-9.9 99-9.9-99-99.9 -99-99.9-9.9-9.9
5270120151202-99.9-99.9-99.999999-99.9-99.9-99.9-99.9-9.9 99-9.9-99-99.9 -99-99.9-9.9-9.9
5270120151203-99.9-99.9-99.999999-99.9-99.9-99.9-99.9-9.9 99-9.9-99-99.9 -99-99.9-9.9-9.9
5270120151204-99.9-99.9-99.999999-99.9-99.9-99.9-99.9-9.9 99-9.9-99-99.9 -99-99.9-9.9-9.9
5270120151205-99.9-99.9-99.999999-99.9-99.9-99.9-99.9-9.9 99-9.9-99-99.9 -99-99.9-9.9-9.9
5270120151206-99.9-99.9-99.999999-99.9-99.9-99.9-99.9-9.9 99-9.9-99-99.9 -99-99.9-9.9-9.9
5270120151207-99.9-99.9-99.999999-99.9-99.9-99.9-99.9-9.9 99-9.9-99-99.9 -99-99.9-9.9-9.9
5270120151208-99.9-99.9-99.999999-99.9-99.9-99.9-99.9-9.9 99-9.9-99-99.9 -99-99.9-9.9-9.9
5270120151209-99.9-99.9-99.999999-99.9-99.9-99.9-99.9-9.9 99-9.9-99-99.9 -99-99.9-9.9-9.9
5270120151210-99.9-99.9-99.999999-99.9-99.9-99.9-99.9-9.9 99-9.9-99-99.9 -99-99.9-9.9-9.9
5270120151211-99.9-99.9-99.999999-99.9-99.9-99.9-99.9-9.9 99-9.9-99-99.9 -99-99.9-9.9-9.9
5270120151212-99.9-99.9-99.999999-99.9-99.9-99.9-99.9-9.9 99-9.9-99-99.9 -99-99.9-9.9-9.9
5270120151213-99.9-99.9-99.999999-99.9-99.9-99.9-99.9-9.9 99-9.9-99-99.9 -99-99.9-9.9-9.9
5270120151214-99.9-99.9-99.999999-99.9-99.9-99.9-99.9-9.9 99-9.9-99-99.9 -99-99.9-9.9-9.9
5270120151215-99.9-99.9-99.999999-99.9-99.9-99.9-99.9-9.9 99-9.9-99-99.9 -99-99.9-9.9-9.9
5270120151216-99.9-99.9-99.999999-99.9-99.9-99.9-99.9-9.9 99-9.9-99-99.9 -99-99.9-9.9-9.9
5270120151217-99.9-99.9-99.999999-99.9-99.9-99.9-99.9-9.9 99-9.9-99-99.9 -99-99.9-9.9-9.9
5270120151218-99.9-99.9-99.999999-99.9-99.9-99.9-99.9-9.9 99-9.9-99-99.9 -99-99.9-9.9-9.9
5270120151219-99.9-99.9-99.999999-99.9-99.9-99.9-99.9-9.9 99-9.9-99-99.9 -99-99.9-9.9-9.9
5270120151220-99.9-99.9-99.999999-99.9-99.9-99.9-99.9-9.9 99-9.9-99-99.9 -99-99.9-9.9-9.9
5270120151221-99.9-99.9-99.999999-99.9-99.9-99.9-99.9-9.9 99-9.9-99-99.9 -99-99.9-9.9-9.9
5270120151223-99.9-99.9-99.999999-99.9-99.9-99.9-99.9-9.9 99-9.9-99-99.9 -99-99.9-9.9-9.9
5270120151224-99.9-99.9-99.999999-99.9-99.9-99.9-99.9-9.9 99-9.9-99-99.9 -99-99.9-9.9-9.9
5270120151225-99.9-99.9-99.999999-99.9-99.9-99.9-99.9-9.9 99-9.9-99-99.9 -99-99.9-9.9-9.9
5270120151226-99.9-99.9-99.999999-99.9-99.9-99.9-99.9-9.9 99-9.9-99-99.9 -99-99.9-9.9-9.9
5270120151227-99.9-99.9-99.999999-99.9-99.9-99.9-99.9-9.9 99-9.9-99-99.9 -99-99.9-9.9-9.9
5270120151228-99.9-99.9-99.999999-99.9-99.9-99.9-99.9-9.9 99-9.9-99-99.9 -99-99.9-9.9-9.9
5270120151229-99.9-99.9-99.999999-99.9-99.9-99.9-99.9-9.9 99-9.9-99-99.9 -99-99.9-9.9-9.9
5270120151230-99.9-99.9-99.999999-99.9-99.9-99.9-99.9-9.9 99-9.9-99-99.9 -99-99.9-9.9-9.9
5270120151231-99.9-99.9-99.999999-99.9-99.9-99.9-99.9-9.9 99-9.9-99-99.9 -99-99.9-9.9-9.9
5270120160101-99.9-99.9-99.999999-99.9-99.9-99.9-99.9-9.9 99-9.9-99-99.9 -99-99.9-9.9-9.9
5270120160102-99.9-99.9-99.999999-99.9-99.9-99.9-99.9-9.9 99-9.9-99-99.9 -99-99.9-9.9-9.9
5270120160103-99.9-99.9-99.999999-99.9-99.9-99.9-99.9-9.9 99-9.9-99-99.9 -99-99.9-9.9-9.9
5270120160104-99.9-99.9-99.999999-99.9-99.9-99.9-99.9-9.9 99-9.9-99-99.9 -99-99.9-9.9-9.9
5270120160105-99.9-99.9-99.999999-99.9-99.9-99.9-99.9-9.9 99-9.9-99-99.9 -99-99.9-9.9-9.9
5270120160106-99.9-99.9-99.999999-99.9-99.9-99.9-99.9-9.9 99-9.9-99-99.9 -99-99.9-9.9-9.9
5270120160107-99.9-99.9-99.999999-99.9-99.9-99.9-99.9-9.9 99-9.9-99-99.9 -99-99.9-9.9-9.9
5270120160108-99.9-99.9-99.999999-99.9-99.9-99.9-99.9-9.9 99-9.9-99-99.9 -99-99.9-9.9-9.9
5270120160109-99.9-99.9-99.999999-99.9-99.9-99.9-99.9-9.9 99-9.9-99-99.9 -99-99.9-9.9-9.9
5270120160110-99.9-99.9-99.999999-99.9-99.9-99.9-99.9-9.9 99-9.9-99-99.9 -99-99.9-9.9-9.9
5270120160111-99.9-99.9-99.999999-99.9-99.9-99.9-99.9-9.9 99-9.9-99-99.9 -99-99.9-9.9-9.9
5270120160112-99.9-99.9-99.999999-99.9-99.9-99.9-99.9-9.9 99-9.9-99-99.9 -99-99.9-9.9-9.9
5270120160113-99.9-99.9-99.999999-99.9-99.9-99.9-99.9-9.9 99-9.9-99-99.9 -99-99.9-9.9-9.9
5270120160114-99.9-99.9-99.999999-99.9-99.9-99.9-99.9-9.9 99-9.9-99-99.9 -99-99.9-9.9-9.9
5270120160115-99.9-99.9-99.999999-99.9-99.9-99.9-99.9-9.9 99-9.9-99-99.9 -99-99.9-9.9-9.9
5270120160116-99.9-99.9-99.999999-99.9-99.9-99.9-99.9-9.9 99-9.9-99-99.9 -99-99.9-9.9-9.9
5270120160117-99.9-99.9-99.999999-99.9-99.9-99.9-99.9-9.9 99-9.9-99-99.9 -99-99.9-9.9-9.9
5270120160118-99.9-99.9-99.999999-99.9-99.9-99.9-99.9-9.9 99-9.9-99-99.9 -99-99.9-9.9-9.9
5270120160119-99.9-99.9-99.999999-99.9-99.9-99.9-99.9-9.9 99-9.9-99-99.9 -99-99.9-9.9-9.9
5270120160120-99.9-99.9-99.999999-99.9-99.9-99.9-99.9-9.9 99-9.9-99-99.9 -99-99.9-9.9-9.9
5270120160121-99.9-99.9-99.999999-99.9-99.9-99.9-99.9-9.9 99-9.9-99-99.9 -99-99.9-9.9-9.9
5270120160122-99.9-99.9-99.999999-99.9-99.9-99.9-99.9-9.9 99-9.9-99-99.9 -99-99.9-9.9-9.9
5270120160123-99.9-99.9-99.999999-99.9-99.9-99.9-99.9-9.9 99-9.9-99-99.9 -99-99.9-9.9-9.9
5270120160125-99.9-99.9-99.999999-99.9-99.9-99.9-99.9-9.9 99-9.9-99-99.9 -99-99.9-9.9-9.9
5270120160126-99.9-99.9-99.999999-99.9-99.9-99.9-99.9-9.9 99-9.9-99-99.9 -99-99.9-9.9-9.9
5270120160127-99.9-99.9-99.999999-99.9-99.9-99.9-99.9-9.9 99-9.9-99-99.9 -99-99.9-9.9-9.9
5270120160128-99.9-99.9-99.999999-99.9-99.9-99.9-99.9-9.9 99-9.9-99-99.9 -99-99.9-9.9-9.9
5270120160129-99.9-99.9-99.999999-99.9-99.9-99.9-99.9-9.9 99-9.9-99-99.9 -99-99.9-9.9-9.9
5270120160130-99.9-99.9-99.999999-99.9-99.9-99.9-99.9-9.9 99-9.9-99-99.9 -99-99.9-9.9-9.9
5270120160131-99.9-99.9-99.999999-99.9-99.9-99.9-99.9-9.9 99-9.9-99-99.9 -99-99.9-9.9-9.9
5270120160201-99.9-99.9-99.999999-99.9-99.9-99.9-99.9-9.9 99-9.9-99-99.9 -99-99.9-9.9-9.9
5270120160202-99.9-99.9-99.999999-99.9-99.9-99.9-99.9-9.9 99-9.9-99-99.9 -99-99.9-9.9-9.9
5270120160203-99.9-99.9-99.999999-99.9-99.9-99.9-99.9-9.9 99-9.9-99-99.9 -99-99.9-9.9-9.9
5270120160204-99.9-99.9-99.999999-99.9-99.9-99.9-99.9-9.9 99-9.9-99-99.9 -99-99.9-9.9-9.9
5270120160205-99.9-99.9-99.999999-99.9-99.9-99.9-99.9-9.9 99-9.9-99-99.9 -99-99.9-9.9-9.9
5270120160206-99.9-99.9-99.999999-99.9-99.9-99.9-99.9-9.9 99-9.9-99-99.9 -99-99.9-9.9-9.9
5270120160207-99.9-99.9-99.999999-99.9-99.9-99.9-99.9-9.9 99-9.9-99-99.9 -99-99.9-9.9-9.9
5270120160208-99.9-99.9-99.999999-99.9-99.9-99.9-99.9-9.9 99-9.9-99-99.9 -99-99.9-9.9-9.9
5270120160209-99.9-99.9-99.999999-99.9-99.9-99.9-99.9-9.9 99-9.9-99-99.9 -99-99.9-9.9-9.9
5270120160210-99.9-99.9-99.999999-99.9-99.9-99.9-99.9-9.9 99-9.9-99-99.9 -99-99.9-9.9-9.9
5270120160211-99.9-99.9-99.999999-99.9-99.9-99.9-99.9-9.9 99-9.9-99-99.9 -99-99.9-9.9-9.9
5270120160212-99.9-99.9-99.999999-99.9-99.9-99.9-99.9-9.9 99-9.9-99-99.9 -99-99.9-9.9-9.9
5270120160213-99.9-99.9-99.999999-99.9-99.9-99.9-99.9-9.9 99-9.9-99-99.9 -99-99.9-9.9-9.9
5270120160214-99.9-99.9-99.999999-99.9-99.9-99.9-99.9-9.9 99-9.9-99-99.9 -99-99.9-9.9-9.9
5270120160215-99.9-99.9-99.999999-99.9-99.9-99.9-99.9-9.9 99-9.9-99-99.9 -99-99.9-9.9-9.9
5270120160216-99.9-99.9-99.999999-99.9-99.9-99.9-99.9-9.9 99-9.9-99-99.9 -99-99.9-9.9-9.9
5270120160217-99.9-99.9-99.999999-99.9-99.9-99.9-99.9-9.9 99-9.9-99-99.9 -99-99.9-9.9-9.9
5270120160218-99.9-99.9-99.999999-99.9-99.9-99.9-99.9-9.9 99-9.9-99-99.9 -99-99.9-9.9-9.9
5270120160219-99.9-99.9-99.999999-99.9-99.9-99.9-99.9-9.9 99-9.9-99-99.9 -99-99.9-9.9-9.9
5270120160220-99.9-99.9-99.999999-99.9-99.9-99.9-99.9-9.9 99-9.9-99-99.9 -99-99.9-9.9-9.9
5270120160222-99.9-99.9-99.999999-99.9-99.9-99.9-99.9-9.9 99-9.9-99-99.9 -99-99.9-9.9-9.9
5270120160223-99.9-99.9-99.999999-99.9-99.9-99.9-99.9-9.9 99-9.9-99-99.9 -99-99.9-9.9-9.9
5270120160225-99.9-99.9-99.999999-99.9-99.9-99.9-99.9-9.9 99-9.9-99-99.9 -99-99.9-9.9-9.9
5270120160226-99.9-99.9-99.999999-99.9-99.9-99.9-99.9-9.9 99-9.9-99-99.9 -99-99.9-9.9-9.9
5270120160227-99.9-99.9-99.999999-99.9-99.9-99.9-99.9-9.9 99-9.9-99-99.9 -99-99.9-9.9-9.9
5270120160228-99.9-99.9-99.999999-99.9-99.9-99.9-99.9-9.9 99-9.9-99-99.9 -99-99.9-9.9-9.9
5270120160229-99.9-99.9-99.999999-99.9-99.9-99.9-99.9-9.9 99-9.9-99-99.9 -99-99.9-9.9-9.9
5270120160301-99.9-99.9-99.999999-99.9-99.9-99.9-99.9-9.9 99-9.9-99-99.9 -99-99.9-9.9-9.9
5270120160302-99.9-99.9-99.999999-99.9-99.9-99.9-99.9-9.9 99-9.9-99-99.9 -99-99.9-9.9-9.9
5270120160303-99.9-99.9-99.999999-99.9-99.9-99.9-99.9-9.9 99-9.9-99-99.9 -99-99.9-9.9-9.9
5270120160304-99.9-99.9-99.999999-99.9-99.9-99.9-99.9-9.9 99-9.9-99-99.9 -99-99.9-9.9-9.9
5270120160305-99.9-99.9-99.999999-99.9-99.9-99.9-99.9-9.9 99-9.9-99-99.9 -99-99.9-9.9-9.9
5270120160306-99.9-99.9-99.999999-99.9-99.9-99.9-99.9-9.9 99-9.9-99-99.9 -99-99.9-9.9-9.9
5270120160307-99.9-99.9-99.999999-99.9-99.9-99.9-99.9-9.9 99-9.9-99-99.9 -99-99.9-9.9-9.9
5270120160308-99.9-99.9-99.999999-99.9-99.9-99.9-99.9-9.9 99-9.9-99-99.9 -99-99.9-9.9-9.9
5270120160309-99.9-99.9-99.999999-99.9-99.9-99.9-99.9-9.9 99-9.9-99-99.9 -99-99.9-9.9-9.9
5270120160310-99.9-99.9-99.999999-99.9-99.9-99.9-99.9-9.9 99-9.9-99-99.9 -99-99.9-9.9-9.9
5270120160311-99.9-99.9-99.999999-99.9-99.9-99.9-99.9-9.9 99-9.9-99-99.9 -99-99.9-9.9-9.9
5270120160312-99.9-99.9-99.999999-99.9-99.9-99.9-99.9-9.9 99-9.9-99-99.9 -99-99.9-9.9-9.9
5270120160313-99.9-99.9-99.999999-99.9-99.9-99.9-99.9-9.9 99-9.9-99-99.9 -99-99.9-9.9-9.9
5270120160314-99.9-99.9-99.999999-99.9-99.9-99.9-99.9-9.9 99-9.9-99-99.9 -99-99.9-9.9-9.9
5270120160315-99.9-99.9-99.999999-99.9-99.9-99.9-99.9-9.9 99-9.9-99-99.9 -99-99.9-9.9-9.9
5270120160316-99.9-99.9-99.999999-99.9-99.9-99.9-99.9-9.9 99-9.9-99-99.9 -99-99.9-9.9-9.9
5270120160317-99.9-99.9-99.999999-99.9-99.9-99.9-99.9-9.9 99-9.9-99-99.9 -99-99.9-9.9-9.9
5270120160318-99.9-99.9-99.999999-99.9-99.9-99.9-99.9-9.9 99-9.9-99-99.9 -99-99.9-9.9-9.9
5270120160319-99.9-99.9-99.999999-99.9-99.9-99.9-99.9-9.9 99-9.9-99-99.9 -99-99.9-9.9-9.9
5270120160320-99.9-99.9-99.999999-99.9-99.9-99.9-99.9-9.9 99-9.9-99-99.9 -99-99.9-9.9-9.9
5270120160321-99.9-99.9-99.999999-99.9-99.9-99.9-99.9-9.9 99-9.9-99-99.9 -99-99.9-9.9-9.9
5270120160322-99.9-99.9-99.999999-99.9-99.9-99.9-99.9-9.9 99-9.9-99-99.9 -99-99.9-9.9-9.9
5270120160323-99.9-99.9-99.999999-99.9-99.9-99.9-99.9-9.9 99-9.9-99-99.9 -99-99.9-9.9-9.9
5270120160326-99.9-99.9-99.999999-99.9-99.9-99.9-99.9-9.9 99-9.9-99-99.9 -99-99.9-9.9-9.9
5270120160327-99.9-99.9-99.999999-99.9-99.9-99.9-99.9-9.9 99-9.9-99-99.9 -99-99.9-9.9-9.9
5270120160330-99.9-99.9-99.999999-99.9-99.9-99.9-99.9-9.9 99-9.9-99-99.9 -99-99.9-9.9-9.9
5270120160331-99.9-99.9-99.999999-99.9-99.9-99.9-99.9-9.9 99-9.9-99-99.9 -99-99.9-9.9-9.9
5270120160402-99.9-99.9-99.999999-99.9-99.9-99.9-99.9-9.9 99-9.9-99-99.9 -99-99.9-9.9-9.9
5270120160403-99.9-99.9-99.999999-99.9-99.9-99.9-99.9-9.9 99-9.9-99-99.9 -99-99.9-9.9-9.9
5270120160406-99.9-99.9-99.999999-99.9-99.9-99.9-99.9-9.9 99-9.9-99-99.9 -99-99.9-9.9-9.9
5270120160410-99.9-99.9-99.999999-99.9-99.9-99.9-99.9-9.9 99-9.9-99-99.9 -99-99.9-9.9-9.9
5270120160412-99.9-99.9-99.999999-99.9-99.9-99.9-99.9-9.9 99-9.9-99-99.9 -99-99.9-9.9-9.9
5270120160422-99.9-99.9-99.999999-99.9-99.9-99.9-99.9-9.9 99-9.9-99-99.9 -99-99.9-9.9-9.9
5270120160425-99.9-99.9-99.999999-99.9-99.9-99.9-99.9-9.9 99-9.9-99-99.9 -99-99.9-9.9-9.9
5270120160426-99.9-99.9-99.999999-99.9-99.9-99.9-99.9-9.9 99-9.9-99-99.9 -99-99.9-9.9-9.9
5270120160427-99.9-99.9-99.999999-99.9-99.9-99.9-99.9-9.9 99-9.9-99-99.9 -99-99.9-9.9-9.9
5270120160428-99.9-99.9-99.999999-99.9-99.9-99.9-99.9-9.9 99-9.9-99-99.9 -99-99.9-9.9-9.9
5270120160429-99.9-99.9-99.999999-99.9-99.9-99.9-99.9-9.9 99-9.9-99-99.9 -99-99.9-9.9-9.9
5270120160502-99.9-99.9-99.999999-99.9-99.9-99.9-99.9-9.9 99-9.9-99-99.9 -99-99.9-9.9-9.9
5270120160505-99.9-99.9-99.999999-99.9-99.9-99.9-99.9-9.9 99-9.9-99-99.9 -99-99.9-9.9-9.9
5270120160512-99.9-99.9-99.999999-99.9-99.9-99.9-99.9-9.9 99-9.9-99-99.9 -99-99.9-9.9-9.9
5270120160523-99.9-99.9-99.999999-99.9-99.9-99.9-99.9-9.9 99-9.9-99-99.9 -99-99.9-9.9-9.9
5270120160606-99.9-99.9-99.999999-99.9-99.9-99.9-99.9-9.9 99-9.9-99-99.9 -99-99.9-9.9-9.9
5270120160607-99.9-99.9-99.999999-99.9-99.9-99.9-99.9-9.9 99-9.9-99-99.9 -99-99.9-9.9-9.9
5270120160608-99.9-99.9-99.999999-99.9-99.9-99.9-99.9-9.9 99-9.9-99-99.9 -99-99.9-9.9-9.9
5270120160610-99.9-99.9-99.999999-99.9-99.9-99.9-99.9-9.9 99-9.9-99-99.9 -99-99.9-9.9-9.9
5270120160611-99.9-99.9-99.999999-99.9-99.9-99.9-99.9-9.9 99-9.9-99-99.9 -99-99.9-9.9-9.9
5270120160614-99.9-99.9-99.999999-99.9-99.9-99.9-99.9-9.9 99-9.9-99-99.9 -99-99.9-9.9-9.9
5270120160615-99.9-99.9-99.999999-99.9-99.9-99.9-99.9-9.9 99-9.9-99-99.9 -99-99.9-9.9-9.9
5270120160618-99.9-99.9-99.999999-99.9-99.9-99.9-99.9-9.9 99-9.9-99-99.9 -99-99.9-9.9-9.9
5270120160620-99.9-99.9-99.999999-99.9-99.9-99.9-99.9-9.9 99-9.9-99-99.9 -99-99.9-9.9-9.9
5270120160622-99.9-99.9-99.999999-99.9-99.9-99.9-99.9-9.9 99-9.9-99-99.9 -99-99.9-9.9-9.9
5270120160625-99.9-99.9-99.999999-99.9-99.9-99.9-99.9-9.9 99-9.9-99-99.9 -99-99.9-9.9-9.9
5270120160626-99.9-99.9-99.999999-99.9-99.9-99.9-99.9-9.9 99-9.9-99-99.9 -99-99.9-9.9-9.9
5270120160705-99.9-99.9-99.999999-99.9-99.9-99.9-99.9-9.9 99-9.9-99-99.9 -99-99.9-9.9-9.9
5270120160706-99.9-99.9-99.999999-99.9-99.9-99.9-99.9-9.9 99-9.9-99-99.9 -99-99.9-9.9-9.9
5270120160707-99.9-99.9-99.999999-99.9-99.9-99.9-99.9-9.9 99-9.9-99-99.9 -99-99.9-9.9-9.9
5270120160708-99.9-99.9-99.999999-99.9-99.9-99.9-99.9-9.9 99-9.9-99-99.9 -99-99.9-9.9-9.9
5270120160712-99.9-99.9-99.999999-99.9-99.9-99.9-99.9-9.9 99-9.9-99-99.9 -99-99.9-9.9-9.9
5270120160717-99.9-99.9-99.999999-99.9-99.9-99.9-99.9-9.9 99-9.9-99-99.9 -99-99.9-9.9-9.9
5270120160721-99.9-99.9-99.999999-99.9-99.9-99.9-99.9-9.9 99-9.9-99-99.9 -99-99.9-9.9-9.9
5270120160727-99.9-99.9-99.999999-99.9-99.9-99.9-99.9-9.9 99-9.9-99-99.9 -99-99.9-9.9-9.9
5270120160802-99.9-99.9-99.999999-99.9-99.9-99.9-99.9-9.9 99-9.9-99-99.9 -99-99.9-9.9-9.9
5270120160807-99.9-99.9-99.999999-99.9-99.9-99.9-99.9-9.9 99-9.9-99-99.9 -99-99.9-9.9-9.9
5270120160811-99.9-99.9-99.999999-99.9-99.9-99.9-99.9-9.9 99-9.9-99-99.9 -99-99.9-9.9-9.9
5270120160814-99.9-99.9-99.999999-99.9-99.9-99.9-99.9-9.9 99-9.9-99-99.9 -99-99.9-9.9-9.9
5270120160816-99.9-99.9-99.999999-99.9-99.9-99.9-99.9-9.9 99-9.9-99-99.9 -99-99.9-9.9-9.9
5270120160818-99.9-99.9-99.999999-99.9-99.9-99.9-99.9-9.9 99-9.9-99-99.9 -99-99.9-9.9-9.9
5270120160819-99.9-99.9-99.999999-99.9-99.9-99.9-99.9-9.9 99-9.9-99-99.9 -99-99.9-9.9-9.9
5270120160820-99.9-99.9-99.999999-99.9-99.9-99.9-99.9-9.9 99-9.9-99-99.9 -99-99.9-9.9-9.9
5270120160821-99.9-99.9-99.999999-99.9-99.9-99.9-99.9-9.9 99-9.9-99-99.9 -99-99.9-9.9-9.9
5270120160828-99.9-99.9-99.999999-99.9-99.9-99.9-99.9-9.9 99-9.9-99-99.9 -99-99.9-9.9-9.9
5270120160902-99.9-99.9-99.999999-99.9-99.9-99.9-99.9-9.9 99-9.9-99-99.9 -99-99.9-9.9-9.9
5270120160903-99.9-99.9-99.999999-99.9-99.9-99.9-99.9-9.9 99-9.9-99-99.9 -99-99.9-9.9-9.9
5270120160904-99.9-99.9-99.999999-99.9-99.9-99.9-99.9-9.9 99-9.9-99-99.9 -99-99.9-9.9-9.9
5270120160905-99.9-99.9-99.999999-99.9-99.9-99.9-99.9-9.9 99-9.9-99-99.9 -99-99.9-9.9-9.9
5270120160908-99.9-99.9-99.999999-99.9-99.9-99.9-99.9-9.9 99-9.9-99-99.9 -99-99.9-9.9-9.9
5270120160909-99.9-99.9-99.999999-99.9-99.9-99.9-99.9-9.9 99-9.9-99-99.9 -99-99.9-9.9-9.9
5270120160910-99.9-99.9-99.999999-99.9-99.9-99.9-99.9-9.9 99-9.9-99-99.9 -99-99.9-9.9-9.9
5270120160911-99.9-99.9-99.999999-99.9-99.9-99.9-99.9-9.9 99-9.9-99-99.9 -99-99.9-9.9-9.9
5270120160913-99.9-99.9-99.999999-99.9-99.9-99.9-99.9-9.9 99-9.9-99-99.9 -99-99.9-9.9-9.9
5270120160914-99.9-99.9-99.999999-99.9-99.9-99.9-99.9-9.9 99-9.9-99-99.9 -99-99.9-9.9-9.9
5270120160915-99.9-99.9-99.999999-99.9-99.9-99.9-99.9-9.9 99-9.9-99-99.9 -99-99.9-9.9-9.9
5270120160916-99.9-99.9-99.999999-99.9-99.9-99.9-99.9-9.9 99-9.9-99-99.9 -99-99.9-9.9-9.9
5270120160917-99.9-99.9-99.999999-99.9-99.9-99.9-99.9-9.9 99-9.9-99-99.9 -99-99.9-9.9-9.9
5270120160918-99.9-99.9-99.999999-99.9-99.9-99.9-99.9-9.9 99-9.9-99-99.9 -99-99.9-9.9-9.9
5270120160922-99.9-99.9-99.999999-99.9-99.9-99.9-99.9-9.9 99-9.9-99-99.9 -99-99.9-9.9-9.9
5270120160923-99.9-99.9-99.999999-99.9-99.9-99.9-99.9-9.9 99-9.9-99-99.9 -99-99.9-9.9-9.9
5270120160924-99.9-99.9-99.999999-99.9-99.9-99.9-99.9-9.9 99-9.9-99-99.9 -99-99.9-9.9-9.9
5270120160925-99.9-99.9-99.999999-99.9-99.9-99.9-99.9-9.9 99-9.9-99-99.9 -99-99.9-9.9-9.9
5270120160926-99.9-99.9-99.999999-99.9-99.9-99.9-99.9-9.9 99-9.9-99-99.9 -99-99.9-9.9-9.9
5270120160927-99.9-99.9-99.999999-99.9-99.9-99.9-99.9-9.9 99-9.9-99-99.9 -99-99.9-9.9-9.9
5270120160929-99.9-99.9-99.999999-99.9-99.9-99.9-99.9-9.9 99-9.9-99-99.9 -99-99.9-9.9-9.9
5270120161001-99.9-99.9-99.999999-99.9-99.9-99.9-99.9-9.9 99-9.9-99-99.9 -99-99.9-9.9-9.9
5270120161003-99.9-99.9-99.999999-99.9-99.9-99.9-99.9-9.9 99-9.9-99-99.9 -99-99.9-9.9-9.9
5270120161005-99.9-99.9-99.999999-99.9-99.9-99.9-99.9-9.9 99-9.9-99-99.9 -99-99.9-9.9-9.9
5270120161006-99.9-99.9-99.999999-99.9-99.9-99.9-99.9-9.9 99-9.9-99-99.9 -99-99.9-9.9-9.9
5270120161007-99.9-99.9-99.999999-99.9-99.9-99.9-99.9-9.9 99-9.9-99-99.9 -99-99.9-9.9-9.9
5270120161008-99.9-99.9-99.999999-99.9-99.9-99.9-99.9-9.9 99-9.9-99-99.9 -99-99.9-9.9-9.9
5270120161013-99.9-99.9-99.999999-99.9-99.9-99.9-99.9-9.9 99-9.9-99-99.9 -99-99.9-9.9-9.9
5270120161015-99.9-99.9-99.999999-99.9-99.9-99.9-99.9-9.9 99-9.9-99-99.9 -99-99.9-9.9-9.9
5270120161016-99.9-99.9-99.999999-99.9-99.9-99.9-99.9-9.9 99-9.9-99-99.9 -99-99.9-9.9-9.9
5270120161017-99.9-99.9-99.999999-99.9-99.9-99.9-99.9-9.9 99-9.9-99-99.9 -99-99.9-9.9-9.9
5270120161020-99.9-99.9-99.999999-99.9-99.9-99.9-99.9-9.9 99-9.9-99-99.9 -99-99.9-9.9-9.9
5270120161023-99.9-99.9-99.999999-99.9-99.9-99.9-99.9-9.9 99-9.9-99-99.9 -99-99.9-9.9-9.9
5270120161024-99.9-99.9-99.999999-99.9-99.9-99.9-99.9-9.9 99-9.9-99-99.9 -99-99.9-9.9-9.9
5270120161026-99.9-99.9-99.999999-99.9-99.9-99.9-99.9-9.9 99-9.9-99-99.9 -99-99.9-9.9-9.9
5270120161027-99.9-99.9-99.999999-99.9-99.9-99.9-99.9-9.9 99-9.9-99-99.9 -99-99.9-9.9-9.9
5270120161102-99.9-99.9-99.999999-99.9-99.9-99.9-99.9-9.9 99-9.9-99-99.9 -99-99.9-9.9-9.9
5270120161104-99.9-99.9-99.999999-99.9-99.9-99.9-99.9-9.9 99-9.9-99-99.9 -99-99.9-9.9-9.9
5270120161105-99.9-99.9-99.999999-99.9-99.9-99.9-99.9-9.9 99-9.9-99-99.9 -99-99.9-9.9-9.9
5270120161106-99.9-99.9-99.999999-99.9-99.9-99.9-99.9-9.9 99-9.9-99-99.9 -99-99.9-9.9-9.9
5270120161114-99.9-99.9-99.999999-99.9-99.9-99.9-99.9-9.9 99-9.9-99-99.9 -99-99.9-9.9-9.9
5270120161119-99.9-99.9-99.999999-99.9-99.9-99.9-99.9-9.9 99-9.9-99-99.9 -99-99.9-9.9-9.9
5270120161121-99.9-99.9-99.999999-99.9-99.9-99.9-99.9-9.9 99-9.9-99-99.9 -99-99.9-9.9-9.9
5270120161123-99.9-99.9-99.999999-99.9-99.9-99.9-99.9-9.9 99-9.9-99-99.9 -99-99.9-9.9-9.9
5270120161124-99.9-99.9-99.999999-99.9-99.9-99.9-99.9-9.9 99-9.9-99-99.9 -99-99.9-9.9-9.9
5270120170704-99.9-99.9-99.999999-99.9-99.9-99.9-99.9-9.9 99-9.9-99-99.9 -99-99.9-9.9-9.9
5270120170805-99.9-99.9-99.999999-99.9-99.9-99.9-99.9-9.9 99-9.9-99-99.9 -99-99.9-9.9-9.9
5270120170819-99.9-99.9-99.999999-99.9-99.9-99.9-99.9-9.9 99-9.9-99-99.9 -99-99.9-9.9-9.9
5270120170901-99.9-99.9-99.999999-99.9-99.9-99.9-99.9-9.9 99-9.9-99-99.9 -99-99.9-9.9-9.9
5270120170906-99.9-99.9-99.999999-99.9-99.9-99.9-99.9-9.9 99-9.9-99-99.9 -99-99.9-9.9-9.9
5270120170908-99.9-99.9-99.999999-99.9-99.9-99.9-99.9-9.9 99-9.9-99-99.9 -99-99.9-9.9-9.9
5270120170925-99.9-99.9-99.999999-99.9-99.9-99.9-99.9-9.9 99-9.9-99-99.9 -99-99.9-9.9-9.9
5270120171001-99.9-99.9-99.999999-99.9-99.9-99.9-99.9-9.9 99-9.9-99-99.9 -99-99.9-9.9-9.9
5270120171003-99.9-99.9-99.999999-99.9-99.9-99.9-99.9-9.9 99-9.9-99-99.9 -99-99.9-9.9-9.9
5270120171010-99.9-99.9-99.999999-99.9-99.9-99.9-99.9-9.9 99-9.9-99-99.9 -99-99.9-9.9-9.9
5270120171011-99.9-99.9-99.999999-99.9-99.9-99.9-99.9-9.9 99-9.9-99-99.9 -99-99.9-9.9-9.9
5270120171115-99.9-99.9-99.999999-99.9-99.9-99.9-99.9-9.9 99-9.9-99-99.9 -99-99.9-9.9-9.9
5270120171206-99.9-99.9-99.999999-99.9-99.9-99.9-99.9-9.9 99-9.9-99-99.9 -99-99.9-9.9-9.9
5270120171216-99.9-99.9-99.999999-99.9-99.9-99.9-99.9-9.9 99-9.9-99-99.9 -99-99.9-9.9-9.9
5270120171217-99.9-99.9-99.999999-99.9-99.9-99.9-99.9-9.9 99-9.9-99-99.9 -99-99.9-9.9-9.9
5270120180107-99.9-99.9-99.999999-99.9-99.9-99.9-99.9-9.9 99-9.9-99-99.9 -99-99.9-9.9-9.9
5270120180111-99.9-99.9-99.999999-99.9-99.9-99.9-99.9-9.9 99-9.9-99-99.9 -99-99.9-9.9-9.9
5270120180112-99.9-99.9-99.999999-99.9-99.9-99.9-99.9-9.9 99-9.9-99-99.9 -99-99.9-9.9-9.9
5270120180120-99.9-99.9-99.999999-99.9-99.9-99.9-99.9-9.9 99-9.9-99-99.9 -99-99.9-9.9-9.9
5270120180123-99.9-99.9-99.999999-99.9-99.9-99.9-99.9-9.9 99-9.9-99-99.9 -99-99.9-9.9-9.9
5270120180126-99.9-99.9-99.999999-99.9-99.9-99.9-99.9-9.9 99-9.9-99-99.9 -99-99.9-9.9-9.9
5270120180130-99.9-99.9-99.999999-99.9-99.9-99.9-99.9-9.9 99-9.9-99-99.9 -99-99.9-9.9-9.9
5270120180204-99.9-99.9-99.999999-99.9-99.9-99.9-99.9-9.9 99-9.9-99-99.9 -99-99.9-9.9-9.9
5270120180824-99.9-99.9-99.999999-99.9-99.9-99.9-99.9-9.9 99-9.9-99-99.9 -99-99.9-9.9-9.9
5270120190223-99.9-99.9-99.999999-99.9-99.9-99.9-99.9-9.9 99-9.9-99-99.9 -99-99.9-9.9-9.9
