5299920000104 25.7 18.4  0.009900 12.8  9.9-99.9-99.9 4.8 8117.4 49 15.2   8  6.616.4 7.4
5299920000105 26.0 19.7  0.009900 15.0-99.9-99.9-99.9 5.0 8416.3 43 14.3   8  6.716.7 7.6
5299920000106 21.4 18.4  0.009900 16.4-99.9-99.9-99.9 3.9 6517.7 51 15.4  10  7.814.7 7.0
5299920000107 33.6 22.3  3.019900 18.0-99.9-99.9-99.9 4.4 7418.2 48 16.0  10  8.315.6 7.5
5299920000108 27.8 20.0  0.319900 19.6-99.9-99.9-99.9 1.2 2019.7 73 17.2   7  5.810.1 3.6
5299920000109 31.6 18.4 90.019900 16.0-99.9-99.9-99.9 3.2 5421.8 62 18.8   9  7.413.6 6.0
5299920000112 34.8 20.4  0.009900 16.6-99.9-99.9-99.9 4.6 7821.1 60 18.3  10  7.615.9 7.1
5299920000113 33.0 24.0  0.009900 15.6-99.9-99.9-99.9 3.6 6121.0 60 18.3   7  5.814.2 6.0
5299920000114 32.0 28.0  0.009900 17.7-99.9-99.9-99.9 2.8 4823.8 66 20.3  11  8.512.8 5.7
5299920000115 30.6 20.0  0.009900 18.4-99.9-99.9-99.9 5.3 8920.6 58 17.8  10  7.617.0 7.5
5299920000116 32.0 21.4  0.619900 20.0-99.9-99.9-99.9 1.7 2922.5 72 19.2   8  6.010.8 4.1
5299920000117 28.5 18.0  0.009900 16.8-99.9-99.9-99.9 4.9 8318.8 66 16.5   8  6.216.2 6.0
5299920000118 31.3 15.5  0.009900-99.9-99.9-99.9-99.9 5.5 9316.1 48 14.0   6  4.817.2 7.1
5299920000119 34.2 18.0  0.009900 13.1-99.9-99.9-99.9 5.4 9218.3 48 16.0   8  6.317.1 7.8
5299920000120 36.7 22.4  0.009900 16.8-99.9-99.9-99.9 5.4 9218.4 43 16.1   8  6.517.0 8.1
5299920000121 28.5 20.7  2.419900 17.4-99.9-99.9-99.9 1.0 1723.9 76 20.3   9  7.0 9.5 3.7
5299920000122 25.8 16.2  0.009900 15.1-99.9-99.9-99.9 5.3 9112.1 45  9.7  14 10.816.9 7.3
5299920000123 29.2 18.9  0.009900 17.2-99.9-99.9-99.9 5.3 9116.8 55 14.7  11  8.816.8 7.0
5299920000124 29.1 17.7  5.019900 18.3-99.9-99.9-99.9 1.1 1920.9 73 18.2   7  5.5 9.7 3.5
5299920000125 27.7 15.9  0.009900 15.0-99.9-99.9-99.9 5.3 9219.8 64 17.4   8  6.316.8 6.5
5299920000127 30.3 20.1  0.009900-99.9-99.9-99.9-99.9 5.2 9018.9 58 16.5  12  9.916.6 7.3
5299920000128 32.6 20.6  0.009900-99.9-99.9-99.9-99.9 3.5 6016.8 48 14.7   9  7.513.5 6.4
5299920000130 32.4 22.0  0.009900 19.8-99.9-99.9-99.9 2.0 3518.8 49 16.4   7  5.411.0 5.3
5299920000131 32.4 20.3  0.009900 16.7-99.9-99.9-99.9 3.2 5625.1 70 21.1   8  6.313.0 5.5
5299920000201 31.2 21.4  0.009900 18.3-99.9-99.9-99.9 4.5 7923.2 66 19.8  12  9.415.2 6.3
5299920000203 28.7 16.9  0.009900 14.1-99.9-99.9-99.9 5.2 9212.2 48  9.1   6  4.516.3 5.5
5299920000204 31.4 15.9  0.009900  9.6-99.9-99.9-99.9 5.0 8816.7 52 14.7   6  5.015.9 5.9
5299920000207 32.4 22.7  7.519900 17.9-99.9-99.9-99.9 4.2 7421.8 61 18.5  10  8.114.4 6.2
5299920000208 29.0 19.8  0.719900 18.6-99.9-99.9-99.9 3.5 6122.1 69 19.1  10  8.013.1 5.1
5299920000209 32.0 22.3  0.009900 16.8-99.9-99.9-99.9 3.2 5721.5 68 18.7   5  3.812.7 4.4
5299920000210 33.4 18.5 17.519900 14.5-99.9-99.9-99.9 4.3 7724.0 64 20.4  10  7.914.5 6.3
5299920000211 28.0 19.0  0.009900 17.7-99.9-99.9-99.9 0.0  123.1 81 19.8   5  4.1 7.3 2.0
5299920000212 23.2 17.6  4.019900 16.7-99.9-99.9-99.9 0.0  022.6 90 19.2   8  6.6 7.2 1.6
5299920000213 27.0 15.4  0.009900 12.4-99.9-99.9-99.9 4.8 8612.1 47  9.4   8  6.215.1 5.4
5299920000214 25.0 15.4 10.019900  9.5-99.9-99.9-99.9 2.0 3712.3 51 10.0   9  7.310.5 4.1
5299920000215 26.0 14.5  0.009900 10.6-99.9-99.9-99.9 5.0 8913.8 53 11.6  12  9.315.3 5.6
5299920000218 29.0 19.7310.019900 14.0-99.9-99.9-99.9 5.0 9117.7 57 15.6   9  6.915.2 5.6
5299920000219 30.4 19.0  0.009900-99.9-99.9-99.9-99.9 2.7 4918.4 56 16.2   7  5.811.3 4.5
5299920000220 31.7 20.0  0.009900-99.9-99.9-99.9-99.9 3.1 5618.9 62 16.5   5  4.311.9 4.3
5299920000221 30.0 18.8  0.009900 14.6-99.9-99.9-99.9 4.4 8021.8 72 18.8   4  3.214.0 4.6
5299920000222 31.0 17.6  0.009900 14.4-99.9-99.9-99.9 3.2 5921.4 65 18.6   5  4.312.0 4.3
5299920000223 33.2 18.7  0.009900 13.5-99.9-99.9-99.9 4.2 7720.5 60 17.9   4  2.813.5 4.9
5299920000226 31.0 23.7  6.719900 21.0-99.9-99.9-99.9 1.6 3026.0 74 21.7  12  9.7 9.3 3.7
5299920000227 26.8 20.4  4.319900 19.5-99.9-99.9-99.9 0.9 1620.5 78 17.7   7  5.6 8.1 2.3
5299920000228 24.4 11.0  0.009900  5.0-99.9-99.9-99.9 4.9 92 9.9 49  6.7   6  4.614.4 4.2
5299920000229 26.0  9.0  0.009900  4.5-99.9-99.9-99.9 4.7 8714.1 55 12.1  10  7.714.0 5.1
5299920000301 26.7 17.7  0.009900 15.0-99.9-99.9-99.9 4.1 7716.3 58 14.2  14 11.413.0 5.4
5299920000302 27.4 19.9  0.009900 18.5-99.9-99.9-99.9 2.7 5120.9 73 18.2   6  5.110.8 3.7
5299920000303 28.8 14.8  0.009900 10.8-99.9-99.9-99.9 4.3 8218.7 60 16.2   9  7.313.2 5.3
5299920000304 29.0 19.4  0.009900 14.6-99.9-99.9-99.9 1.8 3423.1 74 19.8   9  7.2 9.2 3.5
5299920000305 29.6 20.7  0.009900 15.6-99.9-99.9-99.9 3.8 7321.1 67 18.3   9  7.512.3 4.7
5299920000306 29.2 17.0  0.009900 14.3-99.9-99.9-99.9 4.4 8319.2 65 16.8   8  6.413.1 4.8
5299920000307 27.4 12.0  0.009900  6.7-99.9-99.9-99.9 4.2 8117.2 62 15.1  12  9.912.8 5.2
5299920000308 26.3 18.5  0.009900 16.2-99.9-99.9-99.9 3.6 6915.9 58 13.9  12  9.211.8 4.7
5299920000309 26.3 19.7  0.009900 16.5-99.9-99.9-99.9 1.9 3717.2 63 14.9  10  8.1 9.1 3.7
5299920000310 29.0 17.6  0.009900 14.0-99.9-99.9-99.9 4.4 8518.1 62 15.9   8  6.412.9 4.7
5299920000311 30.0 16.3  0.009900 13.0-99.9-99.9-99.9 4.1 7917.3 59 15.1   9  7.212.3 4.8
5299920000312 28.6 18.6  0.009900 14.6-99.9-99.9-99.9 4.3 8418.3 62 16.0  12  9.912.6 5.0
5299920000313 29.4 18.6  0.009900 16.0-99.9-99.9-99.9 3.7 7218.1 62 15.8   4  3.111.6 3.8
5299920000316 28.0 18.5  0.009900 15.0-99.9-99.9-99.9 1.1 2119.3 68 16.9   8  6.4 7.5 3.0
5299920000317 25.2 13.8  0.009900 12.0-99.9-99.9-99.9 4.5  910.3 48  7.1   5  4.212.5 3.7
5299920000318 28.4  8.6  0.009900  3.5-99.9-99.9-99.9 4.3 9611.0 43  8.0   4  3.612.2 4.1
5299920000319 29.0 11.8  0.009900  7.0-99.9-99.9-99.9 4.5 8911.7 43  9.3   8  6.112.3 4.7
5299920000321 26.4 13.8  0.009900 10.4-99.9-99.9-99.9 3.8 7668.0 51  8.3   5  4.211.2 3.5
5299920000322 25.4  9.0  0.009900  4.0-99.9-99.9-99.9 4.1 8260.1 58 11.0  11  8.711.5 4.3
5299920000323 27.2 13.6 17.519900  8.0-99.9-99.9-99.9 1.7 3321.6 81 18.6  10  8.3 8.0 2.7
5299920000324 24.4 13.2  0.009900 10.5-99.9-99.9-99.9 4.4 8910.9 54  8.2   5  4.211.8 3.3
5299920000325 26.4  8.2 12.019900  4.2-99.9-99.9-99.9 4.1 8212.8  0 10.6   8  6.611.3 4.1
5299920000326 22.6 15.3 26.519900 10.0-99.9-99.9-99.9 0.0  019.2100 16.8  10  7.8 5.5 1.6
5299920000327 20.9 13.0  0.009900 13.4-99.9-99.9-99.9 2.1 4211.6 69  8.9   7  5.6 8.3 2.3
5299920000328 19.2  5.8  0.009900  2.0-99.9-99.9-99.9 4.1 84 9.5 64  6.1   5  3.711.1 2.5
5299920000329 22.0  7.0  0.009900  2.0-99.9-99.9-99.9 4.1 84 9.8 12  6.6   6  4.411.0 3.1
5299920000330 23.8  8.2  0.119900  3.0-99.9-99.9-99.9 4.5 9313.4 95 11.3   4  3.311.5 2.9
5299920000331 25.0 12.6  0.009900  9.6-99.9-99.9-99.9 2.5 5016.2 71 14.0   5  4.1 8.6 2.6
5299920000401 23.3 11.7  0.009900  9.0-99.9-99.9-99.9 3.5 7110.8  2  7.7   4  3.5 9.9 2.6
5299920000403 24.0 12.0  2.219900  5.3-99.9-99.9-99.9 3.4 7016.4 72 14.3  10  7.7 9.6 3.1
5299920000404 22.0 16.8  0.009900 16.0-99.9-99.9-99.9 0.1  319.6 91 17.2   4  3.6 5.2 1.2
5299920000405 25.0 16.4  0.009900 13.2-99.9-99.9-99.9 1.1 2420.3  6 17.7   2  1.7 6.5 1.7
5299920000406 24.6 16.0106.019900 12.0-99.9-99.9-99.9 0.3  722.3100 19.2   6  5.2 5.4 1.1
5299920000407 23.0 19.6 13.519900 19.6-99.9-99.9-99.9 0.0  023.2 95 19.9   5  4.1 4.9 1.1
5299920000410 24.0 17.0  0.009900 18.0-99.9-99.9-99.9 0.9 1817.6 79 15.4   8  6.3 5.9 1.8
5299920000411 19.0  8.0  0.009900  4.8-99.9-99.9-99.9 3.5 7410.5 63 17.7   4  2.8 9.2 2.0
5299920000412 20.0  7.0  0.009900  2.4-99.9-99.9-99.9 3.9 8412.0 73  9.6   4  3.2 9.7 2.1
5299920000414 21.3 11.0  0.009900  7.6-99.9-99.9-99.9 0.4  816.7 95 14.7   3  2.3 5.1 1.4
5299920000416 20.8 14.2  0.319900 11.5-99.9-99.9-99.9 0.5 1117.6 86 15.4  10  8.1 5.2 1.5
5299920000419 21.0 12.8  0.009900 12.0-99.9-99.9-99.9 2.1 4514.6 79 12.7   6  4.8 6.9 1.6
5299920000421 22.8  8.0  0.009900  3.2-99.9-99.9-99.9 4.1 9014.5 77 12.5 154122.9 9.2 2.0
5299920000422 23.6 11.7  0.009900  4.4-99.9-99.9-99.9 4.0 8916.0 72 14.0  11  8.6 9.1 2.7
5299920000423 27.6 15.5  0.009900 11.5-99.9-99.9-99.9 4.2 9217.0 64 14.9   8  6.3 9.2 2.9
5299920000424 26.1 13.6  0.009900  7.0-99.9-99.9-99.9 4.0 8818.2 76 16.0   7  5.8 8.9 2.4
5299920000425 26.6 13.5  0.009900  9.7-99.9-99.9-99.9 3.9 8717.7 73 15.6   6  5.0 8.8 2.5
5299920000426 22.3 16.0  1.519900 14.8-99.9-99.9-99.9 1.0 2116.2 75 14.1  10  7.8 5.2 1.8
5299920000427 21.2 13.8  5.519900 15.2-99.9-99.9-99.9 0.0  120.3 93 17.8   6  4.4 4.1 0.9
5299920000428 22.2 14.6  0.009900 11.5-99.9-99.9-99.9 3.6 8116.8 85 14.8   2  2.0 8.2 1.6
5299920000429 24.8 12.4 15.219900  8.2-99.9-99.9-99.9 0.4  922.3 92 19.2   9  6.9 4.5 1.1
5299920000430 22.5 15.9 13.519900 10.8-99.9-99.9-99.9 0.0  018.5 99 16.3   5  3.9 4.0 0.7
5299920000501 18.4 14.3 42.719900 11.1-99.9-99.9-99.9 0.2  418.8100 16.5   7  5.5 4.1 0.6
5299920000502 16.5  8.4  3.019900  4.6-99.9-99.9-99.9 3.5 7812.4 80  9.6   7  5.7 7.8 1.2
5299920000503 12.7  8.6  3.019900-99.9-99.9-99.9-99.9 0.0  011.2 91  8.6  10  7.7 3.9 0.6
5299920000506 16.2  2.7  0.009900  0.2-99.9-99.9-99.9 4.0 9210.3 85  7.4   5  3.9 8.2 0.9
5299920000508 16.2  3.5  0.009900  0.3-99.9-99.9-99.9 2.9 6710.9 83  8.1   3  2.7 6.9 0.9
5299920000509 19.6  6.5  0.009900  1.6-99.9-99.9-99.9 3.6 8314.5 87 12.4   6  4.750.0 1.1
5299920000512 21.4 11.0  0.009900  6.0-99.9-99.9-99.9 2.6 6014.3 84 12.3   2  1.637.0 0.9
5299920000513 19.2  9.7 42.019900  6.0-99.9-99.9-99.9 1.6 3716.0 92 14.0   8  6.333.0 0.9
5299920000514 16.3 14.2 29.019900 14.0-99.9-99.9-99.9 0.0  018.2100 16.0  12  9.7 3.5 0.5
5299920000517 16.4 12.4  0.009900  9.5-99.9-99.9-99.9 0.2  413.8 85 11.7   9  7.3 3.6 0.9
5299920000518 16.6  9.0  0.419900  6.4-99.9-99.9-99.9 2.9 6913.0 84 10.8   4  3.1 6.4 0.8
5299920000519 17.0 11.6  0.009900  9.5-99.9-99.9-99.9 1.1 2713.6 84 11.5   4  3.6 4.5 0.8
5299920000520 15.5 12.1  0.009900 10.5-99.9-99.9-99.9 0.0  013.4 85 11.3   4  3.1 3.4 0.7
5299920000521 19.3 10.2  0.009900  8.0-99.9-99.9-99.9 3.2 7612.9 81 10.7   4  3.2 6.6 0.8
5299920000523 21.6 11.5  0.009900  8.0-99.9-99.9-99.9 1.7 4118.8 95 16.3   6  4.4 5.0 0.7
5299920000524 20.2 13.6 12.019900  9.0-99.9-99.9-99.9 2.9 6914.8 75 12.8   9  7.1 6.1 1.3
5299920000526 18.3  9.3  0.009900  5.0-99.9-99.9-99.9 3.8 9213.9 87 11.5   6  4.8 7.0 0.6
5299920000527 17.0  5.2  0.009900 -0.6-99.9-99.9-99.9 3.8 9110.4 84  7.5   2  1.9 6.9-9.9
5299920000529 18.0 11.2  1.319900  6.5-99.9-99.9-99.9 0.6 1413.9 86 11.9   7  5.8 3.8 0.7
5299920000530 14.0  9.8  0.009900  5.0-99.9-99.9-99.9 0.8 2011.8 86  9.4   9  7.2 4.0-9.9
5299920000601 12.7  0.8  0.009900 -3.2-99.9-99.9-99.9 3.4 82 7.8 80  3.3   5  3.7 6.4 0.5
5299920000603 18.3  7.0  0.009900  2.3-99.9-99.9-99.9 3.2 7811.5 75  9.0   8  6.4 6.2 1.1
5299920000604 21.3 11.4  0.009900  8.5-99.9-99.9-99.9 3.7 8916.7 85 14.6   7  5.4 6.6 1.0
5299920000605 19.8 15.8 19.019900 14.5-99.9-99.9-99.9 0.3  819.3 95 16.9   6  4.8 3.4 0.6
5299920000606 17.2 11.8  0.009900 10.5-99.9-99.9-99.9 2.2 5311.7 76  9.2  10  7.8 5.1 1.0
5299920000607 14.0  9.6  8.819900  8.5-99.9-99.9-99.9 0.0  014.4 96 12.3   5  4.3 3.1 0.5
5299920000608 15.1 12.6  0.009900 11.5-99.9-99.9-99.9 0.0  015.4 95 13.4   3  2.1 3.1 0.5
5299920000609 17.4 13.4  2.419900 13.0-99.9-99.9-99.9 0.0  015.7 91 13.7   4  3.1 3.0 0.6
5299920000610 16.0 13.8  6.319900 13.5-99.9-99.9-99.9 0.0  015.9 99 13.9   5  3.8 3.0 0.4
5299920000611 16.0  9.6  0.009900  8.5-99.9-99.9-99.9 1.6 3912.8 87 10.6   4  3.6 4.5 0.6
5299920000613 20.8 17.6  0.009900 16.4-99.9-99.9-99.9 0.0  020.8 93 18.1  10  8.2 3.0 0.7
5299920000614 24.8 19.0 14.719900 17.0-99.9-99.9-99.9 0.7 1622.4 85 19.2   8  6.5 3.6 1.1
5299920000615 21.6  9.0 18.019900 11.0-99.9-99.9-99.9 0.0  012.3 94 10.0  15 12.2 3.0 0.6
5299920000616 11.0  6.6  0.009900  5.0-99.9-99.9-99.9 3.4 84 8.0 74  3.8   6  4.9 6.2 0.6
5299920000617  9.7  1.0  0.009900 -3.4-99.9-99.9-99.9 1.2 29 7.6 82  3.0   4  3.6 4.1 0.5
5299920000618 11.2  4.1  0.009900  0.0-99.9-99.9-99.9 1.4 34 8.5 79  4.6   6  5.1 4.3 0.7
5299920000619 12.0  3.2  0.009900  1.8-99.9-99.9-99.9 3.7 90 8.7 80  4.9  10  7.9 6.4 0.6
5299920000620 12.0  4.6  0.009900  2.3-99.9-99.9-99.9 2.9 71 8.7 87  4.9   4  3.4 5.7 0.3
5299920000621 11.8 -0.5  0.009900 -5.2-99.9-99.9-99.9 1.6 39 7.8 81  3.4   6  4.4 4.5 0.6
5299920000622 14.4  4.2  0.009900 -0.8-99.9-99.9-99.9 2.7 6710.4 81  7.5   5  4.1 5.5 0.6
5299920000623 18.0  9.0  0.419900  5.0-99.9-99.9-99.9 1.7 4114.1 86 12.1   7  5.8 4.5 0.7
5299920000624 15.0 12.0 41.019900 11.0-99.9-99.9-99.9 0.0  014.0 94 12.0  13 10.1 3.0 0.6
5299920000625 15.5  7.8  0.009900 10.2-99.9-99.9-99.9 1.9 4610.8 84  8.0   5  3.8 4.7 0.6
5299920000626 16.7  7.0  0.009900  4.0-99.9-99.9-99.9 3.0 7310.3 81  7.3   6  4.4 5.8 0.6
5299920000627 14.6  6.4  0.009900  0.4-99.9-99.9-99.9 1.4 3412.7 88 10.4  11  8.8 4.3 0.7
5299920000628 15.0  8.2  0.009900 12.0-99.9-99.9-99.9 0.1  212.2 92  9.8   5  3.8 3.1 0.6
5299920000629 16.1  4.4  0.009900  0.5-99.9-99.9-99.9 2.8 67 9.5 84  6.2   3  2.2 5.6 0.4
5299920000630 17.0  3.3  0.009900 -1.0-99.9-99.9-99.9 3.3 8210.7 80  7.9   9  7.4 6.2 0.9
5299920000701 16.3 11.0  0.009900  5.8-99.9-99.9-99.9 1.5 3712.1 79  9.5   6  4.9 4.4 0.7
5299920000702 12.8  7.7  0.009900  4.0-99.9-99.9-99.9 3.0 73 7.0 59  1.9  10  7.8 5.9 1.2
5299920000703 15.6  3.4  0.009900 -1.8-99.9-99.9-99.9 2.8 67 8.7 69  4.7  12  9.9 5.7 1.2
5299920000704 16.2  8.0  0.009900  4.0-99.9-99.9-99.9 3.3 81 8.6 61  4.8   7  5.7 6.2 1.1
5299920000705 19.6  6.3  0.009900  1.5-99.9-99.9-99.9 3.2 7911.5 76  8.9   6  4.6 6.2 0.9
5299920000706 23.0 12.6  0.009900  6.0-99.9-99.9-99.9 1.8 4319.1 88 16.8   8  6.5 4.8 1.0
5299920000707 18.2 10.0  3.019900 12.5-99.9-99.9-99.9 0.0  012.8 93 10.6  15 11.7 3.1 0.5
5299920000708 10.0  5.0  0.719900  7.0-99.9-99.9-99.9 0.0  0 9.1 96  5.6  17 13.6 3.1 0.4
5299920000709  8.6  4.0  2.719900  3.5-99.9-99.9-99.9 0.3  8 7.7 79  3.2  11  9.1 3.5 0.8
5299920000710  7.2  5.0 14.419900  5.0-99.9-99.9-99.9 0.0  0 8.5 92  4.5  16 12.4 3.2 0.5
5299920000711  5.0  3.0  7.219900  3.0-99.9-99.9-99.9 0.0  0 7.8 95  3.5  10  7.9 3.2 0.3
5299920000712  5.8  3.3  1.019900  3.5-99.9-99.9-99.9 0.0  0 7.7 91  3.1  10  7.7 3.2 0.4
5299920000713  4.0  1.0  0.009900  0.0-99.9-99.9-99.9 0.0  0 6.4 88  0.6  10  8.1 3.2 0.4
5299920000714  8.7 -0.4  0.009900 -2.5-99.9-99.9-99.9 3.4 82 6.5 75  0.9  12  9.7 6.6 0.8
5299920000715  6.4  2.0  0.009900 -0.4-99.9-99.9-99.9 0.6 14 6.7 79  1.3  16 13.0 3.8 0.9
5299920000716  8.0  0.4  0.009900 -1.6-99.9-99.9-99.9 3.2 77 6.8 89  1.5   0  0.2 6.4 0.1
5299920000717 11.0 -1.0  0.009900 -6.8-99.9-99.9-99.9 1.8 43 6.9 73  1.7   9  7.0 5.0 0.9
5299920000718  8.2  3.0  0.009900 -2.6-99.9-99.9-99.9 3.9 93 5.3 61 -2.0   8  6.2 7.1 0.9
5299920000719  9.6  1.7  0.009900 -2.0-99.9-99.9-99.9 3.2 76 7.1 78  2.0   4  3.0 6.5 0.5
5299920000720 15.6  1.3  0.009900 -5.5-99.9-99.9-99.9 1.8 42 7.6 60  2.8   6  4.4 5.1 1.3
5299920000721 15.0  6.0  0.009900  0.8-99.9-99.9-99.9 1.2 29 9.6 73  6.3   4  2.8 4.6 0.9
5299920000722 10.0  3.0  0.009900  0.8-99.9-99.9-99.9 3.2 77 7.1 81  2.1   5  3.8 6.7 0.4
5299920000723 13.0 -2.5  0.009900 -8.4-99.9-99.9-99.9 3.4 81 6.7 73  1.3   5  4.2 6.9 0.8
5299920000724 17.0  2.0  0.009900 -4.6-99.9-99.9-99.9 2.5 59 8.2 69  4.0   4  3.3 6.0 1.0
5299920000725 16.8  1.0  0.009900 -6.0-99.9-99.9-99.9 4.0 94 6.5 61  0.8   3  2.3 7.6 0.8
5299920000726 15.7 -0.7  0.009900 -6.3-99.9-99.9-99.9 3.8 88 7.4 69  2.6   5  3.7 7.4 0.9
5299920000727 18.1  4.1  0.009900 -1.1-99.9-99.9-99.9 3.8 89 8.2 70  4.2   1  0.8 7.5 0.7
5299920000728 12.9  1.4  0.009900 -3.7-99.9-99.9-99.9 3.5 81 9.8 88  6.5   4  3.3 7.2 0.5
5299920000729 11.9  6.9  0.009900  6.8-99.9-99.9-99.9 1.0 2310.7 88  7.9   2  2.0 4.6 0.6
5299920000730 15.7  7.0  0.009900  9.3-99.9-99.9-99.9 2.1 48 8.7 73  3.9   4  3.6 5.8 1.0
5299920000731 14.2  7.2  0.009900  1.3-99.9-99.9-99.9 0.7 1611.6 90  9.1   9  7.0 4.3 0.7
5299920000801 17.0 10.4  0.009900 10.0-99.9-99.9-99.9 2.8 6612.2 80  9.9   3  2.6 6.7 0.9
5299920000802 15.2  6.2  0.009900  4.0-99.9-99.9-99.9 3.5 82 9.0 72  5.3   3  2.3 7.5 0.9
5299920000803 14.5 -0.8  0.009900 -7.4-99.9-99.9-99.9 3.5 81 5.4 55 -2.0   2  1.4 7.5 0.9
5299920000804 14.5 -0.7  0.009900 -7.2-99.9-99.9-99.9 3.8 86 6.1 52  0.1  10  8.2 7.8 2.0
5299920000805 17.3  6.1  0.009900  0.4-99.9-99.9-99.9 3.8 86 8.3 59  4.3   3  2.3 7.9 1.2
5299920000806 21.0  6.0  0.009900  0.6-99.9-99.9-99.9 2.4 5411.1 71  8.4   2  1.2 6.4 1.1
5299920000807 21.8 10.7  0.009900  6.0-99.9-99.9-99.9 2.5 5614.0 81 12.0   3  2.6 6.6 1.1
5299920000808 17.7  7.0  0.819900  0.2-99.9-99.9-99.9 1.8 4210.5 68  7.4   3  2.7 5.9 1.2
5299920000809 13.0  3.5  0.009900 -4.0-99.9-99.9-99.9 3.5 78 6.7 61  1.2   4  3.0 7.8 1.1
5299920000810 12.8 -0.8  0.009900 -6.4-99.9-99.9-99.9 3.5 80 7.0 65  1.8   5  3.8 8.0 1.2
5299920000811 11.6 -1.8  0.009900 -8.0-99.9-99.9-99.9 3.3 75 6.8 67  1.5   2  1.5 7.8 1.0
5299920000812 11.6 -0.8  0.009900 -6.0-99.9-99.9-99.9 3.2 73 7.1 72  2.1   3  2.6 7.7 1.1
5299920000813 15.4  1.6  0.009900 -4.4-99.9-99.9-99.9 3.6 81 9.8 74  6.6   4  3.4 8.2 1.4
5299920000814 12.9 10.4  1.519900  7.6-99.9-99.9-99.9 0.0  012.2 89  9.9   4  3.0 4.1 0.7
5299920000815 20.0  6.8  0.009900  1.5-99.9-99.9-99.9 4.1 92 8.9 65  5.3   5  4.1 8.9 1.6
5299920000816 20.4  5.5  0.009900  1.5-99.9-99.9-99.9 3.8 84 9.4 57  6.1   8  6.5 8.6 2.4
5299920000817 21.5  7.0  0.009900  2.0-99.9-99.9-99.9 3.8 85 9.9 64  6.8   3  2.5 8.7 1.7
5299920000818 22.4  6.0  0.009900  1.2-99.9-99.9-99.9 3.3 7411.4 62  8.8   8  6.2 8.2 2.3
5299920000819 21.6 10.4  5.019900  4.5-99.9-99.9-99.9 1.5 3315.3 79 13.1   8  6.2 6.1 1.7
5299920000820 16.8 10.4 10.519900  4.0-99.9-99.9-99.9 0.0  014.7 95 12.7   7  5.7 4.3 0.7
5299920000821 16.4 13.0 22.519900 11.5-99.9-99.9-99.9 0.0  016.7 97 14.7   8  6.2 4.4 0.8
5299920000822 18.4 13.4  0.519900 11.4-99.9-99.9-99.9 0.2  417.2 96 15.1   7  5.8 4.6 0.8
5299920000823 15.6 12.3  0.009900 13.0-99.9-99.9-99.9 0.0  014.5 98 12.5   9  7.3 4.4 0.6
5299920000824 13.6 11.4  0.009900 11.0-99.9-99.9-99.9 0.0  013.7 97 11.6   7  5.6 4.5 0.6
5299920000825 12.4  8.6  0.009900 10.0-99.9-99.9-99.9 0.0  011.7 93  9.2   4  3.1 4.5 0.7
5299920000826 16.6  3.8  0.819900  0.0-99.9-99.9-99.9 4.3 93 8.6 70  4.6   5  4.110.0 1.8
5299920000827 13.0  5.2  7.019900 -0.6-99.9-99.9-99.9 1.6 35 9.4 82  5.5   9  6.9 6.6 1.1
5299920000828 13.2 -0.3  0.009900 -5.0-99.9-99.9-99.9 4.4 94 5.3 54 -2.0  16 12.910.2 2.7
5299920000829 15.0  5.5  0.009900  3.0-99.9-99.9-99.9 3.8 81 7.4 63  1.3   8  6.1 9.5 1.9
5299920000830 17.1  3.4 11.019900 -2.2-99.9-99.9-99.9 1.6 35 9.2 67  5.5  14 10.8 6.8 2.2
5299920000831 13.5  5.6  0.009900  5.0-99.9-99.9-99.9 1.8 38 8.3 75  4.2   5  4.1 7.1 1.3
5299920000901 17.0  0.2  0.009900 -5.6-99.9-99.9-99.9 4.0 86 7.7 65  3.1   2  2.010.0 1.8
5299920000902 18.5  2.5  0.009900 -3.0-99.9-99.9-99.9 4.0 85 8.9 64  5.3   8  6.310.1 2.4
5299920000903 18.0  8.0  0.009900  2.0-99.9-99.9-99.9 3.7 7810.5 74  7.6   4  3.6 9.7 1.8
5299920000904 20.2  5.0  0.009900  0.0-99.9-99.9-99.9 4.4 92 8.9 57  5.2   5  3.710.7 2.4
5299920000905 22.0  6.0  0.009900  0.3-99.9-99.9-99.9 4.0 8410.8 65  8.0   7  5.810.3 2.6
5299920000906 22.0  9.0  0.009900  3.0-99.9-99.9-99.9 3.9 8211.8 59  9.3  12  9.810.2 3.5
5299920000907 19.8 13.5  4.319900 10.0-99.9-99.9-99.9 2.0 4214.2 78 12.2   6  4.4 7.8 1.9
5299920000908 21.8 12.0 30.019900  8.0-99.9-99.9-99.9 1.4 2817.2 85 15.1  13 10.1 7.0 1.9
5299920000909 18.0 11.3 16.519900 10.5-99.9-99.9-99.9 1.1 2315.3 92 13.3   8  6.8 6.7 1.4
5299920000910 19.0 12.4 20.719900  8.0-99.9-99.9-99.9 0.2  417.8 94 15.6   9  7.4 5.5 1.1
5299920000911 18.0 11.4  0.009900  8.6-99.9-99.9-99.9 4.1 84 6.1 41 -0.2   8  6.310.8 2.9
5299920000912 12.0  6.5  0.009900  0.8-99.9-99.9-99.9 0.0  0 6.7 55  1.3   8  6.5 5.3 1.9
5299920000913 10.4  7.0  2.519900  4.0-99.9-99.9-99.9 0.2  4 7.3 65  2.4  12 10.0 5.6 1.8
5299920000914 11.0  5.8  8.419900  4.8-99.9-99.9-99.9 0.0  0 9.5 85  6.3  10  8.0 5.4 1.1
5299920000915 13.2  8.0  0.319900  7.0-99.9-99.9-99.9 0.0  011.0 85  8.3   5  3.8 5.4 1.1
5299920000916 16.2  9.2  0.009900  4.0-99.9-99.9-99.9 1.9 3911.4 80  8.8   8  6.4 8.2 1.8
5299920000917 20.0 11.2  0.009900  7.0-99.9-99.9-99.9 2.6 5313.7 72 11.6  10  8.3 9.2 2.7
5299920000918 22.4 14.8  0.009900 12.3-99.9-99.9-99.9 1.1 2216.0 78 13.9   6  5.1 7.1 2.1
5299920000919 20.4  9.8 15.019900  4.6-99.9-99.9-99.9 2.5 4913.2 68 10.9  15 11.9 9.1 3.2
5299920000920 17.0 14.0  1.519900 12.0-99.9-99.9-99.9 0.0  016.0 91 13.9  11  8.9 5.6 1.2
5299920000921 19.0  9.0  0.009900  4.2-99.9-99.9-99.9 4.0 8010.8 65  8.0   8  6.111.5 3.0
5299920000922 19.0  6.0  0.009900  0.0-99.9-99.9-99.9 4.4 8712.2 70  9.8  10  8.112.1 3.2
5299920000923 15.6 10.3  0.009900  9.5-99.9-99.9-99.9 0.0  011.2 74  8.5   8  6.4 5.8 1.6
5299920000924 11.5  5.3  0.009900  0.8-99.9-99.9-99.9 3.3 65 7.4 71  2.5   6  4.810.6 2.1
5299920000925 15.6 -0.2  0.009900 -6.6-99.9-99.9-99.9 4.4 86 7.6 59  3.1   7  5.712.3 2.9
5299920000926 19.0  6.0  0.009900  1.2-99.9-99.9-99.9 4.5 88 9.6 59  6.3  10  7.912.5 3.6
5299920000927 22.5  7.0  0.009900 -0.2-99.9-99.9-99.9 4.4 8610.6 54  7.8   8  6.012.4 3.9
5299920000928 25.0  9.6  0.009900  2.5-99.9-99.9-99.9 4.3 8414.6 61 12.6   7  5.912.4 4.1
5299920000929 27.0 12.4  0.009900  6.0-99.9-99.9-99.9 4.5 8715.5 62 13.5   7  5.512.7 4.3
5299920000930 21.0 16.2  3.019900  9.6-99.9-99.9-99.9 3.5 6815.7 62 13.6  10  8.311.3 4.2
5299920001001 23.0 13.4  0.009900 11.3-99.9-99.9-99.9 2.8 5414.6 72 12.6  12  9.410.3 3.2
5299920001002 15.2 11.3 45.019900 12.3-99.9-99.9-99.9 0.0  012.9 89 10.7  20 15.7 6.2 1.3
5299920001003 17.0 11.0  1.719900 10.5-99.9-99.9-99.9 0.0  015.5 92 13.5   8  6.1 6.2 1.1
5299920001004 16.8  9.8  0.419900  7.4-99.9-99.9-99.9 2.9 5611.4 80  8.9   6  4.910.7 2.3
5299920001005 14.4  8.2  0.009900  3.5-99.9-99.9-99.9 2.3 44 9.8 74  6.6   6  4.6 9.8 2.1
5299920001006 19.0  3.1  0.009900 -2.0-99.9-99.9-99.9 4.6 8710.5 67  7.6   4  3.613.4 3.2
5299920001007 22.3  9.9  0.009900  3.8-99.9-99.9-99.9 4.2 8113.2 66 11.0   6  5.112.9 3.7
5299920001008 24.4 13.2  3.419900  8.6-99.9-99.9-99.9 3.8 7114.8 60 12.8  15 12.012.2 4.9
5299920001009 21.0 13.7  0.009900 14.0-99.9-99.9-99.9 3.7 6912.4 69  9.9   7  5.812.1 3.3
5299920001010 21.5  7.5  0.009900  1.0-99.9-99.9-99.9 4.7 8911.1 58  8.5   7  5.913.8 4.1
5299920001011 24.6 11.0  0.009900  3.4-99.9-99.9-99.9 4.7 8811.6 56  9.2   7  5.413.9 4.4
5299920001012 23.5 12.6  0.009900  6.2-99.9-99.9-99.9 4.6 8611.4 54  8.1  10  7.813.8 4.4
5299920001013 19.8  7.3  0.009900  0.0-99.9-99.9-99.9 3.2 59 7.9 43  3.5   9  7.011.6 4.0
5299920001014 20.0  9.6  0.009900  5.2-99.9-99.9-99.9 3.4 63 9.8 52  6.7  21 17.112.0 5.2
5299920001015 17.6 12.6  5.519900 10.0-99.9-99.9-99.9 0.5  912.5 70 10.3  13 10.7 7.5 2.4
5299920001016 17.8 14.2  5.519900 13.0-99.9-99.9-99.9 0.0  017.6 96 15.5   5  3.8 6.7 1.1
5299920001017 20.0 12.7  0.009900 13.4-99.9-99.9-99.9 1.1 2115.5 90 13.5   2  1.8 8.6 1.7
5299920001018 23.8  9.0  0.009900  2.4-99.9-99.9-99.9 4.8 8816.7 78 14.7   4  3.014.5 4.0
5299920001019 27.0 13.0  0.319900  7.0-99.9-99.9-99.9 3.7 6820.0 78 17.5   5  4.112.8 3.9
5299920001020 28.0 14.0  0.009900  6.4-99.9-99.9-99.9 4.4 8020.0 70 17.4   5  4.213.9 4.6
5299920001021 30.0 17.4 37.819900 10.0-99.9-99.9-99.9 4.5 8221.0 62 18.2  14 11.114.2 6.3
5299920001022 25.4 18.0  0.009900 17.5-99.9-99.9-99.9 0.2  320.3 85 17.7  12  9.5 7.2 1.9
5299920001023 18.8 13.0  0.009900 11.8-99.9-99.9-99.9 0.0  011.9 73  9.5  13 10.3 7.0 2.0
5299920001024 17.0 12.0  0.519900 11.5-99.9-99.9-99.9 0.0  015.2 89 13.2  11  8.8 7.0 1.4
5299920001025 22.0 14.6  0.009900 13.8-99.9-99.9-99.9 1.0 1818.2 84 16.0  10  7.7 8.7 2.3
5299920001026 23.0 18.0 11.519900 16.0-99.9-99.9-99.9 0.2  322.0 92 19.0   6  4.4 7.4 1.5
5299920001027 20.6 14.0  0.009900  9.5-99.9-99.9-99.9 3.6 6513.3 71 11.2   7  5.513.1 3.6
5299920001028 16.0  7.8  0.009900  3.0-99.9-99.9-99.9 4.5 8010.4 70  7.5   7  5.414.5 3.5
5299920001029 18.0  5.0  0.009900 -0.4-99.9-99.9-99.9 4.2 7610.6 64  7.8  10  8.114.2 4.0
5299920001030 27.0 13.2  0.009900 10.6-99.9-99.9-99.9 4.6 8218.2 67 16.0  10  7.914.9 5.3
5299920001031 24.0 15.0  5.719900 13.0-99.9-99.9-99.9 4.6 8218.6 74 16.3  12  9.614.8 5.0
5299920001101 20.8 16.0  4.719900 14.8-99.9-99.9-99.9 0.0  018.6 91 16.3   6  5.0 7.3 1.6
5299920001102 23.8 14.0  0.009900 12.3-99.9-99.9-99.9 4.3 7614.5 71 12.3   4  3.414.4 4.0
5299920001103 24.0  9.6  0.009900  4.0-99.9-99.9-99.9 3.7 6613.4 61 11.3   4  2.813.5 3.9
5299920001104 21.6 13.7  0.009900-99.9-99.9-99.9-99.9 1.4 2514.8 80 12.8   4  2.9 9.7 2.4
5299920001105 24.0 11.8  1.019900  7.8-99.9-99.9-99.9 1.3 2415.5 72 13.4   5  4.2 9.6 2.8
5299920001106 24.0 11.0 10.419900  6.0-99.9-99.9-99.9 2.4 4216.2 73 14.2   6  5.111.5 3.4
5299920001107 20.6 15.4  3.719900 14.0-99.9-99.9-99.9 0.6 1118.0 95 15.8   6  4.7 8.5 1.8
5299920001108 20.8 13.0  0.009900 10.0-99.9-99.9-99.9 1.4 2517.5 82 15.5   6  4.7 9.9 2.6
5299920001109 22.6 14.2  0.009900 10.0-99.9-99.9-99.9 3.0 5316.3 74 14.4   4  3.012.6 3.5
5299920001110 21.4 12.8  0.519900  7.4-99.9-99.9-99.9 0.7 1216.8 76 14.8   9  7.4 8.7 2.6
5299920001111 24.0 16.2 13.419900 10.6-99.9-99.9-99.9 1.6 2819.6 87 17.2   7  5.910.3 2.7
5299920001112 22.0 13.3  0.009900  8.0-99.9-99.9-99.9 3.4 5914.6 66 12.2   6  5.213.4 4.1
5299920001113 19.0  8.0  0.009900 -0.4-99.9-99.9-99.9 4.5 78 7.0 38  1.8  12  9.615.3 5.4
5299920001114 15.0  7.0  0.009900 -1.2-99.9-99.9-99.9 4.1 70 8.9 66  5.3   6  5.114.6 3.4
5299920001115 20.0  4.0  0.009900 -2.4-99.9-99.9-99.9 5.1 8811.2 64  8.6   4  3.516.4 4.2
5299920001116 24.6  7.6  0.009900  1.0-99.9-99.9-99.9 5.1 8812.9 56 10.7   8  6.716.4 5.6
5299920001117 27.6 12.8  0.009900  6.0-99.9-99.9-99.9 5.2 8916.7 60 14.6  12  9.616.5 6.3
5299920001118 28.8 16.5  0.009900  7.0-99.9-99.9-99.9 5.2 9017.0 57 14.8   8  6.816.7 6.2
5299920001119 21.6 15.0  0.419900  9.0-99.9-99.9-99.9 0.5  813.2 65 11.0   6  5.2 8.5 2.7
5299920001120 21.6  9.3  0.009900  2.0-99.9-99.9-99.9 5.2 9012.6 62 10.3  10  8.016.7 5.2
5299920001121 26.0 13.0 31.019900  5.5-99.9-99.9-99.9 1.8 3018.3 74 15.7   8  6.310.9 3.4
5299920001122 24.6 17.6  0.009900 11.8-99.9-99.9-99.9 2.6 4420.5 88 17.9   5  3.712.2 3.3
5299920001123 28.6 16.6 34.019900 12.5-99.9-99.9-99.9 2.0 3320.2 91 17.6  13 10.511.2 3.1
5299920001124 20.3 10.5  0.009900  7.8-99.9-99.9-99.9 5.3 9011.4 62  8.9   8  6.116.9 4.8
5299920001125 23.6 10.7  0.009900  4.2-99.9-99.9-99.9 4.9 8314.8 66 12.8  10  7.616.3 5.2
5299920001126 27.6 13.7  7.819900  8.7-99.9-99.9-99.9 4.8 8119.7 66 17.2   9  7.416.1 5.9
5299920001127 30.3 16.3  0.009900 11.7-99.9-99.9-99.9 4.6 7822.5 69 19.3   6  4.515.8 5.7
5299920001128 24.5 16.3  0.009900 10.5-99.9-99.9-99.9 2.9 4817.9 78 15.7  12  9.912.9 4.1
5299920001129 22.0 10.4  0.009900  6.6-99.9-99.9-99.9 5.3 9013.2 63 11.1  12  9.417.1 5.4
5299920001130 23.0 13.8  0.009900  8.0-99.9-99.9-99.9 5.2 8814.5 65 12.3   8  6.617.0 5.3
5299920001201 26.0 14.7  0.009900  8.8-99.9-99.9-99.9 5.3 8916.4 65 14.4   6  4.417.1 5.5
5299920001202 28.0 13.3  0.009900  8.5-99.9-99.9-99.9 4.6 7715.6 53 13.7   7  5.415.9 5.9
5299920001203 22.0 15.8  0.009900 13.0-99.9-99.9-99.9 0.0  014.8 72 12.5  10  7.8 8.0 2.8
5299920001204 22.3 10.6  0.009900  6.3-99.9-99.9-99.9 5.1 8614.7 69 12.6   6  4.616.8 5.0
5299920001205 27.0 10.0  0.009900  5.2-99.9-99.9-99.9 5.0 8415.5 56 13.5   9  7.316.7 6.3
5299920001206 31.0 18.6  0.009900 13.0-99.9-99.9-99.9 4.8 8118.8 51 16.6  12  9.416.4 7.4
5299920001207 29.6 20.4  0.009900 15.6-99.9-99.9-99.9 2.0 3321.1 66 18.4  10  8.111.5 4.8
5299920001208 31.0 19.0  0.009900 16.8-99.9-99.9-99.9 4.8 8023.8 68 20.3   8  6.416.3 6.4
5299920001209 31.0 20.0  0.009900 12.6-99.9-99.9-99.9 5.0 8414.5 43 12.5  12  9.416.8 7.4
5299920001210 27.8 18.8 17.019900 15.0-99.9-99.9-99.9 3.5 5814.8 56 12.7  13 10.314.1 5.6
5299920001211 30.2 17.4  0.009900 14.0-99.9-99.9-99.9 4.9 8223.4 68 19.9   6  5.216.6 6.2
5299920001212 32.0 19.0  0.009900 13.6-99.9-99.9-99.9 4.5 7624.9 65 21.0   5  3.915.9 6.3
5299920001213 29.6 22.0  0.009900 19.5-99.9-99.9-99.9 0.1  127.6 76 22.7   4  3.1 8.2 3.0
5299920001214 31.2 19.7  0.009900 15.5-99.9-99.9-99.9 4.5 7524.4 68 20.6   9  7.115.9 6.5
5299920001215 25.0 12.6  1.519900 13.5-99.9-99.9-99.9 0.4  613.7 77 11.6   9  7.2 8.7 2.7
5299920001216 23.0  8.8  0.009900  5.0-99.9-99.9-99.9 5.2 8711.6 56  9.1   8  6.417.2 5.5
5299920001217 29.0 14.3  0.009900 11.5-99.9-99.9-99.9 4.7 3316.9 55 14.6  10  8.216.216.3
5299920001218 28.3 16.4  0.009900 12.0-99.9-99.9-99.9 5.0 8416.8 56 14.6  10  7.716.8 6.7
5299920001219 29.3  9.5  0.009900  6.0-99.9-99.9-99.9 5.6 9316.0 58 13.8  10  7.817.8 6.8
5299920001220 25.0 12.0  0.009900  8.0-99.9-99.9-99.9 4.6 7610.5 45  7.6   9  7.116.0 5.9
5299920001221 28.0 17.3  2.219900  8.0-99.9-99.9-99.9 2.0 3219.7 81 17.2   5  4.011.5 3.5
5299920001222 30.2 14.4  0.009900 10.3-99.9-99.9-99.9 3.7 6117.8 59 15.5  12  9.314.5 6.3
5299920001223 24.6 14.0  0.009900 12.0-99.9-99.9-99.9 3.8 6413.2 62 11.1  10  8.214.7 5.0
5299920001224 27.0 13.6  0.009900 12.8-99.9-99.9-99.9 5.5 9214.0 54 11.9   8  6.317.7 6.3
5299920001225 32.0 18.0  0.009900 12.0-99.9-99.9-99.9 6.010021.9 61 18.9  10  8.418.5 7.8
5299920001226 34.0 19.6 68.019900 17.0-99.9-99.9-99.9 3.5 5925.5 79 21.4  11  8.914.2 5.6
5299920001227 28.0 18.6  0.009900 15.0-99.9-99.9-99.9 3.0 5023.8 83 20.2   6  4.713.4 4.5
5299920001228 28.0 14.8  0.009900  9.0-99.9-99.9-99.9 3.7 6119.0 64 16.6   5  4.114.4 5.1
5299920001229 29.3 16.0  1.019900 11.5-99.9-99.9-99.9 2.6 4420.4 69 17.7   8  6.012.6 4.7
5299920001230 28.0 14.6  0.009900 10.0-99.9-99.9-99.9 5.8 9715.7 55 13.6   4  3.618.2 6.2
5299920001231 31.0 15.6  0.009900 11.0-99.9-99.9-99.9 5.4 9019.4 58 17.0   5  3.817.4 6.5
5299920061114-99.9-99.9-99.999999-99.9-99.9-99.9-99.9-9.9 99-9.9-99-99.9 -99-99.9-9.9-9.9
5299920061115-99.9-99.9-99.999999-99.9-99.9-99.9-99.9-9.9 99-9.9-99-99.9 -99-99.9-9.9-9.9
5299920110106-99.9-99.9-99.999900-99.9-99.9-99.9-99.9-9.9 99-9.9-99-99.9 -99-99.9-9.9-9.9
5299920110615-99.9-99.9-99.999900-99.9-99.9-99.9-99.9-9.9 99-9.9-99-99.9 -99-99.9-9.9-9.9
5299920110616-99.9-99.9-99.999999-99.9-99.9-99.9-99.9-9.9 99-9.9-99-99.9 -99-99.9-9.9-9.9
5299920120101-99.9-99.9  0.009999-99.9-99.9-99.9-99.9-9.9 99-9.9 70-99.9 -99-99.9-9.9-9.9
5299920120102 19.3 15.3  0.009999-99.9-99.9-99.9-99.9-9.9 9912.4 64 10.2 -99-99.9-9.9-9.9
5299920120103 20.9 15.1  0.009999-99.9-99.9-99.9-99.9-9.9 9914.4 72 12.4 -99-99.9-9.9-9.9
5299920120104 20.7 16.6  0.009999-99.9-99.9-99.9-99.9-9.9 9918.5 87 16.2 -99-99.9-9.9-9.9
5299920120105 19.4 17.4  0.009999-99.9-99.9-99.9-99.9-9.9 9917.2 82 15.1 -99-99.9-9.9-9.9
5299920120106 17.4 15.8  0.009999-99.9-99.9-99.9-99.9-9.9 9915.5 85 13.6 -99-99.9-9.9-9.9
5299920120107 21.1 16.0  0.009999-99.9-99.9-99.9-99.9-9.9 9916.3 77 14.3 -99-99.9-9.9-9.9
5299920120108 20.7 16.3  0.009999-99.9-99.9-99.9-99.9-9.9 9915.1 73 13.1 -99-99.9-9.9-9.9
5299920120109 20.8 16.7  0.009999-99.9-99.9-99.9-99.9-9.9 9915.9 74 13.9 -99-99.9-9.9-9.9
5299920120110 22.0 16.2  0.009999-99.9-99.9-99.9-99.9-9.9 9915.0 70 12.9 -99-99.9-9.9-9.9
5299920120111 20.3 14.7  0.009999-99.9-99.9-99.9-99.9-9.9 9912.1 61  9.7 -99-99.9-9.9-9.9
5299920120112 15.6 12.9  0.009999-99.9-99.9-99.9-99.9-9.9 99 9.6 63  6.4 -99-99.9-9.9-9.9
5299920120113 12.9 11.5  0.009999-99.9-99.9-99.9-99.9-9.9 99 8.9 63  5.2 -99-99.9-9.9-9.9
5299920120114 19.3 11.1  0.009999-99.9-99.9-99.9-99.9-9.9 9910.0 57  7.0 -99-99.9-9.9-9.9
5299920120115 20.5 12.8  0.009999-99.9-99.9-99.9-99.9-9.9 9910.6 56  7.8 -99-99.9-9.9-9.9
5299920120116 20.0 13.7  0.009999-99.9-99.9-99.9-99.9-9.9 9910.9 59  8.2 -99-99.9-9.9-9.9
5299920120117 14.5 12.7  0.009999-99.9-99.9-99.9-99.9-9.9 99 9.5 65  6.3 -99-99.9-9.9-9.9
5299920120118 18.6 12.5  0.009999-99.9-99.9-99.9-99.9-9.9 9912.9 71 10.7 -99-99.9-9.9-9.9
5299920120119 15.0 14.5  0.009999-99.9-99.9-99.9-99.9-9.9 9914.1 85 12.1 -99-99.9-9.9-9.9
5299920120120 15.5 14.8  0.009999-99.9-99.9-99.9-99.9-9.9 9914.2 82 12.2 -99-99.9-9.9-9.9
5299920120121 15.5 13.4-99.999999-99.9-99.9-99.9-99.9-9.9 9912.4 75 10.1 -99-99.9-9.9-9.9
5299920120122-99.9-99.9  0.009999-99.9-99.9-99.9-99.9-9.9 9912.3 68 10.0 -99-99.9-9.9-9.9
5299920120123 20.7 13.3-99.999999-99.9-99.9-99.9-99.9-9.9 9912.4 63 10.1 -99-99.9-9.9-9.9
5299920120124-99.9-99.9-99.999999-99.9-99.9-99.9-99.9-9.9 99-9.9-99-99.9 -99-99.9-9.9-9.9
5299920130507-99.9-99.9-99.999999-99.9-99.9-99.9-99.9-9.9 99-9.9-99-99.9 -99-99.9-9.9-9.9
5299920130513-99.9-99.9-99.999999-99.9-99.9-99.9-99.9-9.9 99-9.9-99-99.9 -99-99.9-9.9-9.9
5299920130514-99.9-99.9-99.999999-99.9-99.9-99.9-99.9-9.9 99-9.9-99-99.9 -99-99.9-9.9-9.9
5299920130516-99.9-99.9-99.999999-99.9-99.9-99.9-99.9-9.9 99-9.9-99-99.9 -99-99.9-9.9-9.9
5299920130525-99.9-99.9-99.999999-99.9-99.9-99.9-99.9-9.9 99-9.9-99-99.9 -99-99.9-9.9-9.9
5299920130528-99.9-99.9-99.999999-99.9-99.9-99.9-99.9-9.9 99-9.9-99-99.9 -99-99.9-9.9-9.9
5299920130614-99.9-99.9-99.999999-99.9-99.9-99.9-99.9-9.9 99-9.9-99-99.9 -99-99.9-9.9-9.9
5299920130702-99.9-99.9-99.999999-99.9-99.9-99.9-99.9-9.9 99-9.9-99-99.9 -99-99.9-9.9-9.9
5299920130718-99.9-99.9-99.999999-99.9-99.9-99.9-99.9-9.9 99-9.9-99-99.9 -99-99.9-9.9-9.9
5299920130719-99.9-99.9-99.999999-99.9-99.9-99.9-99.9-9.9 99-9.9-99-99.9 -99-99.9-9.9-9.9
5299920130722-99.9-99.9-99.999999-99.9-99.9-99.9-99.9-9.9 99-9.9-99-99.9 -99-99.9-9.9-9.9
5299920130807-99.9-99.9-99.999999-99.9-99.9-99.9-99.9-9.9 99-9.9-99-99.9 -99-99.9-9.9-9.9
5299920130812-99.9-99.9-99.999999-99.9-99.9-99.9-99.9-9.9 99-9.9-99-99.9 -99-99.9-9.9-9.9
5299920130830-99.9-99.9-99.999999-99.9-99.9-99.9-99.9-9.9 99-9.9-99-99.9 -99-99.9-9.9-9.9
5299920130910-99.9-99.9-99.999999-99.9-99.9-99.9-99.9-9.9 99-9.9-99-99.9 -99-99.9-9.9-9.9
5299920131007-99.9-99.9-99.999999-99.9-99.9-99.9-99.9-9.9 99-9.9-99-99.9 -99-99.9-9.9-9.9
5299920131008-99.9-99.9-99.999999-99.9-99.9-99.9-99.9-9.9 99-9.9-99-99.9 -99-99.9-9.9-9.9
5299920131025-99.9-99.9-99.999999-99.9-99.9-99.9-99.9-9.9 99-9.9-99-99.9 -99-99.9-9.9-9.9
5299920131028-99.9-99.9-99.999999-99.9-99.9-99.9-99.9-9.9 99-9.9-99-99.9 -99-99.9-9.9-9.9
5299920131029-99.9-99.9-99.999999-99.9-99.9-99.9-99.9-9.9 99-9.9-99-99.9 -99-99.9-9.9-9.9
5299920131104-99.9-99.9-99.999999-99.9-99.9-99.9-99.9-9.9 99-9.9-99-99.9 -99-99.9-9.9-9.9
5299920131119-99.9-99.9-99.999999-99.9-99.9-99.9-99.9-9.9 99-9.9-99-99.9 -99-99.9-9.9-9.9
5299920131120-99.9-99.9-99.999999-99.9-99.9-99.9-99.9-9.9 99-9.9-99-99.9 -99-99.9-9.9-9.9
5299920131126-99.9-99.9-99.999999-99.9-99.9-99.9-99.9-9.9 99-9.9-99-99.9 -99-99.9-9.9-9.9
5299920131129-99.9-99.9-99.999999-99.9-99.9-99.9-99.9-9.9 99-9.9-99-99.9 -99-99.9-9.9-9.9
5299920131206-99.9-99.9-99.999999-99.9-99.9-99.9-99.9-9.9 99-9.9-99-99.9 -99-99.9-9.9-9.9
5299920131209-99.9-99.9-99.999999-99.9-99.9-99.9-99.9-9.9 99-9.9-99-99.9 -99-99.9-9.9-9.9
5299920131210-99.9-99.9-99.999999-99.9-99.9-99.9-99.9-9.9 99-9.9-99-99.9 -99-99.9-9.9-9.9
5299920131223-99.9-99.9-99.999999-99.9-99.9-99.9-99.9-9.9 99-9.9-99-99.9 -99-99.9-9.9-9.9
5299920140103-99.9-99.9-99.999999-99.9-99.9-99.9-99.9-9.9 99-9.9-99-99.9 -99-99.9-9.9-9.9
5299920140106-99.9-99.9-99.999999-99.9-99.9-99.9-99.9-9.9 99-9.9-99-99.9 -99-99.9-9.9-9.9
5299920140107-99.9-99.9-99.999999-99.9-99.9-99.9-99.9-9.9 99-9.9-99-99.9 -99-99.9-9.9-9.9
5299920140108-99.9-99.9-99.999999-99.9-99.9-99.9-99.9-9.9 99-9.9-99-99.9 -99-99.9-9.9-9.9
5299920140109-99.9-99.9-99.999999-99.9-99.9-99.9-99.9-9.9 99-9.9-99-99.9 -99-99.9-9.9-9.9
5299920140110-99.9-99.9-99.999999-99.9-99.9-99.9-99.9-9.9 99-9.9-99-99.9 -99-99.9-9.9-9.9
5299920140320-99.9-99.9-99.999999-99.9-99.9-99.9-99.9-9.9 99-9.9-99-99.9 -99-99.9-9.9-9.9
5299920140516-99.9-99.9-99.999999-99.9-99.9-99.9-99.9-9.9 99-9.9-99-99.9 -99-99.9-9.9-9.9
5299920140602-99.9-99.9-99.999999-99.9-99.9-99.9-99.9-9.9 99-9.9-99-99.9 -99-99.9-9.9-9.9
5299920140603-99.9-99.9-99.999999-99.9-99.9-99.9-99.9-9.9 99-9.9-99-99.9 -99-99.9-9.9-9.9
5299920140704-99.9-99.9-99.999999-99.9-99.9-99.9-99.9-9.9 99-9.9-99-99.9 -99-99.9-9.9-9.9
5299920140715-99.9-99.9-99.999999-99.9-99.9-99.9-99.9-9.9 99-9.9-99-99.9 -99-99.9-9.9-9.9
5299920140716-99.9-99.9-99.999999-99.9-99.9-99.9-99.9-9.9 99-9.9-99-99.9 -99-99.9-9.9-9.9
5299920140728-99.9-99.9-99.999999-99.9-99.9-99.9-99.9-9.9 99-9.9-99-99.9 -99-99.9-9.9-9.9
5299920140904-99.9-99.9-99.999999-99.9-99.9-99.9-99.9-9.9 99-9.9-99-99.9 -99-99.9-9.9-9.9
5299920140926-99.9-99.9-99.999999-99.9-99.9-99.9-99.9-9.9 99-9.9-99-99.9 -99-99.9-9.9-9.9
5299920140929-99.9-99.9-99.999999-99.9-99.9-99.9-99.9-9.9 99-9.9-99-99.9 -99-99.9-9.9-9.9
5299920140930-99.9-99.9-99.999999-99.9-99.9-99.9-99.9-9.9 99-9.9-99-99.9 -99-99.9-9.9-9.9
5299920141001-99.9-99.9-99.999999-99.9-99.9-99.9-99.9-9.9 99-9.9-99-99.9 -99-99.9-9.9-9.9
5299920141017-99.9-99.9-99.999999-99.9-99.9-99.9-99.9-9.9 99-9.9-99-99.9 -99-99.9-9.9-9.9
5299920141023-99.9-99.9-99.999999-99.9-99.9-99.9-99.9-9.9 99-9.9-99-99.9 -99-99.9-9.9-9.9
5299920141126-99.9-99.9-99.999999-99.9-99.9-99.9-99.9-9.9 99-9.9-99-99.9 -99-99.9-9.9-9.9
5299920141127-99.9-99.9-99.999999-99.9-99.9-99.9-99.9-9.9 99-9.9-99-99.9 -99-99.9-9.9-9.9
5299920141215-99.9-99.9-99.999999-99.9-99.9-99.9-99.9-9.9 99-9.9-99-99.9 -99-99.9-9.9-9.9
5299920141219-99.9-99.9-99.999999-99.9-99.9-99.9-99.9-9.9 99-9.9-99-99.9 -99-99.9-9.9-9.9
5299920141222-99.9-99.9-99.999999-99.9-99.9-99.9-99.9-9.9 99-9.9-99-99.9 -99-99.9-9.9-9.9
5299920150108-99.9-99.9-99.999999-99.9-99.9-99.9-99.9-9.9 99-9.9-99-99.9 -99-99.9-9.9-9.9
5299920150109-99.9-99.9-99.999999-99.9-99.9-99.9-99.9-9.9 99-9.9-99-99.9 -99-99.9-9.9-9.9
5299920150112-99.9-99.9-99.999999-99.9-99.9-99.9-99.9-9.9 99-9.9-99-99.9 -99-99.9-9.9-9.9
5299920150119-99.9-99.9-99.999999-99.9-99.9-99.9-99.9-9.9 99-9.9-99-99.9 -99-99.9-9.9-9.9
5299920150120-99.9-99.9-99.999999-99.9-99.9-99.9-99.9-9.9 99-9.9-99-99.9 -99-99.9-9.9-9.9
5299920150121-99.9-99.9-99.999999-99.9-99.9-99.9-99.9-9.9 99-9.9-99-99.9 -99-99.9-9.9-9.9
5299920150218-99.9-99.9-99.999999-99.9-99.9-99.9-99.9-9.9 99-9.9-99-99.9 -99-99.9-9.9-9.9
5299920150219-99.9-99.9-99.999999-99.9-99.9-99.9-99.9-9.9 99-9.9-99-99.9 -99-99.9-9.9-9.9
5299920150220-99.9-99.9-99.999999-99.9-99.9-99.9-99.9-9.9 99-9.9-99-99.9 -99-99.9-9.9-9.9
5299920150408-99.9-99.9-99.999999-99.9-99.9-99.9-99.9-9.9 99-9.9-99-99.9 -99-99.9-9.9-9.9
5299920150410-99.9-99.9-99.999999-99.9-99.9-99.9-99.9-9.9 99-9.9-99-99.9 -99-99.9-9.9-9.9
5299920150716-99.9-99.9-99.999999-99.9-99.9-99.9-99.9-9.9 99-9.9-99-99.9 -99-99.9-9.9-9.9
5299920150930-99.9-99.9-99.999999-99.9-99.9-99.9-99.9-9.9 99-9.9-99-99.9 -99-99.9-9.9-9.9
5299920151002-99.9-99.9-99.999999-99.9-99.9-99.9-99.9-9.9 99-9.9-99-99.9 -99-99.9-9.9-9.9
5299920151013-99.9-99.9-99.999999-99.9-99.9-99.9-99.9-9.9 99-9.9-99-99.9 -99-99.9-9.9-9.9
5299920151014-99.9-99.9-99.999999-99.9-99.9-99.9-99.9-9.9 99-9.9-99-99.9 -99-99.9-9.9-9.9
5299920160720-99.9-99.9-99.999999-99.9-99.9-99.9-99.9-9.9 99-9.9-99-99.9 -99-99.9-9.9-9.9
5299920160721-99.9-99.9-99.999999-99.9-99.9-99.9-99.9-9.9 99-9.9-99-99.9 -99-99.9-9.9-9.9
5299920160831-99.9-99.9-99.999999-99.9-99.9-99.9-99.9-9.9 99-9.9-99-99.9 -99-99.9-9.9-9.9
5299920160902-99.9-99.9-99.999999-99.9-99.9-99.9-99.9-9.9 99-9.9-99-99.9 -99-99.9-9.9-9.9
5299920160905-99.9-99.9-99.999999-99.9-99.9-99.9-99.9-9.9 99-9.9-99-99.9 -99-99.9-9.9-9.9
5299920160906-99.9-99.9-99.999999-99.9-99.9-99.9-99.9-9.9 99-9.9-99-99.9 -99-99.9-9.9-9.9
5299920161028-99.9-99.9-99.999999-99.9-99.9-99.9-99.9-9.9 99-9.9-99-99.9 -99-99.9-9.9-9.9
5299920161105-99.9-99.9-99.999999-99.9-99.9-99.9-99.9-9.9 99-9.9-99-99.9 -99-99.9-9.9-9.9
5299920161116-99.9-99.9-99.999999-99.9-99.9-99.9-99.9-9.9 99-9.9-99-99.9 -99-99.9-9.9-9.9
5299920161122-99.9-99.9-99.999999-99.9-99.9-99.9-99.9-9.9 99-9.9-99-99.9 -99-99.9-9.9-9.9
5299920161123-99.9-99.9-99.999999-99.9-99.9-99.9-99.9-9.9 99-9.9-99-99.9 -99-99.9-9.9-9.9
5299920161125-99.9-99.9-99.999999-99.9-99.9-99.9-99.9-9.9 99-9.9-99-99.9 -99-99.9-9.9-9.9
5299920161129-99.9-99.9-99.999999-99.9-99.9-99.9-99.9-9.9 99-9.9-99-99.9 -99-99.9-9.9-9.9
5299920161130-99.9-99.9-99.999999-99.9-99.9-99.9-99.9-9.9 99-9.9-99-99.9 -99-99.9-9.9-9.9
5299920161202-99.9-99.9-99.999999-99.9-99.9-99.9-99.9-9.9 99-9.9-99-99.9 -99-99.9-9.9-9.9
5299920161205-99.9-99.9-99.999999-99.9-99.9-99.9-99.9-9.9 99-9.9-99-99.9 -99-99.9-9.9-9.9
5299920161220-99.9-99.9-99.999999-99.9-99.9-99.9-99.9-9.9 99-9.9-99-99.9 -99-99.9-9.9-9.9
5299920161223-99.9-99.9-99.999999-99.9-99.9-99.9-99.9-9.9 99-9.9-99-99.9 -99-99.9-9.9-9.9
5299920161226-99.9-99.9-99.999999-99.9-99.9-99.9-99.9-9.9 99-9.9-99-99.9 -99-99.9-9.9-9.9
5299920161227-99.9-99.9-99.999999-99.9-99.9-99.9-99.9-9.9 99-9.9-99-99.9 -99-99.9-9.9-9.9
5299920161228-99.9-99.9-99.999999-99.9-99.9-99.9-99.9-9.9 99-9.9-99-99.9 -99-99.9-9.9-9.9
5299920161230-99.9-99.9-99.999999-99.9-99.9-99.9-99.9-9.9 99-9.9-99-99.9 -99-99.9-9.9-9.9
5299920170102-99.9-99.9-99.999999-99.9-99.9-99.9-99.9-9.9 99-9.9-99-99.9 -99-99.9-9.9-9.9
5299920170103-99.9-99.9-99.999999-99.9-99.9-99.9-99.9-9.9 99-9.9-99-99.9 -99-99.9-9.9-9.9
5299920170120-99.9-99.9-99.999999-99.9-99.9-99.9-99.9-9.9 99-9.9-99-99.9 -99-99.9-9.9-9.9
5299920170123-99.9-99.9-99.999999-99.9-99.9-99.9-99.9-9.9 99-9.9-99-99.9 -99-99.9-9.9-9.9
5299920170207-99.9-99.9-99.999999-99.9-99.9-99.9-99.9-9.9 99-9.9-99-99.9 -99-99.9-9.9-9.9
5299920170208-99.9-99.9-99.999999-99.9-99.9-99.9-99.9-9.9 99-9.9-99-99.9 -99-99.9-9.9-9.9
5299920170213-99.9-99.9-99.999999-99.9-99.9-99.9-99.9-9.9 99-9.9-99-99.9 -99-99.9-9.9-9.9
5299920170509-99.9-99.9-99.999999-99.9-99.9-99.9-99.9-9.9 99-9.9-99-99.9 -99-99.9-9.9-9.9
5299920170510-99.9-99.9-99.999999-99.9-99.9-99.9-99.9-9.9 99-9.9-99-99.9 -99-99.9-9.9-9.9
5299920170531-99.9-99.9-99.999999-99.9-99.9-99.9-99.9-9.9 99-9.9-99-99.9 -99-99.9-9.9-9.9
5299920170704-99.9-99.9-99.999999-99.9-99.9-99.9-99.9-9.9 99-9.9-99-99.9 -99-99.9-9.9-9.9
5299920170705-99.9-99.9-99.999999-99.9-99.9-99.9-99.9-9.9 99-9.9-99-99.9 -99-99.9-9.9-9.9
5299920170712-99.9-99.9-99.999999-99.9-99.9-99.9-99.9-9.9 99-9.9-99-99.9 -99-99.9-9.9-9.9
5299920170714-99.9-99.9-99.999999-99.9-99.9-99.9-99.9-9.9 99-9.9-99-99.9 -99-99.9-9.9-9.9
5299920170717-99.9-99.9-99.999999-99.9-99.9-99.9-99.9-9.9 99-9.9-99-99.9 -99-99.9-9.9-9.9
5299920170718-99.9-99.9-99.999999-99.9-99.9-99.9-99.9-9.9 99-9.9-99-99.9 -99-99.9-9.9-9.9
5299920170719-99.9-99.9-99.999999-99.9-99.9-99.9-99.9-9.9 99-9.9-99-99.9 -99-99.9-9.9-9.9
5299920170724-99.9-99.9-99.999999-99.9-99.9-99.9-99.9-9.9 99-9.9-99-99.9 -99-99.9-9.9-9.9
5299920170830-99.9-99.9-99.999999-99.9-99.9-99.9-99.9-9.9 99-9.9-99-99.9 -99-99.9-9.9-9.9
5299920170901-99.9-99.9-99.999999-99.9-99.9-99.9-99.9-9.9 99-9.9-99-99.9 -99-99.9-9.9-9.9
5299920170912-99.9-99.9-99.999999-99.9-99.9-99.9-99.9-9.9 99-9.9-99-99.9 -99-99.9-9.9-9.9
5299920170918-99.9-99.9-99.999999-99.9-99.9-99.9-99.9-9.9 99-9.9-99-99.9 -99-99.9-9.9-9.9
5299920170919-99.9-99.9-99.999999-99.9-99.9-99.9-99.9-9.9 99-9.9-99-99.9 -99-99.9-9.9-9.9
5299920170922-99.9-99.9-99.999999-99.9-99.9-99.9-99.9-9.9 99-9.9-99-99.9 -99-99.9-9.9-9.9
5299920171101-99.9-99.9-99.999999-99.9-99.9-99.9-99.9-9.9 99-9.9-99-99.9 -99-99.9-9.9-9.9
5299920171123-99.9-99.9-99.999999-99.9-99.9-99.9-99.9-9.9 99-9.9-99-99.9 -99-99.9-9.9-9.9
5299920171130-99.9-99.9-99.999999-99.9-99.9-99.9-99.9-9.9 99-9.9-99-99.9 -99-99.9-9.9-9.9
5299920171201-99.9-99.9-99.999999-99.9-99.9-99.9-99.9-9.9 99-9.9-99-99.9 -99-99.9-9.9-9.9
5299920180105-99.9-99.9-99.999999-99.9-99.9-99.9-99.9-9.9 99-9.9-99-99.9 -99-99.9-9.9-9.9
5299920180109-99.9-99.9-99.999999-99.9-99.9-99.9-99.9-9.9 99-9.9-99-99.9 -99-99.9-9.9-9.9
5299920180111-99.9-99.9-99.999999-99.9-99.9-99.9-99.9-9.9 99-9.9-99-99.9 -99-99.9-9.9-9.9
5299920180518-99.9-99.9-99.999999-99.9-99.9-99.9-99.9-9.9 99-9.9-99-99.9 -99-99.9-9.9-9.9
5299920180519-99.9-99.9-99.999999-99.9-99.9-99.9-99.9-9.9 99-9.9-99-99.9 -99-99.9-9.9-9.9
5299920180903-99.9-99.9-99.999999-99.9-99.9-99.9-99.9-9.9 99-9.9-99-99.9 -99-99.9-9.9-9.9
5299920180904-99.9-99.9-99.999999-99.9-99.9-99.9-99.9-9.9 99-9.9-99-99.9 -99-99.9-9.9-9.9
5299920180905-99.9-99.9-99.999999-99.9-99.9-99.9-99.9-9.9 99-9.9-99-99.9 -99-99.9-9.9-9.9
5299920180906-99.9-99.9-99.999999-99.9-99.9-99.9-99.9-9.9 99-9.9-99-99.9 -99-99.9-9.9-9.9
5299920181023-99.9-99.9-99.999999-99.9-99.9-99.9-99.9-9.9 99-9.9-99-99.9 -99-99.9-9.9-9.9
5299920181024-99.9-99.9-99.999999-99.9-99.9-99.9-99.9-9.9 99-9.9-99-99.9 -99-99.9-9.9-9.9
5299920181128-99.9-99.9-99.999999-99.9-99.9-99.9-99.9-9.9 99-9.9-99-99.9 -99-99.9-9.9-9.9
5299920181228-99.9-99.9-99.999999-99.9-99.9-99.9-99.9-9.9 99-9.9-99-99.9 -99-99.9-9.9-9.9
5299920190129-99.9-99.9-99.999999-99.9-99.9-99.9-99.9-9.9 99-9.9-99-99.9 -99-99.9-9.9-9.9
5299920190327-99.9-99.9-99.999999-99.9-99.9-99.9-99.9-9.9 99-9.9-99-99.9 -99-99.9-9.9-9.9
5299920190426-99.9-99.9-99.999999-99.9-99.9-99.9-99.9-9.9 99-9.9-99-99.9 -99-99.9-9.9-9.9
5299920190427 20.4 19.9-99.999999-99.9-99.9-99.9-99.9-9.9 9915.3 65 13.4 -99-99.9-9.9-9.9
5299920190428 21.4 20.0-99.999999-99.9-99.9-99.9-99.9-9.9 9915.9 65 13.9 -99-99.9-9.9-9.9
5299920190429 21.5 20.2-99.999999-99.9-99.9-99.9-99.9-9.9 9916.0 65 14.0 -99-99.9-9.9-9.9
5299920190430 21.2 19.4-99.999999-99.9-99.9-99.9-99.9-9.9 9915.0 65 13.0 -99-99.9-9.9-9.9
5299920190501 19.5 17.5-99.999999-99.9-99.9-99.9-99.9-9.9 9913.6 65 11.5 -99-99.9-9.9-9.9
5299920190502 20.0 18.3-99.999999-99.9-99.9-99.9-99.9-9.9 9914.4 65 12.4 -99-99.9-9.9-9.9
5299920190503 22.1 19.6-99.999999-99.9-99.9-99.9-99.9-9.9 9915.8 64 13.8 -99-99.9-9.9-9.9
5299920190504 21.4 20.5-99.999999-99.9-99.9-99.9-99.9-9.9 9917.0 69 15.0 -99-99.9-9.9-9.9
5299920190505 21.4 21.1-99.999999-99.9-99.9-99.9-99.9-9.9 9918.5 74 16.3 -99-99.9-9.9-9.9
5299920190506 21.2 20.0-99.999999-99.9-99.9-99.9-99.9-9.9 9916.8 67 14.7 -99-99.9-9.9-9.9
5299920190507 20.9 19.0-99.999999-99.9-99.9-99.9-99.9-9.9 9914.8 65 12.8 -99-99.9-9.9-9.9
5299920190508 20.1 18.9-99.999999-99.9-99.9-99.9-99.9-9.9 9914.7 65 12.7 -99-99.9-9.9-9.9
5299920190509 20.2 19.3-99.999999-99.9-99.9-99.9-99.9-9.9 9914.8 65 12.8 -99-99.9-9.9-9.9
5299920190510-99.9-99.9-99.999999-99.9-99.9-99.9-99.9-9.9 99-9.9-99-99.9 -99-99.9-9.9-9.9
5299920190515-99.9-99.9-99.999999-99.9-99.9-99.9-99.9-9.9 99-9.9-99-99.9 -99-99.9-9.9-9.9
5299920190521-99.9-99.9-99.999999-99.9-99.9-99.9-99.9-9.9 99-9.9-99-99.9 -99-99.9-9.9-9.9
5299920190522 18.9 16.6-99.999999-99.9-99.9-99.9-99.9-9.9 9912.9 65 10.8 -99-99.9-9.9-9.9
5299920190523 18.1 15.4-99.999999-99.9-99.9-99.9-99.9-9.9 9912.1 65  9.8 -99-99.9-9.9-9.9
5299920190524 18.0 14.8-99.999999-99.9-99.9-99.9-99.9-9.9 9912.5 65 10.2 -99-99.9-9.9-9.9
5299920190525 18.0 16.1-99.999999-99.9-99.9-99.9-99.9-9.9 9912.7 66 10.5 -99-99.9-9.9-9.9
5299920190526 17.5 16.2-99.999999-99.9-99.9-99.9-99.9-9.9 9912.7 66 10.5 -99-99.9-9.9-9.9
5299920190527-99.9-99.9-99.999999-99.9-99.9-99.9-99.9-9.9 99-9.9-99-99.9 -99-99.9-9.9-9.9
5299920190721-99.9-99.9-99.999999-99.9-99.9-99.9-99.9-9.9 99-9.9-99-99.9 -99-99.9-9.9-9.9
5299920190724-99.9-99.9-99.999999-99.9-99.9-99.9-99.9-9.9 99-9.9-99-99.9 -99-99.9-9.9-9.9
5299920190812-99.9-99.9-99.999999-99.9-99.9-99.9-99.9-9.9 99-9.9-99-99.9 -99-99.9-9.9-9.9
5299920190813-99.9-99.9-99.999999-99.9-99.9-99.9-99.9-9.9 99-9.9-99-99.9 -99-99.9-9.9-9.9
5299920190814-99.9-99.9-99.999999-99.9-99.9-99.9-99.9-9.9 99-9.9-99-99.9 -99-99.9-9.9-9.9
5299920190816-99.9-99.9-99.999999-99.9-99.9-99.9-99.9-9.9 99-9.9-99-99.9 -99-99.9-9.9-9.9
5299920190817 17.3 16.1-99.999999-99.9-99.9-99.9-99.9-9.9 9913.4 73 11.3 -99-99.9-9.9-9.9
5299920190818 16.7 14.5-99.999999-99.9-99.9-99.9-99.9-9.9 9910.7 63  8.0 -99-99.9-9.9-9.9
5299920190819 14.9 11.8-99.999999-99.9-99.9-99.9-99.9-9.9 99 8.3 58  4.3 -99-99.9-9.9-9.9
5299920190820 13.7 12.1-99.999999-99.9-99.9-99.9-99.9-9.9 99 8.9 60  5.2 -99-99.9-9.9-9.9
5299920190821 13.7 12.5-99.999999-99.9-99.9-99.9-99.9-9.9 99 9.6 63  6.4 -99-99.9-9.9-9.9
5299920190822 14.3 12.8-99.999999-99.9-99.9-99.9-99.9-9.9 9910.1 66  7.1 -99-99.9-9.9-9.9
5299920190823 14.6 12.4-99.999999-99.9-99.9-99.9-99.9-9.9 99 9.9 64  6.8 -99-99.9-9.9-9.9
5299920190824 14.9 13.5-99.999999-99.9-99.9-99.9-99.9-9.9 9911.3 71  8.7 -99-99.9-9.9-9.9
5299920190825 15.9 14.5-99.999999-99.9-99.9-99.9-99.9-9.9 9912.6 74 10.4 -99-99.9-9.9-9.9
5299920190826 17.3 15.6-99.999999-99.9-99.9-99.9-99.9-9.9 9914.8 81 12.7 -99-99.9-9.9-9.9
5299920190827 19.1 16.6-99.999999-99.9-99.9-99.9-99.9-9.9 9916.9 85 14.8 -99-99.9-9.9-9.9
5299920190828 20.4 18.5-99.999999-99.9-99.9-99.9-99.9-9.9 9918.2 69 15.6 -99-99.9-9.9-9.9
5299920190829 20.9 20.3-99.999999-99.9-99.9-99.9-99.9-9.9 9921.0 88 18.2 -99-99.9-9.9-9.9
5299920190830 20.5 17.4-99.999999-99.9-99.9-99.9-99.9-9.9 9916.7 81 14.7 -99-99.9-9.9-9.9
5299920190831 17.4 14.6-99.999999-99.9-99.9-99.9-99.9-9.9 9912.5 73 10.3 -99-99.9-9.9-9.9
5299920190901 16.7 14.3-99.999999-99.9-99.9-99.9-99.9-9.9 9910.9 61  8.2 -99-99.9-9.9-9.9
5299920190902 15.7 13.3-99.999999-99.9-99.9-99.9-99.9-9.9 99 9.9 61  6.8 -99-99.9-9.9-9.9
5299920190903-99.9-99.9-99.999999-99.9-99.9-99.9-99.9-9.9 99-9.9-99-99.9 -99-99.9-9.9-9.9
5299920190905-99.9-99.9-99.999999-99.9-99.9-99.9-99.9-9.9 99-9.9-99-99.9 -99-99.9-9.9-9.9
5299920191009-99.9-99.9-99.999999-99.9-99.9-99.9-99.9-9.9 99-9.9-99-99.9 -99-99.9-9.9-9.9
5299920191010-99.9-99.9-99.999999-99.9-99.9-99.9-99.9-9.9 99-9.9-99-99.9 -99-99.9-9.9-9.9
5299920191011-99.9-99.9-99.999999-99.9-99.9-99.9-99.9-9.9 99-9.9-99-99.9 -99-99.9-9.9-9.9
5299920191012-99.9-99.9-99.999999-99.9-99.9-99.9-99.9-9.9 99-9.9-99-99.9 -99-99.9-9.9-9.9
5299920191016-99.9-99.9-99.999999-99.9-99.9-99.9-99.9-9.9 99-9.9-99-99.9 -99-99.9-9.9-9.9
5299920200130-99.9-99.9-99.999999-99.9-99.9-99.9-99.9-9.9 99-9.9-99-99.9 -99-99.9-9.9-9.9
5299920200131 25.1 23.5-99.999999-99.9-99.9-99.9-99.9-9.9 9918.4 61 16.2 -99-99.9-9.9-9.9
5299920200201 26.1 24.2-99.999999-99.9-99.9-99.9-99.9-9.9 9921.2 67 18.4 -99-99.9-9.9-9.9
5299920200202 27.6 25.5-99.999999-99.9-99.9-99.9-99.9-9.9 9924.6 70 20.8 -99-99.9-9.9-9.9
5299920200203 29.2 27.3-99.999999-99.9-99.9-99.9-99.9-9.9 9927.7 72 22.8 -99-99.9-9.9-9.9
5299920200204-99.9-99.9-99.999999-99.9-99.9-99.9-99.9-9.9 99-9.9-99-99.9 -99-99.9-9.9-9.9
5299920200205-99.9-99.9-99.999999-99.9-99.9-99.9-99.9-9.9 99-9.9 81-99.9 -99-99.9-9.9-9.9
5299920200206 30.3 29.0-99.999999-99.9-99.9-99.9-99.9-9.9 9936.1 86 27.2 -99-99.9-9.9-9.9
5299920200207 30.3 28.6-99.999999-99.9-99.9-99.9-99.9-9.9 9936.8 90 27.5 -99-99.9-9.9-9.9
5299920200208 28.7 26.8-99.999999-99.9-99.9-99.9-99.9-9.9 9928.7 76 23.3 -99-99.9-9.9-9.9
5299920200209 27.1 25.0-99.999999-99.9-99.9-99.9-99.9-9.9 9920.9 63 18.2 -99-99.9-9.9-9.9
5299920200210 25.5 23.8-99.999999-99.9-99.9-99.9-99.9-9.9 9920.2 65 17.7 -99-99.9-9.9-9.9
5299920200211 25.4 24.1-99.999999-99.9-99.9-99.9-99.9-9.9 9922.4 71 19.3 -99-99.9-9.9-9.9
5299920200212 26.1 24.8-99.999999-99.9-99.9-99.9-99.9-9.9 9924.5 75 20.7 -99-99.9-9.9-9.9
5299920200213 27.1 25.5-99.999999-99.9-99.9-99.9-99.9-9.9 9927.2 79 22.4 -99-99.9-9.9-9.9
5299920200214-99.9-99.9-99.999999-99.9-99.9-99.9-99.9-9.9 99-9.9-99-99.9 -99-99.9-9.9-9.9
5299920200311-99.9-99.9-99.999999-99.9-99.9-99.9-99.9-9.9 99-9.9-99-99.9 -99-99.9-9.9-9.9
5299920200313-99.9-99.9-99.999999-99.9-99.9-99.9-99.9-9.9 99-9.9-99-99.9 -99-99.9-9.9-9.9
5299920200619-99.9-99.9-99.999999-99.9-99.9-99.9-99.9-9.9 99-9.9-99-99.9 -99-99.9-9.9-9.9
5299920200821-99.9-99.9-99.999999-99.9-99.9-99.9-99.9-9.9 99-9.9-99-99.9 -99-99.9-9.9-9.9
5299920210211-99.9-99.9-99.999999-99.9-99.9-99.9-99.9-9.9 99-9.9-99-99.9 -99-99.9-9.9-9.9
5299920210212-99.9-99.9-99.999999-99.9-99.9-99.9-99.9-9.9 99-9.9-99-99.9 -99-99.9-9.9-9.9
5299920210218-99.9-99.9-99.999999-99.9-99.9-99.9-99.9-9.9 99-9.9-99-99.9 -99-99.9-9.9-9.9
5299920210219-99.9-99.9-99.999999-99.9-99.9-99.9-99.9-9.9 99-9.9-99-99.9 -99-99.9-9.9-9.9
5299920210315-99.9-99.9-99.999999-99.9-99.9-99.9-99.9-9.9 99-9.9-99-99.9 -99-99.9-9.9-9.9
5299920210316-99.9-99.9-99.999999-99.9-99.9-99.9-99.9-9.9 99-9.9-99-99.9   0  0.0-9.9-9.9
5299920210317-99.9-99.9-99.999999-99.9-99.9-99.9-99.9-9.9 99-9.9-99-99.9 -99-99.9-9.9-9.9
5299920210507-99.9-99.9-99.999999-99.9-99.9-99.9-99.9-9.9 99-9.9-99-99.9 -99-99.9-9.9-9.9
5299920210511-99.9-99.9-99.999999-99.9-99.9-99.9-99.9-9.9 99-9.9-99-99.9 -99-99.9-9.9-9.9
5299920210512-99.9-99.9-99.999999-99.9-99.9-99.9-99.9-9.9 99-9.9-99-99.9 -99-99.9-9.9-9.9
5299920210517-99.9-99.9-99.999999-99.9-99.9-99.9-99.9-9.9 99-9.9-99-99.9 -99-99.9-9.9-9.9
5299920210604-99.9-99.9-99.999999-99.9-99.9-99.9-99.9-9.9 99-9.9-99-99.9 -99-99.9-9.9-9.9
5299920210607-99.9-99.9-99.999999-99.9-99.9-99.9-99.9-9.9 99-9.9-99-99.9 -99-99.9-9.9-9.9
5299920210610-99.9-99.9-99.999999-99.9-99.9-99.9-99.9-9.9 99-9.9-99-99.9 -99-99.9-9.9-9.9
5299920210611-99.9-99.9-99.999999-99.9-99.9-99.9-99.9-9.9 99-9.9-99-99.9 -99-99.9-9.9-9.9
5299920210612-99.9-99.9-99.999999-99.9-99.9-99.9-99.9-9.9 99-9.9-99-99.9 -99-99.9-9.9-9.9
5299920210624-99.9-99.9-99.999999-99.9-99.9-99.9-99.9-9.9 99-9.9-99-99.9 -99-99.9-9.9-9.9
5299920210625-99.9-99.9-99.999999-99.9-99.9-99.9-99.9-9.9 99-9.9-99-99.9 -99-99.9-9.9-9.9
5299920210707-99.9-99.9-99.999999-99.9-99.9-99.9-99.9-9.9 99-9.9-99-99.9 -99-99.9-9.9-9.9
5299920210716-99.9-99.9-99.999999-99.9-99.9-99.9-99.9-9.9 99-9.9-99-99.9 -99-99.9-9.9-9.9
5299920210717-99.9-99.9-99.999999-99.9-99.9-99.9-99.9-9.9 99-9.9-99-99.9 -99-99.9-9.9-9.9
5299920211011-99.9-99.9-99.999999-99.9-99.9-99.9-99.9-9.9 99-9.9-99-99.9 -99-99.9-9.9-9.9
5299920211013-99.9-99.9-99.999999-99.9-99.9-99.9-99.9-9.9 99-9.9-99-99.9 -99-99.9-9.9-9.9
5299920211015-99.9-99.9-99.999999-99.9-99.9-99.9-99.9-9.9 99-9.9-99-99.9 -99-99.9-9.9-9.9
5299920211018-99.9-99.9-99.999999-99.9-99.9-99.9-99.9-9.9 99-9.9-99-99.9 -99-99.9-9.9-9.9
5299920211110-99.9-99.9-99.999999-99.9-99.9-99.9-99.9-9.9 99-9.9-99-99.9 -99-99.9-9.9-9.9
5299920211111-99.9-99.9-99.999999-99.9-99.9-99.9-99.9-9.9 99-9.9-99-99.9 -99-99.9-9.9-9.9
5299920211112-99.9-99.9-99.999999-99.9-99.9-99.9-99.9-9.9 99-9.9-99-99.9 -99-99.9-9.9-9.9
5299920211207-99.9-99.9-99.999999-99.9-99.9-99.9-99.9-9.9 99-9.9-99-99.9 -99-99.9-9.9-9.9
5299920211208 25.1 24.2  0.009999-99.9-99.9-99.9-99.9-9.9 9919.0 61 16.7 -99-99.9-9.9-9.9
5299920211209 25.2 24.5  0.009999-99.9-99.9-99.9-99.9-9.9 9920.5 65 17.9 -99-99.9-9.9-9.9
5299920211210 25.2 24.5  0.009999-99.9-99.9-99.9-99.9-9.9 9920.5 66 17.9 -99-99.9-9.9-9.9
5299920211211 25.2 24.0  0.009999-99.9-99.9-99.9-99.9-9.9 9921.0 67 18.3 -99-99.9-9.9-9.9
5299920211212 25.7 24.9  0.009999-99.9-99.9-99.9-99.9-9.9 9922.2 68 19.2 -99-99.9-9.9-9.9
5299920211213 25.7 24.6  0.009999-99.9-99.9-99.9-99.9-9.9 9919.1 58 16.7 -99-99.9-9.9-9.9
5299920211214 25.3 24.3  0.009999-99.9-99.9-99.9-99.9-9.9 9916.8 52 14.7 -99-99.9-9.9-9.9
5299920211215 25.2 24.7  0.009999-99.9-99.9-99.9-99.9-9.9 9920.7 65 18.0 -99-99.9-9.9-9.9
5299920211216 24.9 23.8  0.009999-99.9-99.9-99.9-99.9-9.9 9919.6 65 17.1 -99-99.9-9.9-9.9
5299920211217 25.1 24.1  1.819999-99.9-99.9-99.9-99.9-9.9 9920.1 64 17.6 -99-99.9-9.9-9.9
5299920211218 25.7 24.8  0.009999-99.9-99.9-99.9-99.9-9.9 9921.2 66 18.4 -99-99.9-9.9-9.9
5299920211219 26.4 25.4  0.009999-99.9-99.9-99.9-99.9-9.9 9921.8 65 18.9 -99-99.9-9.9-9.9
5299920211220 27.2 25.9  0.819999-99.9-99.9-99.9-99.9-9.9 9922.8 66 19.6 -99-99.9-9.9-9.9
5299920211221 41.6 26.6-99.999999-99.9-99.9-99.9-99.9-9.9 9913.3 23-99.9 -99-99.9-9.9-9.9
5299920211222-99.9-99.9-99.999999-99.9-99.9-99.9-99.9-9.9 99-9.9-99-99.9 -99-99.9-9.9-9.9
5299920220108-99.9-99.9-99.999999-99.9-99.9-99.9-99.9-9.9 99-9.9-99-99.9 -99-99.9-9.9-9.9
5299920220109-99.9-99.9-99.999999-99.9-99.9-99.9-99.9-9.9 99-9.9-99-99.9 -99-99.9-9.9-9.9
5299920220128-99.9-99.9-99.999999-99.9-99.9-99.9-99.9-9.9 99-9.9-99-99.9 -99-99.9-9.9-9.9
5299920220129-99.9-99.9-99.999999-99.9-99.9-99.9-99.9-9.9 99-9.9-99-99.9 -99-99.9-9.9-9.9
5299920220308-99.9-99.9-99.999999-99.9-99.9-99.9-99.9-9.9 99-9.9-99-99.9 -99-99.9-9.9-9.9
5299920220315-99.9-99.9-99.999999-99.9-99.9-99.9-99.9-9.9 99-9.9-99-99.9 -99-99.9-9.9-9.9
5299920220316 26.8-22.4-99.999999-99.9-99.9-99.9-99.9-9.9 99-9.9 58-99.9 -99-99.9-9.9-9.9
5299920220317 25.9 24.7-99.999999-99.9-99.9-99.9-99.9-9.9 9920.4 64 17.8 -99-99.9-9.9-9.9
5299920220318 25.8 22.4-99.999999-99.9-99.9-99.9-99.9-9.9 99-9.9 36-99.9 -99-99.9-9.9-9.9
5299920220319-99.9-99.9-99.999999-99.9-99.9-99.9-99.9-9.9 99-9.9-99-99.9 -99-99.9-9.9-9.9
5299920220320-99.9-99.9-99.999999-99.9-99.9-99.9-99.9-9.9 99-9.9-99-99.9 -99-99.9-9.9-9.9
5299920220321-99.9-99.9-99.999999-99.9-99.9-99.9-99.9-9.9 99-9.9-99-99.9 -99-99.9-9.9-9.9
5299920220322-99.9-99.9-99.999999-99.9-99.9-99.9-99.9-9.9 99-9.9-99-99.9 -99-99.9-9.9-9.9
5299920220323-99.9-99.9-99.999999-99.9-99.9-99.9-99.9-9.9 99-9.9-99-99.9   0  0.0-9.9-9.9
5299920220324-99.9-99.9-99.999999-99.9-99.9-99.9-99.9-9.9 99-9.9-99-99.9   0  0.0-9.9-9.9
5299920220325-99.9-99.9-99.999999-99.9-99.9-99.9-99.9-9.9 99-9.9-99-99.9   0  0.0-9.9-9.9
5299920220326-99.9-99.9-99.999999-99.9-99.9-99.9-99.9-9.9 99-9.9-99-99.9   0  0.0-9.9-9.9
5299920220327-99.9-99.9-99.999999-99.9-99.9-99.9-99.9-9.9 99-9.9-99-99.9   0  0.0-9.9-9.9
5299920220328-99.9-99.9-99.999999-99.9-99.9-99.9-99.9-9.9 99-9.9-99-99.9   0  0.0-9.9-9.9
5299920220329-99.9-99.9-99.999999-99.9-99.9-99.9-99.9-9.9 99-9.9-99-99.9   0  0.0-9.9-9.9
5299920220330-99.9-99.9-99.999999-99.9-99.9-99.9-99.9-9.9 99-9.9-99-99.9   0  0.0-9.9-9.9
5299920220331-99.9-99.9-99.999999-99.9-99.9-99.9-99.9-9.9 99-9.9-99-99.9   0  0.0-9.9-9.9
5299920220401-99.9-99.9-99.999999-99.9-99.9-99.9-99.9-9.9 99-9.9-99-99.9   0  0.0-9.9-9.9
5299920220402-99.9-99.9-99.999999-99.9-99.9-99.9-99.9-9.9 99-9.9-99-99.9   0  0.0-9.9-9.9
5299920220403-99.9-99.9-99.999999-99.9-99.9-99.9-99.9-9.9 99-9.9-99-99.9   0  0.0-9.9-9.9
5299920220404-99.9-99.9-99.999999-99.9-99.9-99.9-99.9-9.9 99-9.9-99-99.9 -99-99.9-9.9-9.9
5299920220411-99.9-99.9-99.999999-99.9-99.9-99.9-99.9-9.9 99-9.9-99-99.9 -99-99.9-9.9-9.9
5299920220412-99.9-99.9-99.999999-99.9-99.9-99.9-99.9-9.9 99-9.9-99-99.9   0  0.0-9.9-9.9
5299920220413-99.9-99.9-99.999999-99.9-99.9-99.9-99.9-9.9 99-9.9-99-99.9   0  0.0-9.9-9.9
5299920220414-99.9-99.9-99.999999-99.9-99.9-99.9-99.9-9.9 99-9.9-99-99.9   0  0.0-9.9-9.9
5299920220415-99.9-99.9-99.999999-99.9-99.9-99.9-99.9-9.9 99-9.9-99-99.9   0  0.0-9.9-9.9
5299920220416-99.9-99.9-99.999999-99.9-99.9-99.9-99.9-9.9 99-9.9-99-99.9   0  0.0-9.9-9.9
5299920220417-99.9-99.9-99.999999-99.9-99.9-99.9-99.9-9.9 99-9.9-99-99.9   0  0.0-9.9-9.9
5299920220418-99.9-99.9-99.999999-99.9-99.9-99.9-99.9-9.9 99-9.9-99-99.9 -99-99.9-9.9-9.9
5299920230124-99.9-99.9  0.009999-99.9-99.9-99.9-99.9-9.9 99-9.9-99-99.9 -99-99.9-9.9-9.9
5299920230125-99.9-99.9  0.009999-99.9-99.9-99.9-99.9-9.9 99-9.9-99-99.9 -99-99.9-9.9-9.9
5299920230126-99.9-99.9  0.009999-99.9-99.9-99.9-99.9-9.9 99-9.9-99-99.9 -99-99.9-9.9-9.9
5299920230127-99.9-99.9  0.009999-99.9-99.9-99.9-99.9-9.9 99-9.9-99-99.9 -99-99.9-9.9-9.9
5299920230128-99.9-99.9  0.009999-99.9-99.9-99.9-99.9-9.9 99-9.9-99-99.9 -99-99.9-9.9-9.9
5299920230129-99.9-99.9  0.009999-99.9-99.9-99.9-99.9-9.9 99-9.9-99-99.9 -99-99.9-9.9-9.9
5299920230130-99.9-99.9  0.009999-99.9-99.9-99.9-99.9-9.9 99-9.9-99-99.9 -99-99.9-9.9-9.9
5299920230131-99.9-99.9  0.009999-99.9-99.9-99.9-99.9-9.9 99-9.9-99-99.9 -99-99.9-9.9-9.9
5299920230201-99.9-99.9  0.009999-99.9-99.9-99.9-99.9-9.9 99-9.9-99-99.9 -99-99.9-9.9-9.9
5299920230202-99.9-99.9-99.999999-99.9-99.9-99.9-99.9-9.9 99-9.9-99-99.9 -99-99.9-9.9-9.9
5299920230203-99.9-99.9-99.999999-99.9-99.9-99.9-99.9-9.9 99-9.9-99-99.9 -99-99.9-9.9-9.9
5299920230213-99.9-99.9-99.999999-99.9-99.9-99.9-99.9-9.9 99-9.9-99-99.9 -99-99.9-9.9-9.9
5299920230214-99.9-99.9-99.999999-99.9-99.9-99.9-99.9-9.9 99-9.9  0-99.9 -99-99.9-9.9-9.9
5299920230215-99.9-99.9-99.999999-99.9-99.9-99.9-99.9-9.9 99-9.9  0-99.9 -99-99.9-9.9-9.9
5299920230216-99.9-99.9-99.999999-99.9-99.9-99.9-99.9-9.9 99-9.9  0-99.9 -99-99.9-9.9-9.9
5299920230217-99.9-99.9-99.999999-99.9-99.9-99.9-99.9-9.9 99-9.9  0-99.9 -99-99.9-9.9-9.9
5299920230218-99.9-99.9-99.999999-99.9-99.9-99.9-99.9-9.9 99-9.9  0-99.9 -99-99.9-9.9-9.9
5299920230219-99.9-99.9-99.999999-99.9-99.9-99.9-99.9-9.9 99-9.9  0-99.9 -99-99.9-9.9-9.9
5299920230220-99.9-99.9-99.999999-99.9-99.9-99.9-99.9-9.9 99-9.9  0-99.9 -99-99.9-9.9-9.9
5299920230221-99.9-99.9-99.999999-99.9-99.9-99.9-99.9-9.9 99-9.9  0-99.9 -99-99.9-9.9-9.9
5299920230222-99.9-99.9-99.999999-99.9-99.9-99.9-99.9-9.9 99-9.9  0-99.9 -99-99.9-9.9-9.9
5299920230223-99.9-99.9-99.999999-99.9-99.9-99.9-99.9-9.9 99-9.9-99-99.9 -99-99.9-9.9-9.9
5299920230224-99.9-99.9-99.999999-99.9-99.9-99.9-99.9-9.9 99-9.9-99-99.9 -99-99.9-9.9-9.9
5299920230225-99.9-99.9-99.999999-99.9-99.9-99.9-99.9-9.9 99-9.9  0-99.9 -99-99.9-9.9-9.9
5299920230226-99.9-99.9-99.999999-99.9-99.9-99.9-99.9-9.9 99-9.9  0-99.9 -99-99.9-9.9-9.9
5299920230227-99.9-99.9-99.999999-99.9-99.9-99.9-99.9-9.9 99-9.9  0-99.9 -99-99.9-9.9-9.9
5299920230228-99.9-99.9-99.999999-99.9-99.9-99.9-99.9-9.9 99-9.9  0-99.9 -99-99.9-9.9-9.9
5299920230301 41.6 32.0-99.999999-99.9-99.9-99.9-99.9-9.9 99 9.5 24-99.9 -99-99.9-9.9-9.9
5299920230302 41.6 30.0-99.999999-99.9-99.9-99.9-99.9-9.9 9911.3 26-99.9 -99-99.9-9.9-9.9
5299920230303-99.9-99.9-99.999999-99.9-99.9-99.9-99.9-9.9 99-9.9  0-99.9 -99-99.9-9.9-9.9
5299920230304-99.9-99.9-99.999999-99.9-99.9-99.9-99.9-9.9 99-9.9  0-99.9 -99-99.9-9.9-9.9
5299920230305-99.9-99.9-99.999999-99.9-99.9-99.9-99.9-9.9 99-9.9  0-99.9 -99-99.9-9.9-9.9
5299920230306-99.9-99.9-99.999999-99.9-99.9-99.9-99.9-9.9 99-9.9  0-99.9 -99-99.9-9.9-9.9
5299920230307-99.9-99.9-99.999999-99.9-99.9-99.9-99.9-9.9 99-9.9  0-99.9 -99-99.9-9.9-9.9
5299920230308-99.9-99.9-99.999999-99.9-99.9-99.9-99.9-9.9 99-9.9  0-99.9 -99-99.9-9.9-9.9
5299920230309-99.9-99.9-99.999999-99.9-99.9-99.9-99.9-9.9 99-9.9  0-99.9 -99-99.9-9.9-9.9
5299920230310-99.9-99.9-99.999999-99.9-99.9-99.9-99.9-9.9 99-9.9  0-99.9 -99-99.9-9.9-9.9
5299920230311-99.9-99.9-99.999999-99.9-99.9-99.9-99.9-9.9 99-9.9-99-99.9 -99-99.9-9.9-9.9
5299920230313-99.9-99.9-99.999999-99.9-99.9-99.9-99.9-9.9 99-9.9-99-99.9 -99-99.9-9.9-9.9
5299920230331-99.9-99.9-99.999999-99.9-99.9-99.9-99.9-9.9 99-9.9-99-99.9 -99-99.9-9.9-9.9
5299920230401-99.9-99.9-99.999999-99.9-99.9-99.9-99.9-9.9 9911.8 45  9.3 -99-99.9-9.9-9.9
5299920230402-99.9-99.9-99.999999-99.9-99.9-99.9-99.9-9.9 99-9.9-99-99.9 -99-99.9-9.9-9.9
5299920230403-99.9-99.9  0.009999-99.9-99.9-99.9-99.9-9.9 99-9.9 71-99.9 -99-99.9-9.9-9.9
5299920230404 23.1 20.7  0.009999-99.9-99.9-99.9-99.9-9.9 9918.3 71 16.1   0  0.1-9.9-9.9
5299920230405 23.9 21.5  0.009999-99.9-99.9-99.9-99.9-9.9 9918.4 67 16.2   0  0.1-9.9-9.9
5299920230406 23.4 22.3  0.009999-99.9-99.9-99.9-99.9-9.9 9917.5 61 15.4   0  0.1-9.9-9.9
5299920230407 23.5 22.3  0.009999-99.9-99.9-99.9-99.9-9.9 9917.4 61 15.3   0  0.1-9.9-9.9
5299920230408 23.7 22.3  0.009999-99.9-99.9-99.9-99.9-9.9 9916.8 59 14.8   0  0.1-9.9-9.9
5299920230409 23.9 22.2  0.009999-99.9-99.9-99.9-99.9-9.9 9917.0 59 15.0   0  0.1-9.9-9.9
5299920230410 25.4 22.3  0.009999-99.9-99.9-99.9-99.9-9.9 9918.2 63 16.0   0  0.1-9.9-9.9
5299920230411-99.9-99.9-99.999999-99.9-99.9-99.9-99.9-9.9 99-9.9-99-99.9 -99-99.9-9.9-9.9
5299920230413-99.9-99.9-99.999999-99.9-99.9-99.9-99.9-9.9 99-9.9-99-99.9 -99-99.9-9.9-9.9
5299920230414-99.9-99.9-99.999999-99.9-99.9-99.9-99.9-9.9 99-9.9-99-99.9 -99-99.9-9.9-9.9
5299920230417-99.9-99.9-99.999999-99.9-99.9-99.9-99.9-9.9 99-9.9-99-99.9 -99-99.9-9.9-9.9
5299920230418-99.9-99.9-99.999999-99.9-99.9-99.9-99.9-9.9 99-9.9-99-99.9 -99-99.9-9.9-9.9
5299920230420-99.9-99.9-99.999999-99.9-99.9-99.9-99.9-9.9 99-9.9-99-99.9 -99-99.9-9.9-9.9
5299920230421-99.9-99.9-99.999999-99.9-99.9-99.9-99.9-9.9 99-9.9-99-99.9 -99-99.9-9.9-9.9
5299920230424-99.9-99.9-99.999999-99.9-99.9-99.9-99.9-9.9 99-9.9-99-99.9 -99-99.9-9.9-9.9
5299920230425-99.9-99.9-99.999999-99.9-99.9-99.9-99.9-9.9 99-9.9-99-99.9 -99-99.9-9.9-9.9
5299920230426-99.9-99.9  1.219999-99.9-99.9-99.9-99.9-9.9 99-9.9-99-99.9 -99-99.9-9.9-9.9
5299920230427-99.9-99.9  0.009999-99.9-99.9-99.9-99.9-9.9 99-9.9-99-99.9 -99-99.9-9.9-9.9
5299920230428-99.9-99.9-99.999999-99.9-99.9-99.9-99.9-9.9 99-9.9-99-99.9 -99-99.9-9.9-9.9
5299920230718-99.9-99.9-99.999999-99.9-99.9-99.9-99.9-9.9 99-9.9-99-99.9 -99-99.9-9.9-9.9
5299920230725-99.9-99.9-99.999999-99.9-99.9-99.9-99.9-9.9 99-9.9-99-99.9 -99-99.9-9.9-9.9
5299920230726-99.9-99.9-99.999999-99.9-99.9-99.9-99.9-9.9 99-9.9-99-99.9 -99-99.9-9.9-9.9
5299920230727-99.9-99.9-99.999999-99.9-99.9-99.9-99.9-9.9 99-9.9-99-99.9 -99-99.9-9.9-9.9
5299920230728-99.9-99.9-99.999999-99.9-99.9-99.9-99.9-9.9 99-9.9-99-99.9 -99-99.9-9.9-9.9
5299920230731-99.9-99.9-99.999999-99.9-99.9-99.9-99.9-9.9 99-9.9-99-99.9 -99-99.9-9.9-9.9
5299920230801-99.9-99.9-99.999999-99.9-99.9-99.9-99.9-9.9 99-9.9-99-99.9 -99-99.9-9.9-9.9
5299920231218-99.9-99.9-99.999999-99.9-99.9-99.9-99.9-9.9 99-9.9-99-99.9 -99-99.9-9.9-9.9
5299920231219 21.8 20.7-99.999999-99.9-99.9-99.9-99.9-9.9 99-9.9 40-99.9 -99-99.9-9.9-9.9
5299920231220 23.3 20.9-99.999999-99.9-99.9-99.9-99.9-9.9 9917.2 65 15.0 -99-99.9-9.9-9.9
5299920231221 25.1 22.9-99.999999-99.9-99.9-99.9-99.9-9.9 9920.0 67 17.5 -99-99.9-9.9-9.9
5299920231222 25.8 23.8-99.999999-99.9-99.9-99.9-99.9-9.9 9919.9 63 17.4 -99-99.9-9.9-9.9
5299920231223 27.4 25.0-99.999999-99.9-99.9-99.9-99.9-9.9 9922.2 67 19.1 -99-99.9-9.9-9.9
5299920231224 27.5 25.9-99.999999-99.9-99.9-99.9-99.9-9.9 9920.9 63 18.2 -99-99.9-9.9-9.9
5299920231225 26.0 24.6-99.999999-99.9-99.9-99.9-99.9-9.9 9918.9 59 16.5 -99-99.9-9.9-9.9
5299920231226 25.4 22.5-99.999999-99.9-99.9-99.9-99.9-9.9 9914.4 46 12.3 -99-99.9-9.9-9.9
5299920231227 27.3 23.7-99.999999-99.9-99.9-99.9-99.9-9.9 9916.9 51 14.9 -99-99.9-9.9-9.9
5299920231228 27.0 25.6-99.999999-99.9-99.9-99.9-99.9-9.9 9921.2 63 18.4 -99-99.9-9.9-9.9
5299920231229 27.4 26.1-99.999999-99.9-99.9-99.9-99.9-9.9 9918.5 52 16.1 -99-99.9-9.9-9.9
5299920231230 26.6 23.9-99.999999-99.9-99.9-99.9-99.9-9.9 9914.6 47 12.6 -99-99.9-9.9-9.9
5299920231231 25.7 24.1-99.999999-99.9-99.9-99.9-99.9-9.9 9915.2 47 13.2 -99-99.9-9.9-9.9
5299920240101 27.0 25.2-99.999999-99.9-99.9-99.9-99.9-9.9 9918.0 54 15.8 -99-99.9-9.9-9.9
5299920240102 27.4 25.7-99.999999-99.9-99.9-99.9-99.9-9.9 99-9.9 22-99.9 -99-99.9-9.9-9.9
5299920240103-99.9-99.9-99.999999-99.9-99.9-99.9-99.9-9.9 99-9.9-99-99.9 -99-99.9-9.9-9.9
5299920240105-99.9-99.9-99.999999-99.9-99.9-99.9-99.9-9.9 99-9.9-99-99.9 -99-99.9-9.9-9.9
5299920240106-99.9-99.9-99.999999-99.9-99.9-99.9-99.9-9.9 99-9.9-99-99.9 -99-99.9-9.9-9.9
5299920240107-99.9-99.9-99.999999-99.9-99.9-99.9-99.9-9.9 99-9.9-99-99.9 -99-99.9-9.9-9.9
5299920240108-99.9-99.9-99.999999-99.9-99.9-99.9-99.9-9.9 99-9.9-99-99.9 -99-99.9-9.9-9.9
5299920240109-99.9-99.9-99.999999-99.9-99.9-99.9-99.9-9.9 99-9.9-99-99.9 -99-99.9-9.9-9.9
5299920240110-99.9-99.9-99.999999-99.9-99.9-99.9-99.9-9.9 99-9.9-99-99.9 -99-99.9-9.9-9.9
5299920240111 28.1 22.2-99.999999-99.9-99.9-99.9-99.9-9.9 9920.6 61 17.9 -99-99.9-9.9-9.9
5299920240112 26.5 22.6-99.999999-99.9-99.9-99.9-99.9-9.9 9917.8 57 15.7 -99-99.9-9.9-9.9
5299920240113 27.1 25.0-99.999999-99.9-99.9-99.9-99.9-9.9 9919.8 60 17.3 -99-99.9-9.9-9.9
5299920240114 27.6 26.3-99.999999-99.9-99.9-99.9-99.9-9.9 9922.2 63 19.2 -99-99.9-9.9-9.9
5299920240115 28.3 25.5-99.999999-99.9-99.9-99.9-99.9-9.9 9920.1 54 17.5 -99-99.9-9.9-9.9
5299920240116 28.2 22.3-99.999999-99.9-99.9-99.9-99.9-9.9 9922.1 68 19.1 -99-99.9-9.9-9.9
5299920240117 26.8 24.2-99.999999-99.9-99.9-99.9-99.9-9.9 9921.4 67 18.6 -99-99.9-9.9-9.9
5299920240118 28.3 26.1-99.999999-99.9-99.9-99.9-99.9-9.9 9924.4 68 20.7 -99-99.9-9.9-9.9
5299920240119 28.5 25.4-99.999999-99.9-99.9-99.9-99.9-9.9 9920.7 55 17.9 -99-99.9-9.9-9.9
5299920240120 27.8 26.0-99.999999-99.9-99.9-99.9-99.9-9.9 9918.1 52 16.0 -99-99.9-9.9-9.9
5299920240121 27.0 25.5-99.999999-99.9-99.9-99.9-99.9-9.9 9917.9 52 15.7 -99-99.9-9.9-9.9
5299920240122-99.9-99.9-99.999999-99.9-99.9-99.9-99.9-9.9 99-9.9-99-99.9 -99-99.9-9.9-9.9
5299920240125-99.9-99.9-99.999999-99.9-99.9-99.9-99.9-9.9 99-9.9-99-99.9 -99-99.9-9.9-9.9
5299920240126-99.9-99.9-99.999999-99.9-99.9-99.9-99.9-9.9 99-9.9-99-99.9 -99-99.9-9.9-9.9
5299920240321-99.9-99.9-99.999999-99.9-99.9-99.9-99.9-9.9 99-9.9-99-99.9 -99-99.9-9.9-9.9
5299920240322-99.9-99.9-99.999999-99.9-99.9-99.9-99.9-9.9 99-9.9-99-99.9 -99-99.9-9.9-9.9
5299920240326-99.9-99.9-99.999999-99.9-99.9-99.9-99.9-9.9 99-9.9-99-99.9 -99-99.9-9.9-9.9
5299920240327-99.9-99.9-99.999999-99.9-99.9-99.9-99.9-9.9 99-9.9-99-99.9 -99-99.9-9.9-9.9
5299920240422-99.9-99.9-99.999999-99.9-99.9-99.9-99.9-9.9 99-9.9-99-99.9 -99-99.9-9.9-9.9
5299920240426-99.9-99.9-99.999999-99.9-99.9-99.9-99.9-9.9 99-9.9-99-99.9 -99-99.9-9.9-9.9
5299920240507-99.9-99.9-99.999999-99.9-99.9-99.9-99.9-9.9 99-9.9-99-99.9 -99-99.9-9.9-9.9
5299920240519-99.9-99.9-99.999999-99.9-99.9-99.9-99.9-9.9 99-9.9-99-99.9 -99-99.9-9.9-9.9
5299920240520-99.9-99.9-99.999999-99.9-99.9-99.9-99.9-9.9 99-9.9-99-99.9 -99-99.9-9.9-9.9
5299920240522-99.9-99.9-99.999999-99.9-99.9-99.9-99.9-9.9 99-9.9-99-99.9 -99-99.9-9.9-9.9
5299920240523-99.9-99.9-99.999999-99.9-99.9-99.9-99.9-9.9 99-9.9-99-99.9 -99-99.9-9.9-9.9
5299920240919-99.9-99.9-99.999999-99.9-99.9-99.9-99.9-9.9 99-9.9-99-99.9 -99-99.9-9.9-9.9
5299920240920-99.9-99.9-99.999999-99.9-99.9-99.9-99.9-9.9 99-9.9-99-99.9 -99-99.9-9.9-9.9
5299920240923-99.9-99.9-99.999999-99.9-99.9-99.9-99.9-9.9 99-9.9-99-99.9 -99-99.9-9.9-9.9
5299920240924-99.9-99.9-99.999999-99.9-99.9-99.9-99.9-9.9 99-9.9-99-99.9 -99-99.9-9.9-9.9
5299920240925-99.9-99.9-99.999999-99.9-99.9-99.9-99.9-9.9 99-9.9-99-99.9 -99-99.9-9.9-9.9
5299920240926-99.9-99.9-99.999999-99.9-99.9-99.9-99.9-9.9 99-9.9-99-99.9 -99-99.9-9.9-9.9
5299920240927-99.9-99.9-99.999999-99.9-99.9-99.9-99.9-9.9 99-9.9-99-99.9 -99-99.9-9.9-9.9
5299920241003-99.9-99.9-99.999999-99.9-99.9-99.9-99.9-9.9 99-9.9-99-99.9 -99-99.9-9.9-9.9
5299920241008-99.9-99.9-99.999999-99.9-99.9-99.9-99.9-9.9 99-9.9-99-99.9 -99-99.9-9.9-9.9
5299920241009-99.9-99.9-99.999999-99.9-99.9-99.9-99.9-9.9 99-9.9-99-99.9 -99-99.9-9.9-9.9
5299920250128-99.9-99.9-99.999999-99.9-99.9-99.9-99.9-9.9 99-9.9-99-99.9 -99-99.9-9.9-9.9
5299920250129-99.9-99.9-99.999999-99.9-99.9-99.9-99.9-9.9 99-9.9-99-99.9 -99-99.9-9.9-9.9
5299920250130-99.9-99.9-99.999999-99.9-99.9-99.9-99.9-9.9 99-9.9-99-99.9 -99-99.9-9.9-9.9
5299920250131-99.9-99.9-99.999999-99.9-99.9-99.9-99.9-9.9 99-9.9-99-99.9 -99-99.9-9.9-9.9
5299920250404-99.9-99.9-99.999999-99.9-99.9-99.9-99.9-9.9 99-9.9-99-99.9 -99-99.9-9.9-9.9
5299920250405 20.7 18.1  0.009999-99.9-99.9-99.9-99.9-9.9 99-9.9  0-99.9 -99-99.9-9.9-9.9
5299920250406 21.8 20.1  0.009999-99.9-99.9-99.9-99.9-9.9 99-9.9  0-99.9 -99-99.9-9.9-9.9
5299920250407 21.7 19.3  0.009999-99.9-99.9-99.9-99.9-9.9 99-9.9  0-99.9 -99-99.9-9.9-9.9
5299920250408 22.3 20.6  0.009999-99.9-99.9-99.9-99.9-9.9 99-9.9  0-99.9 -99-99.9-9.9-9.9
5299920250409 21.8 20.3  0.009999-99.9-99.9-99.9-99.9-9.9 99-9.9  0-99.9 -99-99.9-9.9-9.9
5299920250410 22.8 21.7  0.009999-99.9-99.9-99.9-99.9-9.9 99-9.9  0-99.9 -99-99.9-9.9-9.9
5299920250411 22.9 22.0  0.009999-99.9-99.9-99.9-99.9-9.9 99-9.9  0-99.9 -99-99.9-9.9-9.9
5299920250412 23.6 22.6  0.009999-99.9-99.9-99.9-99.9-9.9 99-9.9  0-99.9 -99-99.9-9.9-9.9
5299920250413-99.9-99.9-99.999999-99.9-99.9-99.9-99.9-9.9 99-9.9-99-99.9 -99-99.9-9.9-9.9
5299920250421-99.9-99.9-99.999999-99.9-99.9-99.9-99.9-9.9 99-9.9-99-99.9 -99-99.9-9.9-9.9
5299920250422-99.9-99.9-99.999999-99.9-99.9-99.9-99.9-9.9 99-9.9-99-99.9 -99-99.9-9.9-9.9
5299920250423-99.9-99.9-99.999999-99.9-99.9-99.9-99.9-9.9 99-9.9-99-99.9 -99-99.9-9.9-9.9
5299920250424-99.9-99.9-99.999999-99.9-99.9-99.9-99.9-9.9 99-9.9-99-99.9 -99-99.9-9.9-9.9
5299920250514-99.9-99.9-99.999999-99.9-99.9-99.9-99.9-9.9 99-9.9-99-99.9 -99-99.9-9.9-9.9
5299920250516-99.9-99.9-99.999999-99.9-99.9-99.9-99.9-9.9 99-9.9-99-99.9 -99-99.9-9.9-9.9
5299920250527-99.9-99.9-99.999999-99.9-99.9-99.9-99.9-9.9 99-9.9-99-99.9 -99-99.9-9.9-9.9
5299920250528 19.5 15.7  2.219999-99.9 15.5-99.9-99.9-9.9 9914.5 76 12.5 -99-99.9-9.9-9.9
5299920250529 17.5 14.0  0.009999-99.9 13.9-99.9-99.9-9.9 9912.9 73 10.7 -99-99.9-9.9-9.9
5299920250530-99.9-99.9-99.999999-99.9-99.9-99.9-99.9-9.9 9912.7 73 10.4 -99-99.9-9.9-9.9
5299920250531 15.6 13.9  0.009999-99.9 13.8-99.9-99.9-9.9 9911.5 70  9.0 -99-99.9-9.9-9.9
5299920250601 14.7 12.1  0.009999-99.9 12.0-99.9-99.9-9.9 9910.0 67  6.9 -99-99.9-9.9-9.9
5299920250602-99.9-99.9-99.999999-99.9-99.9-99.9-99.9-9.9 99-9.9-99-99.9 -99-99.9-9.9-9.9
5299920251113-99.9-99.9-99.999999-99.9-99.9-99.9-99.9-9.9 99-9.9-99-99.9 -99-99.9-9.9-9.9
5299920251114 25.0 21.4  0.009999-99.9-99.9-99.9-99.9-9.9 9916.6 57 14.6   0  0.0 0.0-9.9
5299920251115 25.4 23.0  0.009999-99.9-99.9-99.9-99.9-9.9 9918.2 61 16.0   0  0.0 0.0-9.9
5299920251116 25.7 23.5  0.009999-99.9-99.9-99.9-99.9-9.9 9918.0 59 15.7   0  0.0 0.0-9.9
5299920251117 23.5 20.3  0.009999-99.9-99.9-99.9-99.9-9.9 9913.3 52 11.1   0  0.0 0.0-9.9
5299920251118-99.9-99.9-99.999999-99.9-99.9-99.9-99.9-9.9 99-9.9-99-99.9 -99-99.9-9.9-9.9
5299920251209-99.9-99.9-99.999999-99.9-99.9-99.9-99.9-9.9 99-9.9-99-99.9 -99-99.9-9.9-9.9
5299920251210 26.5 24.2  0.009999-99.9-99.9-99.9-99.9-9.9 9922.4 69 19.3   0  0.0 0.0-9.9
5299920251211-99.9-99.9-99.999999-99.9-99.9-99.9-99.9-9.9 99-9.9 66-99.9 -99-99.9-9.9-9.9
5299920251212 27.2 23.9  0.009999-99.9-99.9-99.9-99.9-9.9 9921.5 63 18.6   0  0.0 0.0-9.9
5299920251213 27.5 25.9  0.009999-99.9-99.9-99.9-99.9-9.9 9921.7 62 18.8   0  0.0 0.0-9.9
5299920251214 27.2 25.3  0.009999-99.9-99.9-99.9-99.9-9.9 9920.3 61 17.7   0  0.0 0.0-9.9
5299920251215 25.8 23.5  0.009999-99.9-99.9-99.9-99.9-9.9 9918.2 59 16.0   0  0.0 0.0-9.9
5299920251216 24.7 21.9  0.009999-99.9-99.9-99.9-99.9-9.9 9914.7 47 12.6   0  0.0 0.0-9.9
5299920251217 25.5 22.3  0.009999-99.9-99.9-99.9-99.9-9.9 9915.8 53 13.8   0  0.0 0.0-9.9
5299920251218 27.8 24.9  0.009999-99.9-99.9-99.9-99.9-9.9 9919.3 57 16.9   0  0.0 0.0-9.9
5299920251219 28.0 24.3  0.009999-99.9-99.9-99.9-99.9-9.9 9919.6 56 17.1   0  0.0 0.0-9.9
5299920251220 28.1 26.6  0.009999-99.9-99.9-99.9-99.9-9.9 9922.6 64 19.4   0  0.0 0.0-9.9
5299920251221 27.3 25.1  0.009999-99.9-99.9-99.9-99.9-9.9 9923.1 69 19.8   0  0.0 0.0-9.9
5299920251222-99.9-99.9-99.999999-99.9-99.9-99.9-99.9-9.9 99-9.9-99-99.9 -99-99.9-9.9-9.9
5299920251223-99.9-99.9-99.999999-99.9-99.9-99.9-99.9-9.9 99-9.9-99-99.9 -99-99.9-9.9-9.9
5299920251226-99.9-99.9-99.999999-99.9-99.9-99.9-99.9-9.9 99-9.9-99-99.9 -99-99.9-9.9-9.9
5299920251227-99.9-99.9-99.999999-99.9-99.9-99.9-99.9-9.9 99-9.9-99-99.9 -99-99.9-9.9-9.9
5299920251228-99.9-99.9-99.999999-99.9-99.9-99.9-99.9-9.9 99-9.9-99-99.9 -99-99.9-9.9-9.9
5299920251229-99.9-99.9-99.999999-99.9-99.9-99.9-99.9-9.9 99-9.9-99-99.9 -99-99.9-9.9-9.9
5299920251230-99.9-99.9-99.999999-99.9-99.9-99.9-99.9-9.9 99-9.9-99-99.9 -99-99.9-9.9-9.9
5299920251231-99.9-99.9-99.999999-99.9-99.9-99.9-99.9-9.9 99-9.9-99-99.9 -99-99.9-9.9-9.9
5299920260101-99.9-99.9-99.999999-99.9-99.9-99.9-99.9-9.9 99-9.9-99-99.9 -99-99.9-9.9-9.9
5299920260105-99.9-99.9-99.999999-99.9-99.9-99.9-99.9-9.9 99-9.9-99-99.9 -99-99.9-9.9-9.9
5299920260106-99.9-99.9-99.999999-99.9-99.9-99.9-99.9-9.9 99-9.9-99-99.9 -99-99.9-9.9-9.9
5299920260107-99.9-99.9  0.009999-99.9-99.9-99.9-99.9-9.9 99-9.9-99-99.9 -99-99.9-9.9-9.9
5299920260108 26.0 21.1  0.009999-99.9-99.9-99.9-99.9-9.9 9914.1 50 12.1   0  0.0 0.0-9.9
5299920260109 25.1 22.7  0.009999-99.9-99.9-99.9-99.9-9.9 9917.9 58 15.7   0  0.0 0.0-9.9
5299920260110 25.2 23.7  0.009999-99.9-99.9-99.9-99.9-9.9 9918.5 61 16.2   0  0.0 0.0-9.9
5299920260111 25.8 22.6  0.009999-99.9-99.9-99.9-99.9-9.9 9918.2 61 16.0   0  0.0 0.0-9.9
5299920260112 29.1 25.2  0.009999-99.9-99.9-99.9-99.9-9.9 9921.2 58 18.4   0  0.0 0.0-9.9
5299920260113-99.9-99.9-99.999999-99.9-99.9-99.9-99.9-9.9 9923.5 59 20.1 -99-99.9 0.0-9.9
5299920260114 29.6 25.6  0.009999-99.9-99.9-99.9-99.9-9.9 9922.2 55 19.0   0  0.0 0.0-9.9
5299920260115 29.9 25.8-99.999999-99.9-99.9-99.9-99.9-9.9 9922.3 54 19.0   0  0.0 0.0-9.9
5299920260116-99.9-99.9-99.999999-99.9-99.9-99.9-99.9-9.9 99-9.9-99-99.9 -99-99.9-9.9-9.9
5299920260117-99.9-99.9-99.999999-99.9-99.9-99.9-99.9-9.9 99-9.9-99-99.9 -99-99.9-9.9-9.9
5299920260118-99.9-99.9-99.999999-99.9-99.9-99.9-99.9-9.9 99-9.9-99-99.9 -99-99.9-9.9-9.9
5299920260119-99.9-99.9-99.999999-99.9-99.9-99.9-99.9-9.9 99-9.9-99-99.9 -99-99.9-9.9-9.9
5299920260120-99.9-99.9-99.999999-99.9-99.9-99.9-99.9-9.9 99-9.9-99-99.9 -99-99.9-9.9-9.9
5299920260121-99.9-99.9-99.999999-99.9-99.9-99.9-99.9-9.9 99-9.9-99-99.9 -99-99.9-9.9-9.9
5299920260122-99.9-99.9-99.999999-99.9-99.9-99.9-99.9-9.9 99-9.9-99-99.9 -99-99.9-9.9-9.9
5299920260123-99.9-99.9-99.999999-99.9-99.9-99.9-99.9-9.9 99-9.9-99-99.9 -99-99.9-9.9-9.9
5299920260124-99.9-99.9-99.999999-99.9-99.9-99.9-99.9-9.9 99-9.9-99-99.9 -99-99.9-9.9-9.9
5299920260125-99.9-99.9-99.999999-99.9-99.9-99.9-99.9-9.9 99-9.9-99-99.9 -99-99.9-9.9-9.9
5299920260126-99.9-99.9-99.999999-99.9-99.9-99.9-99.9-9.9 99-9.9-99-99.9 -99-99.9-9.9-9.9
5299920260127-99.9-99.9-99.999999-99.9-99.9-99.9-99.9-9.9 99-9.9-99-99.9 -99-99.9-9.9-9.9
5299920260128-99.9-99.9-99.999999-99.9-99.9-99.9-99.9-9.9 99-9.9-99-99.9 -99-99.9-9.9-9.9
5299920260129 28.8 28.7-99.999999-99.9-99.9-99.9-99.9-9.9 99-9.9 20-99.9 -99-99.9-9.9-9.9
5299920260130-99.9-99.9-99.999999-99.9-99.9-99.9-99.9-9.9 99-9.9-99-99.9 -99-99.9-9.9-9.9
5299920260223-99.9-99.9-99.999999-99.9-99.9-99.9-99.9-9.9 99-9.9-99-99.9 -99-99.9-9.9-9.9
5299920260224 28.1 25.7  0.009999-99.9-99.9-99.9-99.9-9.9 9923.1 63 19.7   0  0.0-9.9-9.9
5299920260225 27.9 24.4  1.519999-99.9-99.9-99.9-99.9-9.9 9916.5 50 14.5   0  0.0-9.9-9.9
5299920260226 41.6 23.7  4.019999-99.9-99.9-99.9-99.9-9.9 9916.5 35 14.4   0  0.0-9.9-9.9
5299920260227 26.8 24.5  2.519999-99.9-99.9-99.9-99.9-9.9 9917.6 54 15.5   0  0.018.2-9.9
5299920260228 26.9 25.2  0.009999-99.9-99.9-99.9-99.9-9.9 9918.1 53 15.9   0  0.017.8-9.9
5299920260301 27.6 25.8  0.009999-99.9-99.9-99.9-99.9-9.9 9918.5 53 16.3   0  0.017.1-9.9
5299920260302 28.4 25.8  4.519999-99.9-99.9-99.9-99.9-9.9 9918.8 52 16.5   0  0.0-9.9-9.9
5299920260303 28.0 25.7  4.219999-99.9-99.9-99.9-99.9-9.9 9920.5 61 17.9   0  0.0-9.9-9.9
5299920260304 26.7 23.9  0.009999-99.9-99.9-99.9-99.9-9.9 9919.1 60 16.7   0  0.0 0.6-9.9
5299920260305 27.7 24.5  0.009999-99.9-99.9-99.9-99.9-9.9 9921.5 64 18.7   0  0.0 0.1-9.9
5299920260306 26.9 25.3  0.009999-99.9-99.9-99.9-99.9-9.9 9921.9 67 19.0   0  0.0 0.0-9.9
5299920260307 25.9 24.9  0.009999-99.9-99.9-99.9-99.9-9.9 9920.5 64 17.9   0  0.0 0.0-9.9
5299920260308-99.9-99.9-99.999999-99.9-99.9-99.9-99.9-9.9 99-9.9-99-99.9 -99-99.9-9.9-9.9
5299920260326-99.9-99.9-99.999999-99.9-99.9-99.9-99.9-9.9 99-9.9-99-99.9 -99-99.9-9.9-9.9
5299920260327-99.9-99.9-99.999999-99.9-99.9-99.9-99.9-9.9 99-9.9 23-99.9 -99-99.9 0.0-9.9
5299920260328-99.9-99.9  0.009999-99.9-99.9-99.9-99.9-9.9 99-9.9-99-99.9   0  0.0 0.0-9.9
5299920260329-99.9-99.9  0.009999-99.9-99.9-99.9-99.9-9.9 99-9.9-99-99.9   0  0.0 0.0-9.9
5299920260330 26.4 24.6  0.009999-99.9-99.9-99.9-99.9-9.9 99-9.9 52-99.9 -99-99.9 0.0-9.9
5299920260331 28.0 24.0  9.819999-99.9-99.9-99.9-99.9-9.9 9925.9 69 21.6   0  0.0 0.0-9.9
5299920260401 28.0 24.2  0.009999-99.9-99.9-99.9-99.9 1.0 1623.4 68 19.9   0  0.0 0.1 0.7
5299920260402 26.5 25.6  0.009999-99.9-99.9-99.9-99.9-9.9 9924.0 71 20.4   0  0.0 0.0-9.9
5299920260403 27.0 25.2  0.009999-99.9-99.9-99.9-99.9-9.9 9923.8 71 20.3   0  0.0 0.0-9.9
5299920260404 27.0 22.8  0.009999-99.9-99.9-99.9-99.9-9.9 9914.5 47 12.3   0  0.0 0.0-9.9
5299920260405 22.8 20.6  0.009999-99.9-99.9-99.9-99.9-9.9 9912.3 50 10.0   0  0.0 0.0-9.9
5299920260406 21.1 20.0  0.009999-99.9-99.9-99.9-99.9-9.9 9915.7 68 13.7   0  0.0 0.0-9.9
5299920260407 21.1 20.5  0.009999-99.9-99.9-99.9-99.9-9.9 9917.6 73 15.5   0  0.0 0.0-9.9
5299920260408 21.4 20.0  0.009999-99.9-99.9-99.9-99.9-9.9 9917.0 69 14.9   0  0.0 0.0-9.9
5299920260409 22.0 19.1  0.009999-99.9-99.9-99.9-99.9-9.9 9915.0 61 13.1   0  0.0-9.9-9.9
5299920260410 21.0 18.6  0.009999-99.9-99.9-99.9-99.9-9.9 9914.6 61 12.5   0  0.0 0.4-9.9
5299920260411 21.0 19.2  0.009999-99.9-99.9-99.9-99.9-9.9 9914.8 62 12.8   0  0.0 0.0-9.9
5299920260412 22.1 19.9  0.009999-99.9-99.9-99.9-99.9-9.9 9916.0 64 14.0   0  0.0 0.0-9.9
5299920260413 22.9 20.4  0.009999-99.9-99.9-99.9-99.9-9.9 9916.6 62 14.5   0  0.0 0.2-9.9
5299920260414 25.5 21.8  0.009999-99.9-99.9-99.9-99.9-9.9 9920.4 71 17.7   0  0.3 0.2-9.9
5299920260415 23.7 23.0  0.009999-99.9-99.9-99.9-99.9-9.9 9921.9 77 18.9   0  0.0 0.0-9.9
5299920260416 23.7 21.1  0.009999-99.9-99.9-99.9-99.9-9.9 9921.5 82 18.6   0  0.0 0.0-9.9
5299920260417 23.8 21.8  0.009999-99.9-99.9-99.9-99.9-9.9 9920.4 73 17.8   0  0.0 0.0-9.9
5299920260418 23.6 21.5  0.009999-99.9-99.9-99.9-99.9-9.9 9919.6 71 17.2   0  0.0 0.0-9.9
5299920260419 23.7 22.1  0.009999-99.9-99.9-99.9-99.9-9.9 9919.7 70 17.2   0  0.0 0.0-9.9
5299920260420 23.7 19.7  0.009999-99.9-99.9-99.9-99.9-9.9 9919.6 72 17.2   0  0.0 0.0-9.9
5299920260421 22.6 21.9  0.009999-99.9-99.9-99.9-99.9-9.9 9919.9 76 17.4   0  0.0 0.0-9.9
5299920260422 22.2 20.1-99.999999-99.9-99.9-99.9-99.9-9.9 9916.2 63 14.2 -99-99.9 0.1-9.9
5299920260423-99.9-99.9-99.999999-99.9-99.9-99.9-99.9-9.9 99-9.9 62-99.9 -99-99.9-9.9-9.9
5299920260424-99.9-99.9-99.999999-99.9-99.9-99.9-99.9-9.9 99-9.9 59-99.9 -99-99.9-9.9-9.9
5299920260425-99.9-99.9-99.999999-99.9-99.9-99.9-99.9-9.9 99-9.9 63-99.9 -99-99.9-9.9-9.9
5299920260426-99.9-99.9-99.999999-99.9-99.9-99.9-99.9-9.9 99-9.9 55-99.9 -99-99.9-9.9-9.9
5299920260630-99.9-99.9  0.009999-99.9-99.9-99.9-99.9-9.9 99-9.9-99-99.9 -99-99.9-9.9-9.9
5299920260701-99.9-99.9  0.009999-99.9-99.9-99.9-99.9-9.9 99-9.9-99-99.9 -99-99.9-9.9-9.9
