5299320130424-99.9-99.9-99.999999-99.9-99.9-99.9-99.9-9.9 99-9.9-99-99.9 -99-99.9-9.9-9.9
5299320130425 21.5 -3.6  0.009999-99.9-99.9-99.9-99.9-9.9 99 5.8 58 -1.0 -99-99.9-9.9-9.9
5299320130426 22.1 -6.5  0.009999-99.9-99.9-99.9-99.9-9.9 99 5.3 54 -2.4 -99-99.9-9.9-9.9
5299320130427 20.9 -0.3  0.009999-99.9-99.9-99.9-99.9-9.9 99 7.0 55  1.7 -99-99.9-9.9-9.9
5299320130428 18.2 -2.4  0.009999-99.9-99.9-99.9-99.9-9.9 99 7.3 66  2.3 -99-99.9-9.9-9.9
5299320130429 18.3  4.3  0.009999-99.9-99.9-99.9-99.9-9.9 99 7.8 53  3.3 -99-99.9-9.9-9.9
5299320130430 13.1  3.6 11.819999-99.9-99.9-99.9-99.9-9.9 99 8.7 80  4.9 -99-99.9-9.9-9.9
5299320130501 13.1  3.2  0.009999-99.9-99.9-99.9-99.9-9.9 99 8.7 90  4.8 -99-99.9-9.9-9.9
5299320130502 13.5 -1.5  1.219999-99.9-99.9-99.9-99.9-9.9 99 9.4 91  5.9 -99-99.9-9.9-9.9
5299320130503 15.7  5.5  0.319999-99.9-99.9-99.9-99.9-9.9 9911.0 85  8.3 -99-99.9-9.9-9.9
5299320130504 14.2  1.7  0.009999-99.9-99.9-99.9-99.9-9.9 99 6.3 54  0.3 -99-99.9-9.9-9.9
5299320130505 15.0 -0.3  0.009999-99.9-99.9-99.9-99.9-9.9 99 7.1 64  1.9 -99-99.9-9.9-9.9
5299320130506 13.4  2.8  0.009999-99.9-99.9-99.9-99.9-9.9 99 5.2 52 -2.2 -99-99.9-9.9-9.9
5299320130507 18.7  2.0  3.719999-99.9-99.9-99.9-99.9-9.9 99 7.1 52  1.8 -99-99.9-9.9-9.9
5299320130508 16.7  7.8  0.009999-99.9-99.9-99.9-99.9-9.9 99 9.1 66  5.6 -99-99.9-9.9-9.9
5299320130509 17.7  8.3  0.009999-99.9-99.9-99.9-99.9-9.9 9910.9 74  8.3 -99-99.9-9.9-9.9
5299320130510 15.1  7.5  0.009999-99.9-99.9-99.9-99.9-9.9 99 8.0 66  3.5 -99-99.9-9.9-9.9
5299320130511 14.8  1.8  0.009999-99.9-99.9-99.9-99.9-9.9 99 6.4 60  0.5 -99-99.9-9.9-9.9
5299320130512 14.2  3.9  0.009999-99.9-99.9-99.9-99.9-9.9 99 5.9 50 -0.6 -99-99.9-9.9-9.9
5299320130513  8.9 -1.4  0.319999-99.9-99.9-99.9-99.9-9.9 99 5.4 58 -1.8 -99-99.9-9.9-9.9
5299320130514  4.2 -2.7  0.009999-99.9-99.9-99.9-99.9-9.9 99 4.4 66 -4.6 -99-99.9-9.9-9.9
5299320130515 11.0 -6.6  0.009999-99.9-99.9-99.9-99.9-9.9 99 4.8 65 -3.3 -99-99.9-9.9-9.9
5299320130516 10.3 -9.2  0.009999-99.9-99.9-99.9-99.9-9.9 99 4.9 85 -3.3 -99-99.9-9.9-9.9
5299320130517 10.9-10.1  0.009999-99.9-99.9-99.9-99.9-9.9 99 4.5 79 -4.4 -99-99.9-9.9-9.9
5299320130518 12.5 -9.3  0.009999-99.9-99.9-99.9-99.9-9.9 99 4.5 79 -4.5 -99-99.9-9.9-9.9
5299320130519 12.2 -9.3  0.009999-99.9-99.9-99.9-99.9-9.9 99 5.1 73 -2.7 -99-99.9-9.9-9.9
5299320130520 12.2 -5.3  0.009999-99.9-99.9-99.9-99.9-9.9 99 6.2 76 -0.0 -99-99.9-9.9-9.9
5299320130521 14.8  1.3  0.009999-99.9-99.9-99.9-99.9-9.9 99 7.3 79  2.5 -99-99.9-9.9-9.9
5299320130522 12.8 -0.9  0.009999-99.9-99.9-99.9-99.9-9.9 99 7.0 67  1.7 -99-99.9-9.9-9.9
5299320130523 16.3  7.4  0.009999-99.9-99.9-99.9-99.9-9.9 99 8.3 63  4.1 -99-99.9-9.9-9.9
5299320130524 10.6 -3.3  0.009999-99.9-99.9-99.9-99.9-9.9 99 6.1 77 -0.0 -99-99.9-9.9-9.9
5299320130525 15.5 -3.3  0.009999-99.9-99.9-99.9-99.9-9.9 99 7.4 73  2.5 -99-99.9-9.9-9.9
5299320130526 13.7  5.0  1.519999-99.9-99.9-99.9-99.9-9.9 99 7.1 64  2.0 -99-99.9-9.9-9.9
5299320130527 13.6  3.0  0.919999-99.9-99.9-99.9-99.9-9.9 99 8.4 87  4.4 -99-99.9-9.9-9.9
5299320130528  9.0 -1.4  0.009999-99.9-99.9-99.9-99.9-9.9 99 6.8 93  1.3 -99-99.9-9.9-9.9
5299320130529 12.9 -5.9  0.009999-99.9-99.9-99.9-99.9-9.9 99 6.1 69 -0.1 -99-99.9-9.9-9.9
5299320130530 13.9  5.0  0.319999-99.9-99.9-99.9-99.9-9.9 99 7.7 62  3.2 -99-99.9-9.9-9.9
5299320130531 10.2  2.7  0.009999-99.9-99.9-99.9-99.9-9.9 99 7.1 74  2.1 -99-99.9-9.9-9.9
5299320130601 12.6  3.1  0.319999-99.9-99.9-99.9-99.9-9.9 99 7.2 73  2.2 -99-99.9-9.9-9.9
5299320130602 14.2  3.1  0.009999-99.9-99.9-99.9-99.9-9.9 99 7.6 69  3.0 -99-99.9-9.9-9.9
5299320130603 15.8  6.8  0.009999-99.9-99.9-99.9-99.9-9.9 99 9.1 72  5.5 -99-99.9-9.9-9.9
5299320130604 12.3  7.9  3.519999-99.9-99.9-99.9-99.9-9.9 99 9.1 79  5.3 -99-99.9-9.9-9.9
5299320130605 13.2  3.4  0.009999-99.9-99.9-99.9-99.9-9.9 99 6.7 63  1.3 -99-99.9-9.9-9.9
5299320130606 14.4  2.2  0.009999-99.9-99.9-99.9-99.9-9.9 99 7.2 70  2.1 -99-99.9-9.9-9.9
5299320130607  8.9  0.3  0.009999-99.9-99.9-99.9-99.9-9.9 99 5.0 59 -2.8 -99-99.9-9.9-9.9
5299320130608  9.1 -9.7  0.009999-99.9-99.9-99.9-99.9-9.9 99 4.4 70 -4.5 -99-99.9-9.9-9.9
5299320130609 10.2 -1.2  0.009999-99.9-99.9-99.9-99.9-9.9 99 5.8 59 -1.0 -99-99.9-9.9-9.9
5299320130610 16.2  4.6  0.009999-99.9-99.9-99.9-99.9-9.9 99 6.3 45  0.3 -99-99.9-9.9-9.9
5299320130611 15.9  3.1  0.009999-99.9-99.9-99.9-99.9-9.9 99 6.9 50  1.7 -99-99.9-9.9-9.9
5299320130612 11.8 -1.1  0.009999-99.9-99.9-99.9-99.9-9.9 99 6.6 72  0.9 -99-99.9-9.9-9.9
5299320130613 12.5 -3.1  0.009999-99.9-99.9-99.9-99.9-9.9 99 4.7 54 -3.6 -99-99.9-9.9-9.9
5299320130614  8.7 -6.7  0.009999-99.9-99.9-99.9-99.9-9.9 99 5.9 74 -0.9 -99-99.9-9.9-9.9
5299320130615 10.9  2.6  0.009999-99.9-99.9-99.9-99.9-9.9 99 6.5 62  0.5 -99-99.9-9.9-9.9
5299320130616  8.8 -1.8  0.009999-99.9-99.9-99.9-99.9-9.9 99 4.5 60 -4.1 -99-99.9-9.9-9.9
5299320130617 10.3  1.5  0.619999-99.9-99.9-99.9-99.9-9.9 99 5.9 70 -0.6 -99-99.9-9.9-9.9
5299320130618  4.6 -5.3  0.009999-99.9-99.9-99.9-99.9-9.9 99 4.2 61 -5.1 -99-99.9-9.9-9.9
5299320130619 11.3 -4.2  0.009999-99.9-99.9-99.9-99.9-9.9 99 5.9 67 -0.7 -99-99.9-9.9-9.9
5299320130620 11.7 -5.0  0.009999-99.9-99.9-99.9-99.9-9.9 99 6.0 69 -0.5 -99-99.9-9.9-9.9
5299320130621 10.4  0.2  1.919999-99.9-99.9-99.9-99.9-9.9 99 6.6 67  0.6 -99-99.9-9.9-9.9
5299320130622 10.0 -0.6  0.009999-99.9-99.9-99.9-99.9-9.9 99 5.4 66 -1.8 -99-99.9-9.9-9.9
5299320130623  8.8 -8.0  0.009999-99.9-99.9-99.9-99.9-9.9 99 4.8 87 -3.7 -99-99.9-9.9-9.9
5299320130624  8.5 -9.2  0.009999-99.9-99.9-99.9-99.9-9.9 99 4.7 87 -4.0 -99-99.9-9.9-9.9
5299320130625 11.1 -5.9  0.009999-99.9-99.9-99.9-99.9-9.9 99 5.3 65 -2.0 -99-99.9-9.9-9.9
5299320130626 13.2  2.8  0.009999-99.9-99.9-99.9-99.9-9.9 99 6.9 70  1.7 -99-99.9-9.9-9.9
5299320130627 13.3  3.9  0.009999-99.9-99.9-99.9-99.9-9.9 99 7.6 64  3.0 -99-99.9-9.9-9.9
5299320130628  8.4 -4.1  0.009999-99.9-99.9-99.9-99.9-9.9 99 6.4 89  0.5 -99-99.9-9.9-9.9
5299320130629  6.0 -7.2  0.009999-99.9-99.9-99.9-99.9-9.9 99 4.1 68 -5.4 -99-99.9-9.9-9.9
5299320130630  4.0-15.5  0.009999-99.9-99.9-99.9-99.9-9.9 99 3.6 82 -7.8 -99-99.9-9.9-9.9
5299320130701 14.8 -4.0  9.119999-99.9-99.9-99.9-99.9-9.9 99 7.2 61  2.2 -99-99.9-9.9-9.9
5299320130702 11.0  3.1 11.119999-99.9-99.9-99.9-99.9-9.9 99 8.5 99  4.6 -99-99.9-9.9-9.9
5299320130703  7.3  0.0  0.009999-99.9-99.9-99.9-99.9-9.9 99 6.5 83  0.9 -99-99.9-9.9-9.9
5299320130704  8.1 -4.0  0.009999-99.9-99.9-99.9-99.9-9.9 99 5.9 88 -0.6 -99-99.9-9.9-9.9
5299320130705  7.6 -7.7  0.009999-99.9-99.9-99.9-99.9-9.9 99 5.0 87 -3.1 -99-99.9-9.9-9.9
5299320130706  4.1 -5.1  0.009999-99.9-99.9-99.9-99.9-9.9 99 5.3 98 -2.2 -99-99.9-9.9-9.9
5299320130707 -2.7 -8.4  0.009999-99.9-99.9-99.9-99.9-9.9 99 4.4100 -4.3 -99-99.9-9.9-9.9
5299320130708  7.7 -7.9  0.319999-99.9-99.9-99.9-99.9-9.9 99 5.5 84 -1.8 -99-99.9-9.9-9.9
5299320130709  8.1 -0.8  0.009999-99.9-99.9-99.9-99.9-9.9 99 7.2 87  2.1 -99-99.9-9.9-9.9
5299320130710  8.0  0.0  0.009999-99.9-99.9-99.9-99.9-9.9 99 7.3 93  2.4 -99-99.9-9.9-9.9
5299320130711  9.5 -4.6  0.009999-99.9-99.9-99.9-99.9-9.9 99 6.5 81  0.8 -99-99.9-9.9-9.9
5299320130712 12.3  1.4  2.519999-99.9-99.9-99.9-99.9-9.9 99 6.8 65  1.6 -99-99.9-9.9-9.9
5299320130713  6.5  0.8  0.009999-99.9-99.9-99.9-99.9-9.9 99 6.4 83  0.6 -99-99.9-9.9-9.9
5299320130714  9.2 -5.8  0.009999-99.9-99.9-99.9-99.9-9.9 99 5.8 76 -0.8 -99-99.9-9.9-9.9
5299320130715 12.8  2.6  0.009999-99.9-99.9-99.9-99.9-9.9 99 7.1 64  2.0 -99-99.9-9.9-9.9
5299320130716 14.1  5.4 17.719999-99.9-99.9-99.9-99.9-9.9 99 8.4 82  4.4 -99-99.9-9.9-9.9
5299320130717  5.5 -7.9  1.219999-99.9-99.9-99.9-99.9-9.9 99 5.5 95 -2.4 -99-99.9-9.9-9.9
5299320130718 -4.1-20.8  0.009999-99.9-25.6-99.9-99.9-9.9 99 2.5 97-12.7 -99-99.9-9.9-9.9
5299320130719  5.4 -9.1  2.619999-99.9-99.9-99.9-99.9-9.9 99 4.5 91 -4.6 -99-99.9-9.9-9.9
5299320130720  3.1 -7.1  0.009999-99.9-99.9-99.9-99.9-9.9 99 4.6 83 -3.8 -99-99.9-9.9-9.9
5299320130721  0.7 -8.4  0.009999-99.9-99.9-99.9-99.9-9.9 99 3.7 85 -6.9 -99-99.9-9.9-9.9
5299320130722 -0.2-13.7  0.009999-99.9-99.9-99.9-99.9-9.9 99 3.6 85 -7.6 -99-99.9-9.9-9.9
5299320130723  9.3-10.9  0.009999-99.9-99.9-99.9-99.9-9.9 99 4.9 90 -3.6 -99-99.9-9.9-9.9
5299320130724 10.9 -6.5  0.009999-99.9-99.9-99.9-99.9-9.9 99 5.6 79 -1.4 -99-99.9-9.9-9.9
5299320130725 12.3  0.6  0.009999-99.9-99.9-99.9-99.9-9.9 99 6.2 66  0.1 -99-99.9-9.9-9.9
5299320130726  8.7 -1.9  0.009999-99.9-99.9-99.9-99.9-9.9 99 4.8 72 -3.3 -99-99.9-9.9-9.9
5299320130727 10.3 -8.8  0.009999-99.9-99.9-99.9-99.9-9.9 99 4.5 76 -4.1 -99-99.9-9.9-9.9
5299320130728  9.0 -6.8  0.009999-99.9-99.9-99.9-99.9-9.9 99 5.0 84 -2.9 -99-99.9-9.9-9.9
5299320130729 11.0 -6.4  0.009999-99.9-99.9-99.9-99.9-9.9 99 5.4 84 -1.8 -99-99.9-9.9-9.9
5299320130730 13.2 -5.3  5.419999-99.9-99.9-99.9-99.9-9.9 99 6.2 79 -0.2 -99-99.9-9.9-9.9
5299320130731  6.1  1.5  0.009999-99.9-99.9-99.9-99.9-9.9 99 7.7 99  3.1 -99-99.9-9.9-9.9
5299320130801  9.8 -1.7  0.009999-99.9-99.9-99.9-99.9-9.9 99 6.7 97  1.0 -99-99.9-9.9-9.9
5299320130802  8.4 -4.7  0.009999-99.9-99.9-99.9-99.9-9.9 99 6.3 84  0.1 -99-99.9-9.9-9.9
5299320130803 10.3 -1.5  0.009999-99.9-99.9-99.9-99.9-9.9 99 6.4 79  0.5 -99-99.9-9.9-9.9
5299320130804  7.2 -1.5  5.119999-99.9-99.9-99.9-99.9-9.9 99 7.6 95  2.8 -99-99.9-9.9-9.9
5299320130805  8.2  1.8  0.009999-99.9-99.9-99.9-99.9-9.9 99 6.1 71 -0.0 -99-99.9-9.9-9.9
5299320130806  8.4  0.1  1.219999-99.9-99.9-99.9-99.9-9.9 99 7.2 88  2.3 -99-99.9-9.9-9.9
5299320130807  7.2  1.3  0.009999-99.9-99.9-99.9-99.9-9.9 99 5.5 68 -1.6 -99-99.9-9.9-9.9
5299320130808  7.7 -0.3  0.009999-99.9-99.9-99.9-99.9-9.9 99 4.9 65 -3.1 -99-99.9-9.9-9.9
5299320130809  7.0 -6.8  0.009999-99.9-99.9-99.9-99.9-9.9 99 4.9 72 -3.1 -99-99.9-9.9-9.9
5299320130810 13.0  3.1  0.009999-99.9-99.9-99.9-99.9-9.9 99 7.4 72  2.5 -99-99.9-9.9-9.9
5299320130811 11.0  2.1  0.009999-99.9-99.9-99.9-99.9-9.9 99 5.8 65 -0.8 -99-99.9-9.9-9.9
5299320130812  6.8-11.2  0.009999-99.9-99.9-99.9-99.9-9.9 99 3.5 66 -7.4 -99-99.9-9.9-9.9
5299320130813 10.7 -4.3  0.009999-99.9-99.9-99.9-99.9-9.9 99 4.0 63 -5.6 -99-99.9-9.9-9.9
5299320130814 15.0 -4.0  0.009999-99.9-99.9-99.9-99.9-9.9 99 4.9 53 -4.0 -99-99.9-9.9-9.9
5299320130815  7.3 -0.6  1.519999-99.9-99.9-99.9-99.9-9.9 99 6.6 88  0.9 -99-99.9-9.9-9.9
5299320130816 12.0  1.0  0.009999-99.9-99.9-99.9-99.9-9.9 99 4.6 54 -3.8 -99-99.9-9.9-9.9
5299320130817 16.6 -2.8  0.009999-99.9-99.9-99.9-99.9-9.9 99 3.9 38 -6.2 -99-99.9-9.9-9.9
5299320130818 16.7 -0.5  0.009999-99.9-99.9-99.9-99.9-9.9 99 5.4 53 -2.4 -99-99.9-9.9-9.9
5299320130819  7.4 -0.1  8.119999-99.9-99.9-99.9-99.9-9.9 99 6.2 80 -0.1 -99-99.9-9.9-9.9
5299320130820  8.3 -0.1  0.009999-99.9-99.9-99.9-99.9-9.9 99 6.0 76 -0.3 -99-99.9-9.9-9.9
5299320130821  2.5 -5.4  6.319999-99.9-99.9-99.9-99.9-9.9 99 5.3 92 -2.0 -99-99.9-9.9-9.9
5299320130822 -1.9-12.4  0.009999-99.9-99.9-99.9-99.9-9.9 99 3.6 83 -7.3 -99-99.9-9.9-9.9
5299320130823  0.3-13.3  0.009999-99.9-30.0-99.9-99.9-9.9 99 3.1 82 -8.9 -99-99.9-9.9-9.9
5299320130824  0.6-18.3  0.919999-99.9-29.2-99.9-99.9-9.9 99 2.7 87-11.2 -99-99.9-9.9-9.9
5299320130825  3.7-18.2  0.009999-99.9-27.7-99.9-99.9-9.9 99 3.3 80 -9.3 -99-99.9-9.9-9.9
5299320130826  6.5 -9.0  0.319999-99.9-20.3-99.9-99.9-9.9 99 5.4 90 -2.0 -99-99.9-9.9-9.9
5299320130827 13.6  2.5  0.009999-99.9 -2.2-99.9-99.9-9.9 99 8.0 69  3.8 -99-99.9-9.9-9.9
5299320130828 16.2  8.1  0.009999-99.9-28.6-99.9-99.9-9.9 99 9.0 65  5.5 -99-99.9-9.9-9.9
5299320130829 15.7  8.2  0.009999-99.9-99.9-99.9-99.9-9.9 99 8.4 58  4.4 -99-99.9-9.9-9.9
5299320130830 15.4  5.5  0.619999-99.9-99.9-99.9-99.9-9.9 99 7.6 59  3.0 -99-99.9-9.9-9.9
5299320130831 12.9  1.3  3.319999-99.9-99.9-99.9-99.9-9.9 99 8.3 77  4.2 -99-99.9-9.9-9.9
5299320130901 10.8  0.4  0.009999-99.9-99.9-99.9-99.9-9.9 99 6.1 64 -0.5 -99-99.9-9.9-9.9
5299320130902 10.2 -2.5  0.009999-99.9-99.9-99.9-99.9-9.9 99 5.4 68 -1.8 -99-99.9-9.9-9.9
5299320130903 10.2 -5.9  3.519999-99.9-27.7-99.9-99.9-9.9 99 5.6 65 -1.5 -99-99.9-9.9-9.9
5299320130904  9.9  3.1  0.319999-99.9-28.4-99.9-99.9-9.9 99 8.9 87  5.2 -99-99.9-9.9-9.9
5299320130905 15.3  1.7  0.319999-99.9-30.0-99.9-99.9-9.9 99 8.3 71  4.2 -99-99.9-9.9-9.9
5299320130906 14.9  5.2  0.319999-99.9-99.9-99.9-99.9-9.9 99 9.0 71  5.5 -99-99.9-9.9-9.9
5299320130907 15.5  3.7  0.319999-99.9-99.9-99.9-99.9-9.9 99 7.7 60  3.0 -99-99.9-9.9-9.9
5299320130908 18.2  2.7  0.319999-99.9-99.9-99.9-99.9-9.9 99 8.3 68  4.2 -99-99.9-9.9-9.9
5299320130909 15.5  3.4 12.519999-99.9-99.9-99.9-99.9-9.9 99 9.8 93  6.6 -99-99.9-9.9-9.9
5299320130910  9.8  2.4  0.009999-99.9-29.9-99.9-99.9-9.9 99 6.0 61 -0.3 -99-99.9-9.9-9.9
5299320130911  9.3 -3.0  0.009999-99.9-17.1-99.9-99.9-9.9 99 4.6 65 -4.1 -99-99.9-9.9-9.9
5299320130912  9.4 -8.3  0.009999-99.9-29.8-99.9-99.9-9.9 99 4.3 64 -4.8 -99-99.9-9.9-9.9
5299320130913  9.5 -7.2  0.009999-99.9-28.2-99.9-99.9-9.9 99 4.3 63 -5.0 -99-99.9-9.9-9.9
5299320130914 11.3 -7.3  0.009999-99.9-25.6-99.9-99.9-9.9 99 5.0 72 -3.1 -99-99.9-9.9-9.9
5299320130915 11.5 -6.6  0.009999-99.9-28.8-99.9-99.9-9.9 99 4.9 68 -3.1 -99-99.9-9.9-9.9
5299320130916 12.3 -8.6  0.009999-99.9-28.6-99.9-99.9-9.9 99 4.2 60 -5.3 -99-99.9-9.9-9.9
5299320130917 13.2 -6.0  0.009999-99.9-29.8-99.9-99.9-9.9 99 4.8 56 -3.3 -99-99.9-9.9-9.9
5299320130918 16.0 -1.9  0.619999-99.9-27.1-99.9-99.9-9.9 99 6.1 57 -0.1 -99-99.9-9.9-9.9
5299320130919 11.3  0.2  0.009999-99.9-29.6-99.9-99.9-9.9 99 5.9 64 -0.8 -99-99.9-9.9-9.9
5299320130920  9.3  0.4  0.919999-99.9-99.9-99.9-99.9-9.9 99 5.6 77 -1.5 -99-99.9-9.9-9.9
5299320130921 12.7 -8.5  0.009999-99.9-29.4-99.9-99.9-9.9 99 5.1 62 -2.6 -99-99.9-9.9-9.9
5299320130922 13.8 -6.8  0.009999-99.9-24.1-99.9-99.9-9.9 99 4.4 54 -4.5 -99-99.9-9.9-9.9
5299320130923 17.1-10.2  0.009999-99.9-29.4-99.9-99.9-9.9 99 3.4 45 -7.8 -99-99.9-9.9-9.9
5299320130924 19.2 -6.7  0.009999-99.9-28.3-99.9-99.9-9.9 99 3.4 29 -8.0 -99-99.9-9.9-9.9
5299320130925 21.0 -7.9  0.009999-99.9 -1.6-99.9-99.9-9.9 99 4.0 36 -6.0 -99-99.9-9.9-9.9
5299320130926  9.6 -1.7  0.009999-99.9-27.2-99.9-99.9-9.9 99 4.9 59 -3.3 -99-99.9-9.9-9.9
5299320130927  9.1 -3.7  0.009999-99.9-99.9-99.9-99.9-9.9 99 4.4 57 -4.4 -99-99.9-9.9-9.9
5299320130928 11.8 -1.7  0.009999-99.9-30.0-99.9-99.9-9.9 99 3.9 49 -6.3 -99-99.9-9.9-9.9
5299320130929 14.4 -6.7  0.009999-99.9-28.1-99.9-99.9-9.9 99 5.3 60 -2.1 -99-99.9-9.9-9.9
5299320130930 15.5 -5.7  0.009999-99.9-28.8-99.9-99.9-9.9 99 5.9 51 -0.7 -99-99.9-9.9-9.9
5299320131001 12.1  2.3  0.009999-99.9-28.9-99.9-99.9-9.9 99 5.1 44 -3.2 -99-99.9-9.9-9.9
5299320131002 12.4 -7.7  1.419999-99.9-24.0-99.9-99.9-9.9 99 4.4 51 -4.5 -99-99.9-9.9-9.9
5299320131003 16.2  0.8  0.919999-99.9-22.4-99.9-99.9-9.9 99 7.1 69  1.9 -99-99.9-9.9-9.9
5299320131004 13.2  4.1  0.009999-99.9 -6.3-99.9-99.9-9.9 99 7.2 63  2.3 -99-99.9-9.9-9.9
5299320131005 18.1 -5.4  0.009999-99.9-28.1-99.9-99.9-9.9 99 5.6 53 -1.3 -99-99.9-9.9-9.9
5299320131006 22.6 -7.3  0.009999-99.9-28.4-99.9-99.9-9.9 99 4.4 37 -4.8 -99-99.9-9.9-9.9
5299320131007 24.8 -5.7  0.009999-99.9-28.2-99.9-99.9-9.9 99 3.9 25 -6.2 -99-99.9-9.9-9.9
5299320131008 17.3  2.4  0.009999-99.9-29.5-99.9-99.9-9.9 99 5.5 42 -1.6 -99-99.9-9.9-9.9
5299320131009 14.5 -2.3  0.009999-99.9-99.9-99.9-99.9-9.9 99 5.0 41 -2.7 -99-99.9-9.9-9.9
5299320131010 19.5  6.3  0.009999-99.9-29.6-99.9-99.9-9.9 99 5.2 36 -2.4 -99-99.9-9.9-9.9
5299320131011 23.2 -4.7  0.009999-99.9-99.9-99.9-99.9-9.9 99 5.8 40 -1.0 -99-99.9-9.9-9.9
5299320131012 21.6 -0.1  0.009999-99.9-99.9-99.9-99.9-9.9 99 6.7 48  1.1 -99-99.9-9.9-9.9
5299320131013 17.6 -1.0  0.009999-99.9-99.9-99.9-99.9-9.9 99 6.7 47  1.2 -99-99.9-9.9-9.9
5299320131014 20.7  9.4  0.009999-99.9-99.9-99.9-99.9-9.9 99 8.4 50  4.4 -99-99.9-9.9-9.9
5299320131015 21.3  9.1  0.009999-99.9-99.9-99.9-99.9-9.9 99 9.1 51  5.6 -99-99.9-9.9-9.9
5299320131016 25.3  4.2  0.009999-99.9-99.9-99.9-99.9-9.9 99 8.7 48  4.8 -99-99.9-9.9-9.9
5299320131017 26.3  0.4  0.009999-99.9-99.9-99.9-99.9-9.9 99 6.8 35  1.3 -99-99.9-9.9-9.9
5299320131018 26.0 -0.1  0.009999-99.9-99.9-99.9-99.9-9.9 99 6.0 31 -0.2 -99-99.9-9.9-9.9
5299320131019 19.8 -2.6  0.009999-99.9-99.9-99.9-99.9-9.9 99 6.0 41 -0.2 -99-99.9-9.9-9.9
5299320131020 12.2  3.6  0.009999-99.9-99.9-99.9-99.9-9.9 99 4.5 42 -4.7 -99-99.9-9.9-9.9
5299320131021 11.8 -1.1  0.009999-99.9-99.9-99.9-99.9-9.9 99 4.2 43 -5.2 -99-99.9-9.9-9.9
5299320131022 13.5  1.6  0.009999-99.9-99.9-99.9-99.9-9.9 99 5.0 47 -2.9 -99-99.9-9.9-9.9
5299320131023 18.1 -4.5  0.009999-99.9-99.9-99.9-99.9-9.9 99 5.5 46 -1.6 -99-99.9-9.9-9.9
5299320131024 23.7 -4.6  0.009999-99.9-99.9-99.9-99.9-9.9 99 5.0 35 -2.9 -99-99.9-9.9-9.9
5299320131025 23.9 -2.1  0.009999-99.9-99.9-99.9-99.9-9.9 99 4.0 22 -5.8 -99-99.9-9.9-9.9
5299320131026 18.3  5.1  0.009999-99.9-99.9-99.9-99.9-9.9 99 4.9 35 -2.9 -99-99.9-9.9-9.9
5299320131027 24.4 -9.3  0.009999-99.9-99.9-99.9-99.9-9.9 99 3.3 27 -8.6 -99-99.9-9.9-9.9
5299320131028 26.2 -7.3  0.009999-99.9-99.9-99.9-99.9-9.9 99 2.9 17-10.1 -99-99.9-9.9-9.9
5299320131029 25.6  2.7  0.009999-99.9-99.9-99.9-99.9-9.9 99 5.1 28 -2.6 -99-99.9-9.9-9.9
5299320131030 24.8 -0.9  0.009999-99.9-99.9-99.9-99.9-9.9 99 5.0 32 -2.9 -99-99.9-9.9-9.9
5299320131031 21.7  1.8  0.009999-99.9-99.9-99.9-99.9-9.9 99 6.1 36 -0.1 -99-99.9-9.9-9.9
5299320131101 21.9 -0.1  0.009999-99.9-99.9-99.9-99.9-9.9 99 6.3 39  0.3 -99-99.9-9.9-9.9
5299320131102 17.2  1.7  1.219999-99.9-99.9-99.9-99.9-9.9 99 6.7 45  1.1 -99-99.9-9.9-9.9
5299320131103 21.6  8.4  0.009999-99.9-99.9-99.9-99.9-9.9 99 9.9 63  6.7 -99-99.9-9.9-9.9
5299320131104 26.4  0.3  0.009999-99.9-99.9-99.9-99.9-9.9 99 7.3 39  2.4 -99-99.9-9.9-9.9
5299320131105 28.2  2.0  0.009999-99.9-99.9-99.9-99.9-9.9 99 6.4 27  0.2 -99-99.9-9.9-9.9
5299320131106 18.2  2.7  2.619999-99.9-99.9-99.9-99.9-9.9 99 7.5 51  2.6 -99-99.9-9.9-9.9
5299320131107 16.1  3.4  0.009999-99.9-99.9-99.9-99.9-9.9 99 6.6 51  1.1 -99-99.9-9.9-9.9
5299320131108 12.1 -0.1  0.009999-99.9-99.9-99.9-99.9-9.9 99 6.6 57  0.8 -99-99.9-9.9-9.9
5299320131109 19.4  5.7  0.009999-99.9-99.9-99.9-99.9-9.9 99 7.7 49  3.1 -99-99.9-9.9-9.9
5299320131110 19.3 -1.6  0.009999-99.9-99.9-99.9-99.9-9.9 99 5.8 45 -0.9 -99-99.9-9.9-9.9
5299320131111 17.3  6.8  0.009999-99.9-99.9-99.9-99.9-9.9 99 5.6 33 -1.4 -99-99.9-9.9-9.9
5299320131112 15.0  3.2  0.009999-99.9-99.9-99.9-99.9-9.9 99 5.0 40 -2.9 -99-99.9-9.9-9.9
5299320131113 19.6  0.1  4.319999-99.9-99.9-99.9-99.9-9.9 99 6.2 42  0.1 -99-99.9-9.9-9.9
5299320131114 16.5  2.2  0.009999-99.9-99.9-99.9-99.9-9.9 99 7.5 58  2.7 -99-99.9-9.9-9.9
5299320131115 23.2  5.3  0.009999-99.9-99.9-99.9-99.9-9.9 99 7.2 37  2.3 -99-99.9-9.9-9.9
5299320131116 28.0 -0.1  0.009999-99.9-99.9-99.9-99.9-9.9 99 5.6 27 -1.5 -99-99.9-9.9-9.9
5299320131117 20.5  2.5  0.519999-99.9-99.9-99.9-99.9-9.9 99 5.6 36 -1.4 -99-99.9-9.9-9.9
5299320131118 18.3  2.6  0.009999-99.9-99.9-99.9-99.9-9.9 99 4.6 32 -3.8 -99-99.9-9.9-9.9
5299320131119 24.4 -2.9  0.009999-99.9-99.9-99.9-99.9-9.9 99 5.1 27 -2.6 -99-99.9-9.9-9.9
5299320131120 20.6  6.5  0.009999-99.9-99.9-99.9-99.9-9.9 99 6.0 36 -0.7 -99-99.9-9.9-9.9
5299320131121 24.8  2.2  0.009999-99.9-99.9-99.9-99.9-9.9 99 6.9 35  1.7 -99-99.9-9.9-9.9
5299320131122 22.7  9.8  0.009999-99.9-99.9-99.9-99.9-9.9 99 7.1 33  2.0 -99-99.9-9.9-9.9
5299320131123 21.5  2.5  0.009999-99.9-99.9-99.9-99.9-9.9 99 6.7 40  1.2 -99-99.9-9.9-9.9
5299320131124 14.1 -1.1  0.009999-99.9-99.9-99.9-99.9-9.9 99 4.6 38 -4.0 -99-99.9-9.9-9.9
5299320131125 20.1 -8.2  0.009999-99.9-99.9-99.9-99.9-9.9 99 4.3 32 -4.7 -99-99.9-9.9-9.9
5299320131126 27.2 -2.1  0.009999-99.9-99.9-99.9-99.9-9.9 99 5.0 23 -3.0 -99-99.9-9.9-9.9
5299320131127 21.6 -0.2  0.009999-99.9-99.9-99.9-99.9-9.9 99 5.5 32 -1.6 -99-99.9-9.9-9.9
5299320131128 21.9  8.3  0.009999-99.9-99.9-99.9-99.9-9.9 99 6.9 39  1.7 -99-99.9-9.9-9.9
5299320131129 25.1  1.4  0.009999-99.9-99.9-99.9-99.9-9.9 99 7.2 34  2.0 -99-99.9-9.9-9.9
5299320131130 27.0  8.1  0.009999-99.9-99.9-99.9-99.9-9.9 99 8.3 35  4.1 -99-99.9-9.9-9.9
5299320131201 25.4  1.9  0.009999-99.9-99.9-99.9-99.9-9.9 99 6.5 30  0.7 -99-99.9-9.9-9.9
5299320131202 14.8  6.9  0.009999-99.9-99.9-99.9-99.9-9.9 99 4.7 32 -3.8 -99-99.9-9.9-9.9
5299320131203 18.3  3.2  0.009999-99.9-99.9-99.9-99.9-9.9 99 5.9 40 -0.6 -99-99.9-9.9-9.9
5299320131204 20.2  9.8  0.009999-99.9-99.9-99.9-99.9-9.9 99 6.6 39  1.1 -99-99.9-9.9-9.9
5299320131205 25.7 -0.8  0.009999-99.9-29.0-99.9-99.9-9.9 99 6.0 30 -0.3 -99-99.9-9.9-9.9
5299320131206 25.2  5.0  0.009999-99.9-28.2-99.9-99.9-9.9 99 7.4 37  2.7 -99-99.9-9.9-9.9
5299320131207 27.1  1.7  0.009999-99.9-29.9-99.9-99.9-9.9 99 5.6 26 -1.5 -99-99.9-9.9-9.9
5299320131208 28.3  1.1  0.009999-99.9-29.8-99.9-99.9-9.9 99 5.8 23 -1.0 -99-99.9-9.9-9.9
5299320131209 26.9  4.8  0.009999-99.9 -6.0-99.9-99.9-9.9 99 6.9 29  1.7 -99-99.9-9.9-9.9
5299320131210 28.0  4.6  0.009999-99.9-25.3-99.9-99.9-9.9 99 8.4 32  4.4 -99-99.9-9.9-9.9
5299320131211 28.9  2.7  0.009999-99.9 -1.4-99.9-99.9-9.9 99 7.1 28  1.9 -99-99.9-9.9-9.9
5299320131212 22.8  7.4  0.009999-99.9-19.3-99.9-99.9-9.9 99 7.8 41  3.3 -99-99.9-9.9-9.9
5299320131213 26.9  3.5  0.009999-99.9-23.0-99.9-99.9-9.9 99 5.2 23 -2.6 -99-99.9-9.9-9.9
5299320131214 27.9  4.2  0.009999-99.9-28.1-99.9-99.9-9.9 99 8.2 34  4.0 -99-99.9-9.9-9.9
5299320131215 29.2 14.1  0.009999-99.9  6.8-99.9-99.9-9.9 99 9.3 32  5.9 -99-99.9-9.9-9.9
5299320131216 32.5  6.2  0.009999-99.9-26.9-99.9-99.9-9.9 99 7.7 25  3.1 -99-99.9-9.9-9.9
5299320131217 26.5  6.3  0.009999-99.9-29.2-99.9-99.9-9.9 99 7.0 28  1.7 -99-99.9-9.9-9.9
5299320131218 29.9  3.6  0.009999-99.9-29.3-99.9-99.9-9.9 99 6.3 24  0.3 -99-99.9-9.9-9.9
5299320131219 29.5  8.0  0.009999-99.9-29.7-99.9-99.9-9.9 99 6.5 23  0.7 -99-99.9-9.9-9.9
5299320131220 27.3 17.4  0.009999-99.9-29.9-99.9-99.9-9.9 99 6.7 28  0.9 -99-99.9-9.9-9.9
5299320131221 29.4  0.5  0.009999-99.9-29.2-99.9-99.9-9.9 99 4.2 16 -5.9 -99-99.9-9.9-9.9
5299320131222 28.8  1.7  0.009999-99.9-29.0-99.9-99.9-9.9 99 3.7 14 -6.8 -99-99.9-9.9-9.9
5299320131223 27.6  2.2  0.009999-99.9-29.4-99.9-99.9-9.9 99 7.0 29  1.6 -99-99.9-9.9-9.9
5299320131224 27.7  1.8  0.009999-99.9-29.1-99.9-99.9-9.9 99 6.1 25 -0.4 -99-99.9-9.9-9.9
5299320131225 24.1  5.7  0.009999-99.9-28.8-99.9-99.9-9.9 99 6.3 30  0.0 -99-99.9-9.9-9.9
5299320131226 22.8  8.7  0.009999-99.9-29.5-99.9-99.9-9.9 99 7.0 33  1.7 -99-99.9-9.9-9.9
5299320131227 23.2  6.4  0.009999-99.9-29.5-99.9-99.9-9.9 99 6.8 35  1.4 -99-99.9-9.9-9.9
5299320131228 23.1  2.4  0.009999-99.9-29.9-99.9-99.9-9.9 99 8.2 41  4.0 -99-99.9-9.9-9.9
5299320131229 22.4 13.0  0.009999-99.9-28.5-99.9-99.9-9.9 99 8.5 45  4.5 -99-99.9-9.9-9.9
5299320131230 18.3  8.8  0.009999-99.9-26.9-99.9-99.9-9.9 99 7.4 45  2.6 -99-99.9-9.9-9.9
5299320131231 21.9  6.2  0.009999-99.9-29.2-99.9-99.9-9.9 99 7.4 43  2.6 -99-99.9-9.9-9.9
5299320140101 17.2  5.9  0.009999-99.9-26.9-99.9-99.9-9.9 99 5.9 43 -0.6 -99-99.9-9.9-9.9
5299320140102 14.7  2.5  0.009999-99.9-29.9-99.9-99.9-9.9 99 4.7 36 -3.7 -99-99.9-9.9-9.9
5299320140103 21.0 -0.9  0.009999-99.9-29.9-99.9-99.9-9.9 99 5.7 35 -1.1 -99-99.9-9.9-9.9
5299320140104 22.2 10.3  0.009999-99.9-23.5-99.9-99.9-9.9 99 6.9 35  1.6 -99-99.9-9.9-9.9
5299320140105 27.7  3.6  0.009999-99.9-29.5-99.9-99.9-9.9 99 6.5 27  0.8 -99-99.9-9.9-9.9
5299320140106 23.4 13.4  0.009999-99.9-29.8-99.9-99.9-9.9 99 7.3 35  2.4 -99-99.9-9.9-9.9
5299320140107 22.8  6.2  0.009999-99.9-29.8-99.9-99.9-9.9 99 6.0 31 -0.3 -99-99.9-9.9-9.9
5299320140108 24.5  0.6  0.009999-99.9-29.9-99.9-99.9-9.9 99 7.2 37  2.2 -99-99.9-9.9-9.9
5299320140109 20.2 11.1  0.009999-99.9 -5.1-99.9-99.9-9.9 99 6.7 37  1.0 -99-99.9-9.9-9.9
5299320140110 21.7  6.9  0.009999-99.9-99.9-99.9-99.9-9.9 99 6.0 33 -0.3 -99-99.9-9.9-9.9
5299320140111 31.8  2.9  0.009999-99.9-28.3-99.9-99.9-9.9 99 7.3 29  2.5 -99-99.9-9.9-9.9
5299320140112 34.8  8.0  0.009999-99.9-29.8-99.9-99.9-9.9 99 6.5 19  0.6 -99-99.9-9.9-9.9
5299320140113 30.0  4.9  0.009999-99.9-25.3-99.9-99.9-9.9 99 7.9 28  3.3 -99-99.9-9.9-9.9
5299320140114 28.7 12.6  0.009999-99.9-29.9-99.9-99.9-9.9 99 9.4 35  6.0 -99-99.9-9.9-9.9
5299320140115 31.8  4.7  0.009999-99.9-29.5-99.9-99.9-9.9 99 5.7 19 -1.1 -99-99.9-9.9-9.9
5299320140116 30.9  6.6  0.009999-99.9-29.8-99.9-99.9-9.9 99 7.5 27  2.7 -99-99.9-9.9-9.9
5299320140117 30.9 10.0  0.009999-99.9-24.4-99.9-99.9-9.9 99 8.2 26  3.7 -99-99.9-9.9-9.9
5299320140118 28.5 13.9  0.009999-99.9-28.4-99.9-99.9-9.9 9910.0 33  6.9 -99-99.9-9.9-9.9
5299320140119 31.7  7.8  0.009999-99.9-30.0-99.9-99.9-9.9 99 7.9 28  3.5 -99-99.9-9.9-9.9
5299320140120 25.2 10.7  0.319999-99.9-29.3-99.9-99.9-9.9 99 8.8 38  5.2 -99-99.9-9.9-9.9
5299320140121 21.2  9.8  0.009999-99.9-99.9-99.9-99.9-9.9 99 9.0 49  5.3 -99-99.9-9.9-9.9
5299320140122 17.5  3.5  0.009999-99.9-10.9-99.9-99.9-9.9 99 6.8 49  1.5 -99-99.9-9.9-9.9
5299320140123 16.0  3.6  2.119999-99.9-30.0-99.9-99.9-9.9 99 5.9 41 -0.9 -99-99.9-9.9-9.9
5299320140124 21.2 -2.9  0.009999-99.9-29.4-99.9-99.9-9.9 99 6.5 50  0.8 -99-99.9-9.9-9.9
5299320140125 27.1 -1.4  0.009999-99.9-29.6-99.9-99.9-9.9 99 7.2 37  2.3 -99-99.9-9.9-9.9
5299320140126 24.2  8.1  0.009999-99.9-29.9-99.9-99.9-9.9 99 8.2 41  4.1 -99-99.9-9.9-9.9
5299320140127 23.5  7.0  0.009999-99.9-28.9-99.9-99.9-9.9 99 8.2 38  4.0 -99-99.9-9.9-9.9
5299320140128 26.6  5.3  0.009999-99.9-29.6-99.9-99.9-9.9 99 5.6 25 -1.5 -99-99.9-9.9-9.9
5299320140129 26.2 12.9  0.009999-99.9-30.0-99.9-99.9-9.9 99 9.3 39  5.8 -99-99.9-9.9-9.9
5299320140130 24.2 15.7  0.319999-99.9-99.9-99.9-99.9-9.9 99 9.7 38  5.9 -99-99.9-9.9-9.9
5299320140131 19.1  4.8  0.009999-99.9-29.9-99.9-99.9-9.9 99 6.2 39  0.3 -99-99.9-9.9-9.9
5299320140201 21.2  3.8  0.009999-99.9-29.9-99.9-99.9-9.9 99 7.0 41  1.9 -99-99.9-9.9-9.9
5299320140202 19.4  5.1  0.009999-99.9-27.2-99.9-99.9-9.9 99 6.7 39  1.1 -99-99.9-9.9-9.9
5299320140203 19.8  2.1  0.009999-99.9-26.8-99.9-99.9-9.9 99 6.7 45  1.3 -99-99.9-9.9-9.9
5299320140204 18.3  6.3  0.009999-99.9-22.7-99.9-99.9-9.9 99 8.3 56  4.3 -99-99.9-9.9-9.9
5299320140205 17.5  4.6  0.009999-99.9-22.7-99.9-99.9-9.9 99 5.8 41 -0.8 -99-99.9-9.9-9.9
5299320140206 21.9  7.2  0.009999-99.9-99.9-99.9-99.9-9.9 99 7.5 45  2.6 -99-99.9-9.9-9.9
5299320140207 23.5 12.2  0.009999-99.9-29.1-99.9-99.9-9.9 99 7.2 30  2.2 -99-99.9-9.9-9.9
5299320140208 22.8 12.4  0.009999-99.9-29.8-99.9-99.9-9.9 99 7.3 39  2.5 -99-99.9-9.9-9.9
5299320140209 27.1 -1.7  0.009999-99.9  1.2-99.9-99.9-9.9 99 7.8 41  3.1 -99-99.9-9.9-9.9
5299320140210 30.2  2.7  0.009999-99.9-99.9-99.9-99.9-9.9 99 8.7 35  4.8 -99-99.9-9.9-9.9
5299320140211 24.7 12.5  0.009999-99.9-29.3-99.9-99.9-9.9 99 7.9 32  3.1 -99-99.9-9.9-9.9
5299320140212 21.9  6.2  0.009999-99.9-10.2-99.9-99.9-9.9 99 4.9 30 -3.3 -99-99.9-9.9-9.9
5299320140213 27.2 -0.1  0.009999-99.9-99.9-99.9-99.9-9.9 99 4.0 18 -5.9 -99-99.9-9.9-9.9
5299320140214 26.5  2.7  0.009999-99.9-99.9-99.9-99.9-9.9 99 6.7 30  1.0 -99-99.9-9.9-9.9
5299320140215 26.8 16.0  0.009999-99.9-99.9-99.9-99.9-9.9 9911.1 46  8.4 -99-99.9-9.9-9.9
5299320140216 29.5  5.7  0.009999-99.9-99.9-99.9-99.9-9.9 9910.3 40  7.3 -99-99.9-9.9-9.9
5299320140217 31.6  7.3  0.009999-99.9-99.9-99.9-99.9-9.9 99 7.9 28  3.3 -99-99.9-9.9-9.9
5299320140218 25.7  9.1  0.009999-99.9-99.9-99.9-99.9-9.9 99 8.9 40  5.1 -99-99.9-9.9-9.9
5299320140219 24.2  1.1  0.009999-99.9-99.9-99.9-99.9-9.9 99 5.5 31 -1.5 -99-99.9-9.9-9.9
5299320140220 25.5  4.9  0.009999-99.9-99.9-99.9-99.9-9.9 99 6.7 34  1.3 -99-99.9-9.9-9.9
5299320140221 24.8  0.7  0.009999-99.9-99.9-99.9-99.9-9.9 99 7.3 42  2.4 -99-99.9-9.9-9.9
5299320140222 29.3  0.4  0.009999-99.9-99.9-99.9-99.9-9.9 99 8.0 37  3.6 -99-99.9-9.9-9.9
5299320140223 24.0 12.7  0.009999-99.9-99.9-99.9-99.9-9.9 99 8.1 40  3.7 -99-99.9-9.9-9.9
5299320140224 23.8  4.2  0.009999-99.9-99.9-99.9-99.9-9.9 99 6.3 38  0.1 -99-99.9-9.9-9.9
5299320140225 27.0  0.6  0.009999-99.9-99.9-99.9-99.9-9.9 99 6.0 31 -0.4 -99-99.9-9.9-9.9
5299320140226 29.6  3.6  0.009999-99.9-99.9-99.9-99.9-9.9 99 7.4 30  2.5 -99-99.9-9.9-9.9
5299320140227 24.6  5.9  0.009999-99.9-99.9-99.9-99.9-9.9 99 8.0 44  3.8 -99-99.9-9.9-9.9
5299320140228 23.2  9.1  0.009999-99.9-99.9-99.9-99.9-9.9 99 7.0 36  1.9 -99-99.9-9.9-9.9
5299320140301 28.8  2.0  0.009999-99.9-99.9-99.9-99.9-9.9 99 6.1 29 -0.5 -99-99.9-9.9-9.9
5299320140302 31.4  1.8  0.009999-99.9-99.9-99.9-99.9-9.9 99 5.2 21 -2.4 -99-99.9-9.9-9.9
5299320140303 33.3  5.5  0.009999-99.9-99.9-99.9-99.9-9.9 99 6.0 23 -0.4 -99-99.9-9.9-9.9
5299320140304 23.9  1.2  0.009999-99.9-99.9-99.9-99.9-9.9 99 6.3 41  0.0 -99-99.9-9.9-9.9
5299320140305 20.4  3.1  0.009999-99.9-99.9-99.9-99.9-9.9 99 6.5 46  0.7 -99-99.9-9.9-9.9
5299320140306 23.2 -0.5  0.009999-99.9-99.9-99.9-99.9-9.9 99 7.1 44  2.0 -99-99.9-9.9-9.9
5299320140307 23.2  0.4  0.009999-99.9-99.9-99.9-99.9-9.9 99 6.3 40  0.3 -99-99.9-9.9-9.9
5299320140308 21.7  8.3  0.009999-99.9-99.9-99.9-99.9-9.9 99 6.8 46  1.3 -99-99.9-9.9-9.9
5299320140309 17.4  4.2  0.009999-99.9-99.9-99.9-99.9-9.9 99 5.2 39 -2.3 -99-99.9-9.9-9.9
5299320140310 22.2  7.5  0.009999-99.9-99.9-99.9-99.9-9.9 99 7.6 48  2.8 -99-99.9-9.9-9.9
5299320140311 22.4 10.7  0.009999-99.9-99.9-99.9-99.9-9.9 99 8.4 42  4.4 -99-99.9-9.9-9.9
5299320140312 18.5  6.3  0.009999-99.9-99.9-99.9-99.9-9.9 99 6.6 45  0.9 -99-99.9-9.9-9.9
5299320140313 24.1 -7.9  0.009999-99.9-99.9-99.9-99.9-9.9 99 4.0 32 -6.3 -99-99.9-9.9-9.9
5299320140314 21.5  7.6  0.009999-99.9-99.9-99.9-99.9-9.9 99 6.3 44  0.3 -99-99.9-9.9-9.9
5299320140315 14.8 -4.8  2.619999-99.9-99.9-99.9-99.9-9.9 99 7.2 67  1.9 -99-99.9-9.9-9.9
5299320140316 14.2  6.1  5.519999-99.9-99.9-99.9-99.9-9.9 99 9.5 85  6.2 -99-99.9-9.9-9.9
5299320140317 17.7  5.2  0.009999-99.9-99.9-99.9-99.9-9.9 99 8.9 70  5.1 -99-99.9-9.9-9.9
5299320140318 20.2 -0.6  0.009999-99.9-99.9-99.9-99.9-9.9 99 6.8 58  1.5 -99-99.9-9.9-9.9
5299320140319 23.9 -2.1  0.009999-99.9-99.9-99.9-99.9-9.9 99 7.7 54  3.0 -99-99.9-9.9-9.9
5299320140320 16.9  7.1  0.009999-99.9-99.9-99.9-99.9-9.9 99 6.4 46 -0.1 -99-99.9-9.9-9.9
5299320140321 19.5 -5.1  0.009999-99.9-99.9-99.9-99.9-9.9 99 5.2 45 -2.3 -99-99.9-9.9-9.9
5299320140322 26.8 -0.1  0.009999-99.9-99.9-99.9-99.9-9.9 99 6.7 45  1.1 -99-99.9-9.9-9.9
5299320140323 21.6 12.2  0.009999-99.9-99.9-99.9-99.9-9.9 99 6.1 33 -0.6 -99-99.9-9.9-9.9
5299320140324 21.9 -5.8  0.009999-99.9-99.9-99.9-99.9-9.9 99 3.9 36 -6.0 -99-99.9-9.9-9.9
5299320140325 25.3 -5.8  0.009999-99.9-99.9-99.9-99.9-9.9 99 3.8 33 -6.5 -99-99.9-9.9-9.9
5299320140326 29.2 -2.8  0.009999-99.9-99.9-99.9-99.9-9.9 99 5.0 31 -3.1 -99-99.9-9.9-9.9
5299320140327 26.3 -2.3  0.009999-99.9-28.8-99.9-99.9-9.9 99 6.3 38  0.2 -99-99.9-9.9-9.9
5299320140328 21.4  8.6  2.719999-99.9-29.8-99.9-99.9-9.9 9910.4 66  7.3 -99-99.9-9.9-9.9
5299320140329 16.8  5.3  4.119999-99.9-99.9-99.9-99.9-9.9 99 6.8 60  1.3 -99-99.9-9.9-9.9
5299320140330  7.7 -0.8  2.419999-99.9-30.0-99.9-99.9-9.9 99 6.8 79  1.5 -99-99.9-9.9-9.9
5299320140331 12.0  0.4  0.009999-99.9-99.9-99.9-99.9-9.9 99 6.1 64 -0.2 -99-99.9-9.9-9.9
5299320140401 18.0 -7.0  0.009999-99.9-30.0-99.9-99.9-9.9 99 5.8 65 -1.1 -99-99.9-9.9-9.9
5299320140402 17.8  7.1  0.009999-99.9-99.9-99.9-99.9-9.9 9910.0 70  6.8 -99-99.9-9.9-9.9
5299320140403 20.0  7.3  0.009999-99.9 -2.7-99.9-99.9-9.9 9910.5 76  7.5 -99-99.9-9.9-9.9
5299320140404 16.1  4.5  9.319999-99.9-99.9-99.9-99.9-9.9 9911.8 87  9.2 -99-99.9-9.9-9.9
5299320140405 17.9 10.9  0.009999-99.9-99.9-99.9-99.9-9.9 9913.1 89 10.9 -99-99.9-9.9-9.9
5299320140406 21.1  2.5  0.009999-99.9-29.7-99.9-99.9-9.9 9911.4 74  8.7 -99-99.9-9.9-9.9
5299320140407 20.4  7.6 19.519999-99.9-99.9-99.9-99.9-9.9 9913.7 84 11.6 -99-99.9-9.9-9.9
5299320140408 18.9 10.5  0.009999-99.9-99.9-99.9-99.9-9.9 9911.7 80  9.2 -99-99.9-9.9-9.9
5299320140409 15.1  4.6  0.009999-99.9-99.9-99.9-99.9-9.9 99 8.0 70  3.6 -99-99.9-9.9-9.9
5299320140410 14.9  5.8  0.009999-99.9-99.9-99.9-99.9-9.9 99 7.5 62  2.8 -99-99.9-9.9-9.9
5299320140411 11.1  1.9  2.819999-99.9-99.9-99.9-99.9-9.9 99 6.7 71  1.0 -99-99.9-9.9-9.9
5299320140412 11.9 -5.7  0.009999-99.9-99.9-99.9-99.9-9.9 99 5.4 76 -1.8 -99-99.9-9.9-9.9
5299320140413 16.0 -5.3  0.009999-99.9-99.9-99.9-99.9-9.9 99 7.1 75  1.5 -99-99.9-9.9-9.9
5299320140414 21.1 -1.5  0.009999-99.9-99.9-99.9-99.9-9.9 99 8.9 67  5.1 -99-99.9-9.9-9.9
5299320140415 17.9  9.3  2.819999-99.9-99.9-99.9-99.9-9.9 99 7.3 39  2.2 -99-99.9-9.9-9.9
5299320140416 12.4  0.9  0.009999-99.9-99.9-99.9-99.9-9.9 99 6.1 59 -0.1 -99-99.9-9.9-9.9
5299320140417 12.1 -0.2  0.009999-99.9-99.9-99.9-99.9-9.9 99 5.2 52 -2.4 -99-99.9-9.9-9.9
5299320140418 11.1  4.5  0.009999-99.9-99.9-99.9-99.9-9.9 99 5.2 51 -2.7 -99-99.9-9.9-9.9
5299320140419 14.2 -7.0  0.009999-99.9-99.9-99.9-99.9-9.9 99 3.9 55 -6.2 -99-99.9-9.9-9.9
5299320140420 13.1 -8.1  0.009999-99.9-99.9-99.9-99.9-9.9 99 4.5 61 -4.4 -99-99.9-9.9-9.9
5299320140421 18.6 -1.0  0.009999-99.9-99.9-99.9-99.9-9.9 99 7.5 69  2.6 -99-99.9-9.9-9.9
5299320140422 18.0 -4.2  0.009999-99.9-99.9-99.9-99.9-9.9 99 7.1 74  1.8 -99-99.9-9.9-9.9
5299320140423 20.0 -4.4  0.009999-99.9-99.9-99.9-99.9-9.9 99 6.6 69  1.0 -99-99.9-9.9-9.9
5299320140424 19.1 -3.1  0.009999-99.9-99.9-99.9-99.9-9.9 99 7.7 75  2.8 -99-99.9-9.9-9.9
5299320140425 21.3  0.7  0.009999-99.9-99.9-99.9-99.9-9.9 99 9.5 73  6.0 -99-99.9-9.9-9.9
5299320140426 16.2  1.4  0.009999-99.9-99.9-99.9-99.9-9.9 99 8.5 69  4.4 -99-99.9-9.9-9.9
5299320140427 12.5 -2.7  0.009999-99.9-99.9-99.9-99.9-9.9 99 5.6 60 -1.3 -99-99.9-9.9-9.9
5299320140428 12.9 -4.4  0.009999-99.9-99.9-99.9-99.9-9.9 99 4.8 66 -3.4 -99-99.9-9.9-9.9
5299320140429 17.4 -6.7  0.009999-99.9-99.9-99.9-99.9-9.9 99 5.7 64 -1.4 -99-99.9-9.9-9.9
5299320140430 16.9  6.8  0.009999-99.9-99.9-99.9-99.9-9.9 99 7.8 55  3.1 -99-99.9-9.9-9.9
5299320140501  9.7 -5.5  0.009999-99.9-99.9-99.9-99.9-9.9 99 4.4 66 -4.5 -99-99.9-9.9-9.9
5299320140502 12.7 -9.7  0.009999-99.9-99.9-99.9-99.9-9.9 99 4.8 66 -3.7 -99-99.9-9.9-9.9
5299320140503 16.9  3.5  3.219999-99.9-99.9-99.9-99.9-9.9 99 7.5 65  2.6 -99-99.9-9.9-9.9
5299320140504 11.6  4.1  0.619999-99.9-99.9-99.9-99.9-9.9 99 6.9 70  1.6 -99-99.9-9.9-9.9
5299320140505 15.2  3.3  2.519999-99.9-99.9-99.9-99.9-9.9 99 6.8 60  1.4 -99-99.9-9.9-9.9
5299320140506 10.3  3.2 14.819999-99.9-99.9-99.9-99.9-9.9 99 8.1 99  3.9 -99-99.9-9.9-9.9
5299320140507 11.3 -0.2  0.009999-99.9-99.9-99.9-99.9-9.9 99 8.3 95  4.0 -99-99.9-9.9-9.9
5299320140508 15.4  1.3  0.009999-99.9-99.9-99.9-99.9-9.9 9910.2 85  7.0 -99-99.9-9.9-9.9
5299320140509 17.2  4.4  0.009999-99.9-99.9-99.9-99.9-9.9 99 9.5 77  6.0 -99-99.9-9.9-9.9
5299320140510 12.6 -4.8  0.009999-99.9-99.9-99.9-99.9-9.9 99 5.4 77 -1.7 -99-99.9-9.9-9.9
5299320140511 12.0 -8.2  0.009999-99.9-99.9-99.9-99.9-9.9 99 5.4 81 -2.1 -99-99.9-9.9-9.9
5299320140512 13.5  1.7  0.009999-99.9-99.9-99.9-99.9-9.9 99 5.7 53 -1.1 -99-99.9-9.9-9.9
5299320140513 12.7 -1.8  0.009999-99.9-99.9-99.9-99.9-9.9 99 4.7 56 -3.5 -99-99.9-9.9-9.9
5299320140514 12.0 -4.1  0.009999-99.9-99.9-99.9-99.9-9.9 99 4.9 76 -2.9 -99-99.9-9.9-9.9
5299320140515 10.8 -7.4  2.119999-99.9-99.9-99.9-99.9-9.9 99 6.4 80 -0.1 -99-99.9-9.9-9.9
5299320140516  9.9  0.4  0.009999-99.9-99.9-99.9-99.9-9.9 99 6.6 71  0.9 -99-99.9-9.9-9.9
5299320140517 11.3 -6.8  5.419999-99.9-99.9-99.9-99.9-9.9 99 5.4 84 -1.9 -99-99.9-9.9-9.9
5299320140518  5.6 -3.0 10.119999-99.9-99.9-99.9-99.9-9.9 99 7.2 93  2.2 -99-99.9-9.9-9.9
5299320140519  4.3  0.9  9.619999-99.9-99.9-99.9-99.9-9.9 99 7.5100  2.8 -99-99.9-9.9-9.9
5299320140520  6.7  3.1  0.319999-99.9-99.9-99.9-99.9-9.9 99 8.3100  4.3 -99-99.9-9.9-9.9
5299320140521  7.1  2.7  0.009999-99.9-99.9-99.9-99.9-9.9 99 7.6 92  3.0 -99-99.9-9.9-9.9
5299320140522  4.8 -6.0  0.009999-99.9-99.9-99.9-99.9-9.9 99 5.1 89 -2.5 -99-99.9-9.9-9.9
5299320140523  6.9 -7.6  0.009999-99.9-99.9-99.9-99.9-9.9 99 4.8 88 -3.3 -99-99.9-9.9-9.9
5299320140524  7.9 -6.4  0.009999-99.9-99.9-99.9-99.9-9.9 99 5.6 73 -1.5 -99-99.9-9.9-9.9
5299320140525 12.8  2.2  0.009999-99.9-99.9-99.9-99.9-9.9 99 6.0 55 -0.2 -99-99.9-9.9-9.9
5299320140526 10.8  4.0  0.009999-99.9-99.9-99.9-99.9-9.9 99 7.2 73  2.3 -99-99.9-9.9-9.9
5299320140527 14.2  3.1  0.009999-99.9-99.9-99.9-99.9-9.9 99 8.0 75  3.8 -99-99.9-9.9-9.9
5299320140528 15.3  2.1  0.009999-99.9-99.9-99.9-99.9-9.9 99 7.8 59  3.4 -99-99.9-9.9-9.9
5299320140529 12.4  3.3  0.009999-99.9-99.9-99.9-99.9-9.9 99 7.3 65  2.5 -99-99.9-9.9-9.9
5299320140530 12.4  2.4  0.009999-99.9-99.9-99.9-99.9-9.9 99 6.6 62  1.1 -99-99.9-9.9-9.9
5299320140531 15.4  5.5  0.009999-99.9-99.9-99.9-99.9-9.9 99 7.9 62  3.5 -99-99.9-9.9-9.9
5299320140601 12.6  4.3  2.119999-99.9-99.9-99.9-99.9-9.9 99 7.5 73  2.9 -99-99.9-9.9-9.9
5299320140602  7.6  2.6  0.319999-99.9-99.9-99.9-99.9-9.9 99 8.3 98  4.3 -99-99.9-9.9-9.9
5299320140603  9.5 -0.6  0.009999-99.9-99.9-99.9-99.9-9.9 99 6.5 80  0.7 -99-99.9-9.9-9.9
5299320140604  5.1 -1.2  0.009999-99.9-99.9-99.9-99.9-9.9 99 5.3 83 -1.9 -99-99.9-9.9-9.9
5299320140605  6.3 -9.7  0.009999-99.9-99.9-99.9-99.9-9.9 99 4.6 80 -4.1 -99-99.9-9.9-9.9
5299320140606  5.8 -5.6  0.009999-99.9-99.9-99.9-99.9-9.9 99 5.5 87 -1.5 -99-99.9-9.9-9.9
5299320140607  7.8 -5.0  0.009999-99.9-99.9-99.9-99.9-9.9 99 5.7 83 -1.1 -99-99.9-9.9-9.9
5299320140608  6.2 -2.5  1.919999-99.9-99.9-99.9-99.9-9.9 99 6.6 95  0.9 -99-99.9-9.9-9.9
5299320140609 14.4  1.5  0.009999-99.9-99.9-99.9-99.9-9.9 99 6.7 57  1.3 -99-99.9-9.9-9.9
5299320140610 11.2  2.8  1.719999-99.9-99.9-99.9-99.9-9.9 99 6.7 71  1.2 -99-99.9-9.9-9.9
5299320140611  8.6 -0.3  0.009999-99.9-99.9-99.9-99.9-9.9 99 6.2 77 -0.2 -99-99.9-9.9-9.9
5299320140612  7.6 -6.6  0.009999-99.9-99.9-99.9-99.9-9.9 99 4.7 82 -3.6 -99-99.9-9.9-9.9
5299320140613  6.4 -7.2  1.519999-99.9-99.9-99.9-99.9-9.9 99 4.9 78 -3.1 -99-99.9-9.9-9.9
5299320140614  8.0 -3.4  0.819999-99.9-99.9-99.9-99.9-9.9 99 6.9 92  1.5 -99-99.9-9.9-9.9
5299320140615 11.2  1.1  0.009999-99.9-99.9-99.9-99.9-9.9 99 6.8 76  1.5 -99-99.9-9.9-9.9
5299320140616  8.5 -4.3  0.009999-99.9-99.9-99.9-99.9-9.9 99 5.5 69 -1.6 -99-99.9-9.9-9.9
5299320140617  6.7 -9.3  0.009999-99.9-99.9-99.9-99.9-9.9 99 4.5 90 -4.4 -99-99.9-9.9-9.9
5299320140618  7.3-10.1  0.009999-99.9-99.9-99.9-99.9-9.9 99 4.3 86 -5.1 -99-99.9-9.9-9.9
5299320140619 11.7 -8.3  0.009999-99.9-99.9-99.9-99.9-9.9 99 4.7 84 -3.8 -99-99.9-9.9-9.9
5299320140620  9.9 -7.5  0.009999-99.9-99.9-99.9-99.9-9.9 99 5.2 85 -2.7 -99-99.9-9.9-9.9
5299320140621  8.1 -1.4  3.319999-99.9-99.9-99.9-99.9-9.9 99 7.1 95  2.1 -99-99.9-9.9-9.9
5299320140622  7.3 -0.2  1.519999-99.9-99.9-99.9-99.9-9.9 99 7.7 99  3.0 -99-99.9-9.9-9.9
5299320140623  8.1 -1.8  0.009999-99.9-99.9-99.9-99.9-9.9 99 5.8 74 -0.7 -99-99.9-9.9-9.9
5299320140624  8.5 -4.0  0.009999-99.9-99.9-99.9-99.9-9.9 99 5.4 61 -1.8 -99-99.9-9.9-9.9
5299320140625 10.0 -3.3  0.009999-99.9-99.9-99.9-99.9-9.9 99 5.4 71 -1.7 -99-99.9-9.9-9.9
5299320140626  8.9 -2.9  0.009999-99.9-99.9-99.9-99.9-9.9 99 6.1 76 -0.1 -99-99.9-9.9-9.9
5299320140627  8.8 -0.7  0.009999-99.9-99.9-99.9-99.9-9.9 99 6.5 92  0.7 -99-99.9-9.9-9.9
5299320140628 11.4 -7.7  0.009999-99.9-99.9-99.9-99.9-9.9 99 5.1 84 -2.7 -99-99.9-9.9-9.9
5299320140629 10.2 -4.2  0.009999-99.9-99.9-99.9-99.9-9.9 99 6.0 79 -0.4 -99-99.9-9.9-9.9
5299320140630 14.1 -1.5  0.009999-99.9-99.9-99.9-99.9-9.9 99 7.3 68  2.3 -99-99.9-9.9-9.9
5299320140701  8.1  3.3  0.319999-99.9-99.9-99.9-99.9-9.9 99 7.4 85  2.5 -99-99.9-9.9-9.9
5299320140702  5.9 -4.6  0.009999-99.9-99.9-99.9-99.9-9.9 99 5.1 85 -2.6 -99-99.9-9.9-9.9
5299320140703  5.1 -8.8  0.009999-99.9-99.9-99.9-99.9-9.9 99 4.8 89 -3.5 -99-99.9-9.9-9.9
5299320140704  5.3 -3.0  0.009999-99.9-99.9-99.9-99.9-9.9 99 5.3 87 -2.0 -99-99.9-9.9-9.9
5299320140705  1.6-10.7  0.009999-99.9-99.9-99.9-99.9-9.9 99 4.7 97 -3.9 -99-99.9-9.9-9.9
5299320140706 12.7 -3.6  0.319999-99.9-99.9-99.9-99.9-9.9 99 6.3 66  0.3 -99-99.9-9.9-9.9
5299320140707  8.5 -5.0  0.009999-99.9-99.9-99.9-99.9-9.9 99 3.8 63 -6.4 -99-99.9-9.9-9.9
5299320140708  8.0-11.7  0.009999-99.9-99.9-99.9-99.9-9.9 99 3.8 79 -6.4 -99-99.9-9.9-9.9
5299320140709  7.6 -9.7  0.009999-99.9-99.9-99.9-99.9-9.9 99 4.0 82 -5.8 -99-99.9-9.9-9.9
5299320140710 10.1 -7.3  0.009999-99.9-99.9-99.9-99.9-9.9 99 5.9 82 -0.6 -99-99.9-9.9-9.9
5299320140711  9.6 -7.6  0.009999-99.9-99.9-99.9-99.9-9.9 99 5.2 90 -2.5 -99-99.9-9.9-9.9
5299320140712  9.4 -9.5  0.009999-99.9-99.9-99.9-99.9-9.9 99 4.9 86 -3.5 -99-99.9-9.9-9.9
5299320140713 12.0 -5.6  0.009999-99.9-99.9-99.9-99.9-9.9 99 6.0 70 -0.4 -99-99.9-9.9-9.9
5299320140714 11.2  3.4  0.009999-99.9-99.9-99.9-99.9-9.9 99 7.8 81  3.4 -99-99.9-9.9-9.9
5299320140715 10.8 -1.2  0.009999-99.9-99.9-99.9-99.9-9.9 99 6.7 81  1.3 -99-99.9-9.9-9.9
5299320140716  9.1 -2.9  0.009999-99.9-99.9-99.9-99.9-9.9 99 6.2 92  0.0 -99-99.9-9.9-9.9
5299320140717  5.8 -9.5  0.009999-99.9-99.9-99.9-99.9-9.9 99 5.7 92 -1.6 -99-99.9-9.9-9.9
5299320140718 17.1  3.3  0.009999-99.9-99.9-99.9-99.9-9.9 99 8.8 74  5.1 -99-99.9-9.9-9.9
5299320140719 16.2  6.7  0.009999-99.9-99.9-99.9-99.9-9.9 99 8.7 75  5.0 -99-99.9-9.9-9.9
5299320140720 13.3  0.5  0.009999-99.9-99.9-99.9-99.9-9.9 99 7.8 76  3.3 -99-99.9-9.9-9.9
5299320140721 11.7 -6.2  0.009999-99.9-99.9-99.9-99.9-9.9 99 5.1 68 -2.5 -99-99.9-9.9-9.9
5299320140722  8.8 -5.7  0.009999-99.9-99.9-99.9-99.9-9.9 99 4.7 69 -3.6 -99-99.9-9.9-9.9
5299320140723  9.5 -1.5  0.009999-99.9-99.9-99.9-99.9-9.9 99 4.5 50 -4.1 -99-99.9-9.9-9.9
5299320140724  7.8 -0.8  0.009999-99.9-99.9-99.9-99.9-9.9 99 5.2 69 -2.4 -99-99.9-9.9-9.9
5299320140725  2.3-10.9  0.009999-99.9-99.9-99.9-99.9-9.9 99 3.4 80 -8.2 -99-99.9-9.9-9.9
5299320140726  3.3-15.3  0.009999-99.9-99.9-99.9-99.9-9.9 99 3.0 75 -9.7 -99-99.9-9.9-9.9
5299320140727  1.4 -5.4 18.919999-99.9-99.9-99.9-99.9-9.9 99 5.7100 -1.3 -99-99.9-9.9-9.9
5299320140728 10.1  0.0  0.009999-99.9-99.9-99.9-99.9-9.9 99 7.0 82  1.8 -99-99.9-9.9-9.9
5299320140729 11.2 -4.0  0.009999-99.9-99.9-99.9-99.9-9.9 99 6.5 85  0.7 -99-99.9-9.9-9.9
5299320140730 10.1  1.6  0.619999-99.9-99.9-99.9-99.9-9.9 99 7.0 76  1.8 -99-99.9-9.9-9.9
5299320140731 12.2  3.4  0.319999-99.9-99.9-99.9-99.9-9.9 99 8.8 86  5.1 -99-99.9-9.9-9.9
5299320140801  9.6  0.5 14.719999-99.9-99.9-99.9-99.9-9.9 99 8.8 91  5.0 -99-99.9-9.9-9.9
5299320140802  9.8  3.0  0.009999-99.9-99.9-99.9-99.9-9.9 99 7.9 84  3.4 -99-99.9-9.9-9.9
5299320140803  8.8  0.4  0.009999-99.9-99.9-99.9-99.9-9.9 99 5.6 67 -1.1 -99-99.9-9.9-9.9
5299320140804 10.0 -1.1  0.009999-99.9-99.9-99.9-99.9-9.9 99 5.5 65 -1.5 -99-99.9-9.9-9.9
5299320140805  9.1  1.2  3.119999-99.9-99.9-99.9-99.9-9.9 99 6.8 79  1.4 -99-99.9-9.9-9.9
5299320140806 10.4 -1.5  0.009999-99.9-99.9-99.9-99.9-9.9 99 5.9 72 -0.7 -99-99.9-9.9-9.9
5299320140807 11.8  0.1  0.009999-99.9-99.9-99.9-99.9-9.9 99 6.3 61  0.3 -99-99.9-9.9-9.9
5299320140808 13.9  2.1  0.009999-99.9-99.9-99.9-99.9-9.9 99 5.9 55 -0.5 -99-99.9-9.9-9.9
5299320140809 10.6  1.6  0.009999-99.9-99.9-99.9-99.9-9.9 99 5.8 58 -1.0 -99-99.9-9.9-9.9
5299320140810  8.9  0.5  0.009999-99.9-99.9-99.9-99.9-9.9 99 4.8 55 -3.2 -99-99.9-9.9-9.9
5299320140811 10.0  0.7  0.009999-99.9-99.9-99.9-99.9-9.9 99 5.3 62 -2.0 -99-99.9-9.9-9.9
5299320140812 10.2 -0.8  0.009999-99.9-99.9-99.9-99.9-9.9 99 4.2 47 -5.0 -99-99.9-9.9-9.9
5299320140813  5.1 -1.4  0.009999-99.9-99.9-99.9-99.9-9.9 99 4.6 64 -4.0 -99-99.9-9.9-9.9
5299320140814 11.4 -8.3  0.009999-99.9-99.9-99.9-99.9-9.9 99 4.3 66 -4.8 -99-99.9-9.9-9.9
5299320140815 16.0 -4.3  0.009999-99.9-99.9-99.9-99.9-9.9 99 4.6 49 -4.2 -99-99.9-9.9-9.9
5299320140816 17.0  2.2  0.319999-99.9-99.9-99.9-99.9-9.9 99 7.8 62  3.3 -99-99.9-9.9-9.9
5299320140817 19.2  4.9  0.319999-99.9-99.9-99.9-99.9-9.9 9910.2 65  7.2 -99-99.9-9.9-9.9
5299320140818 20.2  4.4  0.009999-99.9-99.9-99.9-99.9-9.9 99 9.3 63  5.9 -99-99.9-9.9-9.9
5299320140819 17.8  3.4  0.009999-99.9-99.9-99.9-99.9-9.9 99 7.1 59  2.0 -99-99.9-9.9-9.9
5299320140820 16.5  3.5  0.009999-99.9-99.9-99.9-99.9-9.9 99 7.8 66  3.3 -99-99.9-9.9-9.9
5299320140821 16.9 -2.7  0.009999-99.9-99.9-99.9-99.9-9.9 99 6.2 70  0.2 -99-99.9-9.9-9.9
5299320140822 14.1  0.6  0.009999-99.9-99.9-99.9-99.9-9.9 99 7.4 68  2.6 -99-99.9-9.9-9.9
5299320140823 16.1  1.1  0.319999-99.9-99.9-99.9-99.9-9.9 99 8.5 82  4.5 -99-99.9-9.9-9.9
5299320140824  7.9  2.7  1.219999-99.9-29.8-99.9-99.9-9.9 99 7.5 86  2.8 -99-99.9-9.9-9.9
5299320140825 11.8 -6.7  0.319999-99.9-99.9-99.9-99.9-9.9 99 5.9 87 -0.7 -99-99.9-9.9-9.9
5299320140826 14.2 -7.4  0.009999-99.9  9.9-99.9-99.9-9.9 99 5.0 72 -2.9 -99-99.9-9.9-9.9
5299320140827 14.2 -7.8  0.009999-99.9  6.8-99.9-99.9-9.9 99 4.8 68 -3.5 -99-99.9-9.9-9.9
5299320140828 15.1 -7.1  0.009999-99.9 -1.8-99.9-99.9-9.9 99 5.4 76 -1.9 -99-99.9-9.9-9.9
5299320140829 17.0 -4.0  0.009999-99.9 -4.0-99.9-99.9-9.9 99 6.3 70  0.2 -99-99.9-9.9-9.9
5299320140830 17.5  2.9  0.009999-99.9 -6.5-99.9-99.9-9.9 99 7.1 62  1.9 -99-99.9-9.9-9.9
5299320140831 16.7 -4.2  0.619999-99.9 -9.5-99.9-99.9-9.9 99 5.7 64 -1.1 -99-99.9-9.9-9.9
5299320140901 13.1  3.5  1.519999-99.9-11.0-99.9-99.9-9.9 99 8.8 84  4.9 -99-99.9-9.9-9.9
5299320140902 17.0  2.4 12.019999-99.9-10.4-99.9-99.9-9.9 99 8.2 65  4.1 -99-99.9-9.9-9.9
5299320140903 15.6  3.4  1.119999-99.9-11.0-99.9-99.9-9.9 99 9.1 80  5.5 -99-99.9-9.9-9.9
5299320140904 11.4 -2.6  0.919999-99.9-11.0-99.9-99.9-9.9 99 8.0 93  3.5 -99-99.9-9.9-9.9
5299320140905 11.8  5.8  2.619999-99.9-10.7-99.9-99.9-9.9 99 9.6 87  6.3 -99-99.9-9.9-9.9
5299320140906 13.0 -1.3  0.009999-99.9-10.2-99.9-99.9-9.9 99 7.7 79  3.0 -99-99.9-9.9-9.9
5299320140907 13.5 -0.2  0.919999-99.9-12.4-99.9-99.9-9.9 99 6.8 71  1.3 -99-99.9-9.9-9.9
5299320140908 12.9 -2.4  0.619999-99.9-12.3-99.9-99.9-9.9 99 6.9 82  1.5 -99-99.9-9.9-9.9
5299320140909  9.9  1.9  0.009999-99.9-12.6-99.9-99.9-9.9 99 5.4 57 -1.7 -99-99.9-9.9-9.9
5299320140910  7.6  0.8  0.009999-99.9-15.4-99.9-99.9-9.9 99 5.3 63 -1.8 -99-99.9-9.9-9.9
5299320140911 14.4 -5.1  0.009999-99.9-16.4-99.9-99.9-9.9 99 5.0 58 -2.8 -99-99.9-9.9-9.9
5299320140912 15.2  3.2  0.009999-99.9-17.2-99.9-99.9-9.9 99 5.2 48 -2.3 -99-99.9-9.9-9.9
5299320140913 17.9 -5.9  0.009999-99.9-17.3-99.9-99.9-9.9 99 5.2 55 -2.4 -99-99.9-9.9-9.9
5299320140914 15.6  0.4  0.009999-99.9-19.1-99.9-99.9-9.9 99 4.9 45 -2.9 -99-99.9-9.9-9.9
5299320140915 11.9 -0.1  0.009999-99.9-18.1-99.9-99.9-9.9 99 5.6 64 -1.2 -99-99.9-9.9-9.9
5299320140916 17.5 -1.5  0.009999-99.9-17.6-99.9-99.9-9.9 99 5.5 45 -1.6 -99-99.9-9.9-9.9
5299320140917 16.7 -7.2  0.009999-99.9-16.4-99.9-99.9-9.9 99 4.8 46 -3.3 -99-99.9-9.9-9.9
5299320140918 17.0  7.0  0.009999-99.9-16.6-99.9-99.9-9.9 99 7.3 58  2.4 -99-99.9-9.9-9.9
5299320140919 17.2  4.6  0.819999-99.9-18.3-99.9-99.9-9.9 99 8.2 73  4.0 -99-99.9-9.9-9.9
5299320140920 18.6  0.0  1.819999-99.9-17.6-99.9-99.9-9.9 99 8.4 65  4.3 -99-99.9-9.9-9.9
5299320140921 15.1  5.9  0.319999-99.9-17.2-99.9-99.9-9.9 99 6.8 57  1.2 -99-99.9-9.9-9.9
5299320140922 12.7  0.8  0.009999-99.9-15.5-99.9-99.9-9.9 99 5.4 48 -1.6 -99-99.9-9.9-9.9
5299320140923 11.7  1.9  2.819999-99.9-16.3-99.9-99.9-9.9 99 6.4 68  0.6 -99-99.9-9.9-9.9
5299320140924 11.5  0.2  0.009999-99.9-16.4-99.9-99.9-9.9 99 5.1 51 -2.4 -99-99.9-9.9-9.9
5299320140925  9.6 -3.6  0.009999-99.9-16.8-99.9-99.9-9.9 99 4.7 50 -3.8 -99-99.9-9.9-9.9
5299320140926 12.6-10.0  0.009999-99.9-16.1-99.9-99.9-9.9 99 4.5 60 -4.2 -99-99.9-9.9-9.9
5299320140927 10.9 -4.5  0.009999-99.9-16.6-99.9-99.9-9.9 99 6.7 82  1.0 -99-99.9-9.9-9.9
5299320140928 16.1  3.4  0.009999-99.9-18.1-99.9-99.9-9.9 99 7.0 60  1.5 -99-99.9-9.9-9.9
5299320140929 13.9 -7.3  0.619999-99.9-18.5-99.9-99.9-9.9 99 5.4 57 -1.9 -99-99.9-9.9-9.9
5299320140930 14.7  0.9  0.009999-99.9-18.7-99.9-99.9-9.9 99 7.0 66  1.7 -99-99.9-9.9-9.9
5299320141001 20.8 -1.6  0.009999-99.9-18.7-99.9-99.9-9.9 99 6.8 47  1.4 -99-99.9-9.9-9.9
5299320141002 19.8  2.1  0.319999-99.9-18.0-99.9-99.9-9.9 99 8.4 59  4.4 -99-99.9-9.9-9.9
5299320141003 15.0  3.4  0.009999-99.9-17.8-99.9-99.9-9.9 99 9.2 77  5.8 -99-99.9-9.9-9.9
5299320141004 20.2 -1.6  0.009999-99.9-18.2-99.9-99.9-9.9 99 7.9 54  3.4 -99-99.9-9.9-9.9
5299320141005 23.4 -2.6  0.009999-99.9-21.6-99.9-99.9-9.9 99 6.7 52  1.2 -99-99.9-9.9-9.9
5299320141006 21.7 -4.0  0.009999-99.9-29.5-99.9-99.9-9.9 99 7.0 53  1.6 -99-99.9-9.9-9.9
5299320141007 16.6  5.9  0.009999-99.9-99.9-99.9-99.9-9.9 99 6.4 47 -0.2 -99-99.9-9.9-9.9
5299320141008 14.0 -6.7  0.319999-99.9-99.9-99.9-99.9-9.9 99 4.7 55 -3.9 -99-99.9-9.9-9.9
5299320141009 14.7  2.3  0.009999-99.9-99.9-99.9-99.9-9.9 99 5.8 57 -1.0 -99-99.9-9.9-9.9
5299320141010 16.5 -6.0  0.009999-99.9-99.9-99.9-99.9-9.9 99 5.1 48 -2.4 -99-99.9-9.9-9.9
5299320141011 15.1 -1.3  0.009999-99.9-99.9-99.9-99.9-9.9 99 5.2 43 -2.3 -99-99.9-9.9-9.9
5299320141012 14.1  2.2  0.009999-99.9-99.9-99.9-99.9-9.9 99 5.2 44 -2.2 -99-99.9-9.9-9.9
5299320141013 17.3  3.1  0.009999-99.9-99.9-99.9-99.9-9.9 99 5.9 42 -0.4 -99-99.9-9.9-9.9
5299320141014 21.0  0.1  0.009999-99.9-99.9-99.9-99.9-9.9 99 6.3 46  0.2 -99-99.9-9.9-9.9
5299320141015 20.2  1.4  0.009999-99.9-99.9-99.9-99.9-9.9 99 6.3 41  0.3 -99-99.9-9.9-9.9
5299320141016 15.9  5.3  0.009999-99.9-99.9-99.9-99.9-9.9 99 6.8 51  1.5 -99-99.9-9.9-9.9
5299320141017 12.8  0.3  0.009999-99.9-99.9-99.9-99.9-9.9 99 7.0 68  1.8 -99-99.9-9.9-9.9
5299320141018 15.5  1.0  0.009999-99.9-99.9-99.9-99.9-9.9 99 7.2 63  2.2 -99-99.9-9.9-9.9
5299320141019 13.7 -7.1  0.009999-99.9-99.9-99.9-99.9-9.9 99 6.5 60  0.5 -99-99.9-9.9-9.9
5299320141020 21.3  6.0  0.009999-99.9-99.9-99.9-99.9-9.9 99 8.5 45  4.5 -99-99.9-9.9-9.9
5299320141021 23.6  2.6  0.009999-99.9-99.9-99.9-99.9-9.9 99 8.4 47  4.5 -99-99.9-9.9-9.9
5299320141022-99.9-99.9-99.999999-99.9-99.9-99.9-99.9-9.9 99-9.9-99-99.9 -99-99.9-9.9-9.9
5299320141023 22.1  1.1-99.999999-99.9-99.9-99.9-99.9-9.9 99 5.1 36 -2.9   6  5.0-9.9-9.9
5299320141024 26.9 -3.7-99.999999-99.9-99.9-99.9-99.9-9.9 99 4.6 24 -3.9   8  6.2-9.9-9.9
5299320141025 25.2 -4.8-99.999999-99.9-99.9-99.9-99.9-9.9 99 4.1 25 -5.4  11  8.8-9.9-9.9
5299320141026 22.2  5.6-99.999999-99.9-99.9-99.9-99.9-9.9 99 5.2 33 -2.5  15 11.9-9.9-9.9
5299320141027 19.2 -2.8-99.999999-99.9-99.9-99.9-99.9-9.9 99 6.7 47  1.3  12  9.7-9.9-9.9
5299320141028 19.3  8.1-99.999999-99.9-99.9-99.9-99.9-9.9 99 7.2 49  2.1  21 16.5-9.9-9.9
5299320141029 12.9  2.5-99.999999-99.9-99.9-99.9-99.9-9.9 99 6.2 63 -0.1  25 19.6-9.9-9.9
5299320141030  8.2  0.1-99.999999-99.9-99.9-99.9-99.9-9.9 99 5.9 76 -0.5  19 14.8-9.9-9.9
5299320141031  9.8 -0.5-99.999999-99.9-99.9-99.9-99.9-9.9 99 3.9 46 -6.2  11  9.0-9.9-9.9
5299320141101 13.2 -6.7-99.999999-99.9-99.9-99.9-99.9-9.9 99 3.7 36 -7.1  12  9.8-9.9-9.9
5299320141102 10.0  2.9-99.999999-99.9-99.9-99.9-99.9-9.9 99 6.8 72  1.3  10  7.7-9.9-9.9
5299320141103 17.2  2.9-99.999999-99.9-99.9-99.9-99.9-9.9 99 6.2 49 -0.1  17 13.8-9.9-9.9
5299320141104 18.3  2.2-99.999999-99.9-99.9-99.9-99.9-9.9 99 5.7 41 -0.9  12  9.2-9.9-9.9
5299320141105 19.2  0.8-99.999999-99.9-99.9-99.9-99.9-9.9 99 5.9 40 -0.6  22 17.7-9.9-9.9
5299320141106 16.0  5.6-99.999999-99.9-99.9-99.9-99.9-9.9 99 8.1 70  3.6  25 20.2-9.9-9.9
5299320141107 16.2  3.1-99.999999-99.9-99.9-99.9-99.9-9.9 99 7.0 54  1.8  21 16.9-9.9-9.9
5299320141108 18.9  9.3-99.999999-99.9-99.9-99.9-99.9-9.9 99 8.2 50  4.1  20 16.1-9.9-9.9
5299320141109 23.8  8.5-99.999999-99.9-99.9-99.9-99.9-9.9 99 7.1 36  2.1  12  9.7-9.9-9.9
5299320141110 20.5  4.7-99.999999-99.9-99.9-99.9-99.9-9.9 99 6.6 41  1.1  15 12.1-9.9-9.9
5299320141111 17.6  5.5-99.999999-99.9-99.9-99.9-99.9-9.9 99 5.7 42 -1.0  16 13.1-9.9-9.9
5299320141112 18.5  4.9-99.999999-99.9-99.9-99.9-99.9-9.9 99 5.8 24 -1.5  18 14.5-9.9-9.9
5299320141113 18.3  4.4-99.999999-99.9-99.9-99.9-99.9-9.9 99 7.6 50  2.9  16 12.7-9.9-9.9
5299320141114 20.7  7.8-99.999999-99.9-99.9-99.9-99.9-9.9 99 7.4 43  2.6  16 12.9-9.9-9.9
5299320141115 21.6 12.0-99.999999-99.9-99.9-99.9-99.9-9.9 99 8.8 45  5.0  18 14.5-9.9-9.9
5299320141116 28.8 -0.2-99.999999-99.9-99.9-99.9-99.9-9.9 99 8.0 37  3.7  11  9.1-9.9-9.9
5299320141117 25.6 12.6-99.999999-99.9-99.9-99.9-99.9-9.9 99 6.0 30 -0.5  17 14.0-9.9-9.9
5299320141118 17.1  7.2-99.999999-99.9-99.9-99.9-99.9-9.9 99 6.3 41  0.3  18 14.5-9.9-9.9
5299320141119 15.9  0.0-99.999999-99.9-99.9-99.9-99.9-9.9 99 5.7 42 -0.9  11  8.5-9.9-9.9
5299320141120 22.2 -5.1-99.999999-99.9-99.9-99.9-99.9-9.9 99 6.0 38 -0.4   6  4.8-9.9-9.9
5299320141121 24.5 -2.5-99.999999-99.9-99.9-99.9-99.9-9.9 99 6.8 40  1.3  10  8.1-9.9-9.9
5299320141122 18.1  3.5-99.999999-99.9-99.9-99.9-99.9-9.9 99 7.2 42  2.2  11  8.9-9.9-9.9
5299320141123 17.7  3.1-99.999999-99.9-99.9-99.9-99.9-9.9 99 7.1 48  2.0  16 13.0-9.9-9.9
5299320141124 20.2  5.8-99.999999-99.9-99.9-99.9-99.9-9.9 99 6.1 39  0.0  22 17.4-9.9-9.9
5299320141125 21.6 -0.2-99.999999-99.9-99.9-99.9-99.9-9.9 99 5.9 36 -0.6  14 10.9-9.9-9.9
5299320141126 24.3  0.0-99.999999-99.9-99.9-99.9-99.9-9.9 99 5.0 27 -3.0   9  7.0-9.9-9.9
5299320141127 20.9  1.5-99.999999-99.9-99.9-99.9-99.9-9.9 99 6.3 40  0.2  10  8.3-9.9-9.9
5299320141128 21.8  1.5-99.999999-99.9-99.9-99.9-99.9-9.9 99 7.1 48  1.9  16 13.1-9.9-9.9
5299320141129 15.7  1.2-99.999999-99.9-99.9-99.9-99.9-9.9 99 4.4 33 -4.6  21 17.2-9.9-9.9
5299320141130 22.2 -2.3-99.999999-99.9-99.9-99.9-99.9-9.9 99 6.3 38  0.3  15 12.3-9.9-9.9
5299320141201 26.9  0.1-99.999999-99.9-99.9-99.9-99.9-9.9 99 4.9 24 -3.5  13 10.3-9.9-9.9
5299320141202 29.7 -4.6-99.999999-99.9-99.9-99.9-99.9-9.9 99 3.2 14 -8.9  11  9.1-9.9-9.9
5299320141203 26.2  5.7-99.999999-99.9-99.9-99.9-99.9-9.9 99 4.9 23 -3.3  12  9.3-9.9-9.9
5299320141204 30.3  1.6-99.999999-99.9-99.9-99.9-99.9-9.9 99 6.1 24 -0.2  11  8.7-9.9-9.9
5299320141205 24.3 11.7-99.999999-99.9-99.9-99.9-99.9-9.9 99 8.0 42  3.6  16 13.1-9.9-9.9
5299320141206 23.5  5.2-99.999999-99.9-99.9-99.9-99.9-9.9 99 7.1 36  2.0  17 13.8-9.9-9.9
5299320141207 23.9  9.8-99.999999-99.9-99.9-99.9-99.9-9.9 99 8.2 37  4.0  19 15.5-9.9-9.9
5299320141208 26.4  4.1-99.999999-99.9-99.9-99.9-99.9-9.9 99 5.1 21 -3.0  14 10.8-9.9-9.9
5299320141209 19.8  8.8-99.999999-99.9-99.9-99.9-99.9-9.9 99 5.3 34 -2.2  24 19.0-9.9-9.9
5299320141210 23.5 -3.5-99.999999-99.9-99.9-99.9-99.9-9.9 99 4.7 29 -3.7  11  8.9-9.9-9.9
5299320141211 22.6 -2.5-99.999999-99.9-99.9-99.9-99.9-9.9 99 4.3 26 -4.8  14 11.1-9.9-9.9
5299320141212 24.7  0.9-99.999999-99.9-99.9-99.9-99.9-9.9 99 6.1 31 -0.1  12  9.3-9.9-9.9
5299320141213 29.0  7.3-99.999999-99.9-99.9-99.9-99.9-9.9 99 6.1 23 -0.1   9  6.9-9.9-9.9
5299320141214 29.4  5.2-99.999999-99.9-99.9-99.9-99.9-9.9 99 7.4 29  2.3  15 12.1-9.9-9.9
5299320141215 24.6  5.1-99.999999-99.9-99.9-99.9-99.9-9.9 99 7.5 37  2.7  15 11.9-9.9-9.9
5299320141216 24.7  7.6-99.999999-99.9-99.9-99.9-99.9-9.9 99 6.9 34  1.7  15 12.2-9.9-9.9
5299320141217 25.7  3.0-99.999999-99.9-99.9-99.9-99.9-9.9 99 6.1 29 -0.0  13 10.5-9.9-9.9
5299320141218 19.2 12.3-99.999999-99.9-99.9-99.9-99.9-9.9 99 7.7 44  3.0  23 18.5-9.9-9.9
5299320141219 16.9  6.6-99.999999-99.9-99.9-99.9-99.9-9.9 99 6.0 35 -0.7  30 23.7-9.9-9.9
5299320141220 15.8  0.2-99.999999-99.9-99.9-99.9-99.9-9.9 99 4.6 38 -3.8  22 17.4-9.9-9.9
5299320141221 17.4 -3.1-99.999999-99.9-99.9-99.9-99.9-9.9 99 4.6 38 -3.8  13 10.7-9.9-9.9
5299320141222 20.9 -3.8-99.999999-99.9-99.9-99.9-99.9-9.9 99 5.7 35 -1.2  15 11.7-9.9-9.9
5299320141223 22.4  9.1-99.999999-99.9-99.9-99.9-99.9-9.9 99 8.8 53  5.1  16 12.7-9.9-9.9
5299320141224 23.3  6.0-99.999999-99.9-99.9-99.9-99.9-9.9 99 6.6 33  1.0  16 13.2-9.9-9.9
5299320141225 20.6 -1.6-99.999999-99.9-99.9-99.9-99.9-9.9 99 6.0 37 -0.6  12  9.4-9.9-9.9
5299320141226 22.5  9.2-99.999999-99.9-99.9-99.9-99.9-9.9 99 9.1 43  5.6  14 11.1-9.9-9.9
5299320141227 24.5  8.9-99.999999-99.9-99.9-99.9-99.9-9.9 99 9.4 42  6.0  13 10.7-9.9-9.9
5299320141228 26.1 10.5-99.999999-99.9-99.9-99.9-99.9-9.9 9910.0 43  6.9  14 11.5-9.9-9.9
5299320141229 24.3 12.7-99.999999-99.9-99.9-99.9-99.9-9.9 99 7.9 37  3.5  18 14.2-9.9-9.9
5299320141230 20.3  9.6-99.999999-99.9-99.9-99.9-99.9-9.9 99 8.8 44  4.8  12  9.9-9.9-9.9
5299320141231 16.8  6.7-99.999999-99.9-99.9-99.9-99.9-9.9 99 7.2 54  1.8  22 17.9-9.9-9.9
5299320150101 22.9  5.2-99.999999-99.9-99.9-99.9-99.9-9.9 99 8.0 43  3.6  16 13.2-9.9-9.9
5299320150102 26.7  3.5-99.999999-99.9-99.9-99.9-99.9-9.9 99 7.4 36  2.5  15 12.2-9.9-9.9
5299320150103 28.5  6.7-99.999999-99.9-99.9-99.9-99.9-9.9 99 8.2 34  4.0  12  9.9-9.9-9.9
5299320150104 28.6 10.9-99.999999-99.9-99.9-99.9-99.9-9.9 99 9.3 32  5.9  16 13.1-9.9-9.9
5299320150105 25.4 14.7-99.999999-99.9-99.9-99.9-99.9-9.9 99 7.6 31  2.4  20 15.7-9.9-9.9
5299320150106 21.6  5.1-99.999999-99.9-99.9-99.9-99.9-9.9 99 5.7 33 -0.9  17 13.7-9.9-9.9
5299320150107 24.0  4.6-99.999999-99.9-99.9-99.9-99.9-9.9 99 5.2 26 -2.3  15 11.8-9.9-9.9
5299320150108 25.3  7.6-99.999999-99.9-99.9-99.9-99.9-9.9 99 7.3 35  2.1  16 12.8-9.9-9.9
5299320150109 26.2  8.4-99.999999-99.9-99.9-99.9-99.9-9.9 99 7.0 29  1.6  18 14.3-9.9-9.9
5299320150110 22.2  8.5-99.999999-99.9-99.9-99.9-99.9-9.9 99 6.5 34  0.7  18 14.4-9.9-9.9
5299320150111 20.4  9.6-99.999999-99.9-99.9-99.9-99.9-9.9 99 6.9 40  1.8  23 18.7-9.9-9.9
5299320150112 21.7  6.3-99.999999-99.9-99.9-99.9-99.9-9.9 99 6.7 33  1.3  16 12.7-9.9-9.9
5299320150113 24.0  8.1-99.999999-99.9-99.9-99.9-99.9-9.9 99 8.5 41  4.5  18 14.4-9.9-9.9
5299320150114 27.7  3.5-99.999999-99.9-99.9-99.9-99.9-9.9 99 6.1 26 -0.1   7  5.5-9.9-9.9
5299320150115 31.7  2.0-99.999999-99.9-99.9-99.9-99.9-9.9 99 6.4 28  0.5  16 13.0-9.9-9.9
5299320150116 26.2 16.3-99.999999-99.9-99.9-99.9-99.9-9.9 9910.7 44  7.9  19 15.6-9.9-9.9
5299320150117 28.0 16.4-99.999999-99.9-99.9-99.9-99.9-9.9 9911.4 44  8.9  18 14.5-9.9-9.9
5299320150118 24.9 10.3-99.999999-99.9-99.9-99.9-99.9-9.9 9910.4 58  7.4  15 12.4-9.9-9.9
5299320150119 26.7  6.7-99.999999-99.9-99.9-99.9-99.9-9.9 99 8.9 40  5.0   6  5.0-9.9-9.9
5299320150120 32.9  3.0-99.999999-99.9-99.9-99.9-99.9-9.9 99 6.2 20  0.0  10  7.7-9.9-9.9
5299320150121 34.9  5.5-99.999999-99.9-99.9-99.9-99.9-9.9 99 6.3 18  0.1  11  8.5-9.9-9.9
5299320150122 30.5 13.8-99.999999-99.9-99.9-99.9-99.9-9.9 99 8.0 30  3.7  14 11.2-9.9-9.9
5299320150123 29.7  9.6-99.999999-99.9-99.9-99.9-99.9-9.9 99 8.6 32  4.7  10  8.1-9.9-9.9
5299320150124 26.7 14.0-99.999999-99.9-99.9-99.9-99.9-9.9 99 9.5 38  6.2  13 10.0-9.9-9.9
5299320150125 24.7  4.6-99.999999-99.9-99.9-99.9-99.9-9.9 99 8.3 37  4.3  11  8.9-9.9-9.9
5299320150126 26.4  8.5-99.999999-99.9-99.9-99.9-99.9-9.9 99 8.7 37  4.9  15 11.7-9.9-9.9
5299320150127 20.3 11.7-99.999999-99.9-99.9-99.9-99.9-9.9 99 6.9 34  1.4  25 19.8-9.9-9.9
5299320150128 25.3 -1.9-99.999999-99.9-99.9-99.9-99.9-9.9 99 6.0 32 -0.4   5  4.4-9.9-9.9
5299320150129 33.5  3.4-99.999999-99.9-99.9-99.9-99.9-9.9 99 5.9 23 -0.6  11  8.8-9.9-9.9
5299320150130 31.5  4.1-99.999999-99.9-99.9-99.9-99.9-9.9 99 6.3 24 -0.4  10  7.9-9.9-9.9
5299320150131 28.5  4.4-99.999999-99.9-99.9-99.9-99.9-9.9 99 8.5 33  4.5  14 11.2-9.9-9.9
5299320150201 28.1  4.0-99.999999-99.9-99.9-99.9-99.9-9.9 99 6.4 29  0.3   8  6.6-9.9-9.9
5299320150202 33.9  6.2-99.999999-99.9-99.9-99.9-99.9-9.9 99 8.1 27  3.5  14 10.8-9.9-9.9
5299320150203 30.5 13.8-99.999999-99.9-99.9-99.9-99.9-9.9 9914.5 62 12.3   9  7.6-9.9-9.9
5299320150204 30.4 12.1-99.999999-99.9-99.9-99.9-99.9-9.9 9910.9 41  7.3  11  9.1-9.9-9.9
5299320150205 30.0  1.9-99.999999-99.9-99.9-99.9-99.9-9.9 99 8.4 36  4.1  12  9.2-9.9-9.9
5299320150206 27.1 15.1-99.999999-99.9-99.9-99.9-99.9-9.9 99 9.8 37  6.4  15 11.9-9.9-9.9
5299320150207 25.9  1.7-99.999999-99.9-99.9-99.9-99.9-9.9 99 7.5 37  2.8  10  7.9-9.9-9.9
5299320150208 21.8  7.4-99.999999-99.9-99.9-99.9-99.9-9.9 99 7.7 46  3.1  17 13.5-9.9-9.9
5299320150209 19.1  2.0-99.999999-99.9-99.9-99.9-99.9-9.9 99 5.8 41 -0.7  17 13.7-9.9-9.9
5299320150210 22.8  7.5-99.999999-99.9-99.9-99.9-99.9-9.9 99 8.1 44  3.9  24 18.9-9.9-9.9
5299320150211 23.2 12.3-99.999999-99.9-99.9-99.9-99.9-9.9 99 8.1 39  3.9  21 16.7-9.9-9.9
5299320150212 24.4  5.4-99.999999-99.9-99.9-99.9-99.9-9.9 99 5.4 29 -1.8   9  7.2-9.9-9.9
5299320150213 28.4  3.4-99.999999-99.9-99.9-99.9-99.9-9.9 99 5.9 27 -0.8   9  6.8-9.9-9.9
5299320150214 29.3  4.8-99.999999-99.9-99.9-99.9-99.9-9.9 99 7.5 32  2.7  13 10.5-9.9-9.9
5299320150215 30.9  3.6-99.999999-99.9-99.9-99.9-99.9-9.9 99 7.9 32  3.2  10  7.6-9.9-9.9
5299320150216 26.2  9.4-99.999999-99.9-99.9-99.9-99.9-9.9 99 5.6 24 -1.4  12  9.6-9.9-9.9
5299320150217 23.8  2.6-99.999999-99.9-99.9-99.9-99.9-9.9 99 4.9 27 -3.4  17 13.4-9.9-9.9
5299320150218 19.3  0.2-99.999999-99.9-99.9-99.9-99.9-9.9 99 5.8 38 -0.9  16 13.1-9.9-9.9
5299320150219 20.2  5.0-99.999999-99.9-99.9-99.9-99.9-9.9 99 7.8 48  3.4   5  4.1-9.9-9.9
5299320150220 27.5  0.2-99.999999-99.9-99.9-99.9-99.9-9.9 99 7.9 41  3.5   9  7.1-9.9-9.9
5299320150221 24.4  6.6-99.999999-99.9-99.9-99.9-99.9-9.9 99 8.2 48  4.0  13 10.1-9.9-9.9
5299320150222 27.0 -1.8-99.999999-99.9-99.9-99.9-99.9-9.9 99 5.9 33 -0.6   8  6.8-9.9-9.9
5299320150223 29.1  6.0-99.999999-99.9-99.9-99.9-99.9-9.9 99 7.4 34  2.0  14 11.2-9.9-9.9
5299320150224 27.8  6.9-99.999999-99.9-99.9-99.9-99.9-9.9 99 7.7 34  2.9   9  7.3-9.9-9.9
5299320150225 28.2  3.3-99.999999-99.9-99.9-99.9-99.9-9.9 99 6.3 27  0.4   9  7.5-9.9-9.9
5299320150226 32.0  5.6-99.999999-99.9-99.9-99.9-99.9-9.9 99 7.0 28  1.8   5  4.3-9.9-9.9
5299320150227 34.1 10.0-99.999999-99.9-99.9-99.9-99.9-9.9 99 7.0 24  1.8  11  9.1-9.9-9.9
5299320150228 34.3  5.0-99.999999-99.9-99.9-99.9-99.9-9.9 99 7.4 26  2.5   8  6.1-9.9-9.9
5299320150301 26.7  6.2-99.999999-99.9-99.9-99.9-99.9-9.9 99 8.9 38  5.1  13 10.7-9.9-9.9
5299320150302 18.5 10.9-99.999999-99.9-99.9-99.9-99.9-9.9 99 9.5 59  6.1  12 10.0-9.9-9.9
5299320150303 23.7  0.7-99.999999-99.9-99.9-99.9-99.9-9.9 99 6.9 45  1.7  10  8.4-9.9-9.9
5299320150304 26.4 -1.6-99.999999-99.9-99.9-99.9-99.9-9.9 99 5.7 31 -1.1   9  7.4-9.9-9.9
5299320150305 24.7 10.5-99.999999-99.9-99.9-99.9-99.9-9.9 99 6.4 29  0.5  16 12.6-9.9-9.9
5299320150306 27.5  6.6-99.999999-99.9-99.9-99.9-99.9-9.9 99 8.7 44  4.6  12  9.5-9.9-9.9
5299320150307 26.8 15.2-99.999999-99.9-99.9-99.9-99.9-9.9 99 9.6 41  6.1  23 18.6-9.9-9.9
5299320150308 22.6  9.5-99.999999-99.9-99.9-99.9-99.9-9.9 99 6.0 31 -0.3  19 15.0-9.9-9.9
5299320150309 31.2 -3.2-99.999999-99.9-99.9-99.9-99.9-9.9 99 4.7 27 -3.9  11  9.0-9.9-9.9
5299320150310 28.5 16.2-99.999999-99.9-99.9-99.9-99.9-9.9 99 6.8 29  0.8  20 15.8-9.9-9.9
5299320150311 23.4  0.6-99.999999-99.9-99.9-99.9-99.9-9.9 99 6.2 36  0.0   8  6.7-9.9-9.9
5299320150312 23.6 -1.1-99.999999-99.9-99.9-99.9-99.9-9.9 99 6.6 42  0.8  12  9.2-9.9-9.9
5299320150313 19.0  5.4-99.999999-99.9-99.9-99.9-99.9-9.9 99 5.9 43 -0.4  14 10.9-9.9-9.9
5299320150314 20.8  0.0-99.999999-99.9-99.9-99.9-99.9-9.9 99 5.7 46 -1.1   8  6.6-9.9-9.9
5299320150315 23.7  5.7-99.999999-99.9-99.9-99.9-99.9-9.9 99 8.3 42  3.8  15 11.8-9.9-9.9
5299320150316 27.2 16.7-99.999999-99.9-99.9-99.9-99.9-9.9 9910.2 45  7.2  24 19.6-9.9-9.9
5299320150317 22.6  1.5-99.999999-99.9-99.9-99.9-99.9-9.9 99 5.1 30 -2.9  10  8.2-9.9-9.9
5299320150318 25.7  0.3-99.999999-99.9-99.9-99.9-99.9-9.9 99 4.8 26 -3.3  12  9.5-9.9-9.9
5299320150319 18.4 11.6-99.999999-99.9-99.9-99.9-99.9-9.9 99 7.2 51  2.1  15 12.3-9.9-9.9
5299320150320 18.9  5.4-99.999999-99.9-99.9-99.9-99.9-9.9 99 4.6 32 -4.4  14 11.1-9.9-9.9
5299320150321 23.7 -4.4-99.999999-99.9-99.9-99.9-99.9-9.9 99 3.3 29 -8.5   5  4.0-9.9-9.9
5299320150322 26.5 -2.9-99.999999-99.9-99.9-99.9-99.9-9.9 99 3.4 21 -8.2   6  4.9-9.9-9.9
5299320150323 24.7  9.9-99.999999-99.9-99.9-99.9-99.9-9.9 99 4.9 29 -3.2  11  8.6-9.9-9.9
5299320150324 22.8  2.3-99.999999-99.9-99.9-99.9-99.9-9.9 99 6.9 46  1.5   8  6.1-9.9-9.9
5299320150325 21.9 -3.3-99.999999-99.9-99.9-99.9-99.9-9.9 99 5.2 43 -2.5   6  4.6-9.9-9.9
5299320150326 26.0 -1.6-99.999999-99.9-99.9-99.9-99.9-9.9 99 5.7 38 -1.3   6  5.1-9.9-9.9
5299320150327 27.2  4.6-99.999999-99.9-99.9-99.9-99.9-9.9 99 5.4 29 -2.1   8  6.3-9.9-9.9
5299320150328 28.1  9.2-99.999999-99.9-99.9-99.9-99.9-9.9 99 9.7 52  6.1  11  9.1-9.9-9.9
5299320150329 19.1  8.8-99.999999-99.9-99.9-99.9-99.9-9.9 99 6.8 42  1.4  17 13.8-9.9-9.9
5299320150330 18.7 -5.6-99.999999-99.9-99.9-99.9-99.9-9.9 99 5.8 51 -0.8  11  8.5-9.9-9.9
5299320150331 17.9  8.0-99.999999-99.9-99.9-99.9-99.9-9.9 99 6.9 48  1.7  17 13.9-9.9-9.9
5299320150401 15.4  8.5-99.999999-99.9-99.9-99.9-99.9-9.9 99 6.1 48 -0.5  23 18.4-9.9-9.9
5299320150402 18.1 -1.0-99.999999-99.9-99.9-99.9-99.9-9.9 99 5.3 43 -2.2  16 12.6-9.9-9.9
5299320150403 18.1  7.1-99.999999-99.9-99.9-99.9-99.9-9.9 99 7.8 59  3.3  14 11.4-9.9-9.9
5299320150404 21.0 -6.0-99.999999-99.9-99.9-99.9-99.9-9.9 99 4.7 45 -4.1   6  5.0-9.9-9.9
5299320150405 22.2 -6.5-99.999999-99.9-99.9-99.9-99.9-9.9 99 5.4 42 -2.4   9  7.6-9.9-9.9
5299320150406 22.7  4.0-99.999999-99.9-99.9-99.9-99.9-9.9 99 9.1 53  5.5  10  8.1-9.9-9.9
5299320150407 22.4  6.5-99.999999-99.9-99.9-99.9-99.9-9.9 9910.0 63  6.9   8  6.3-9.9-9.9
5299320150408 21.9  7.9-99.999999-99.9-99.9-99.9-99.9-9.9 99 9.8 61  6.7  11  8.5-9.9-9.9
5299320150409 19.2  2.9-99.999999-99.9-99.9-99.9-99.9-9.9 99 7.6 59  2.9   9  7.5-9.9-9.9
5299320150410 21.8 -4.1-99.999999-99.9-99.9-99.9-99.9-9.9 99 6.4 57  0.5   6  4.7-9.9-9.9
5299320150411 22.3 -3.1-99.999999-99.9-99.9-99.9-99.9-9.9 99 5.9 52 -0.6   6  4.8-9.9-9.9
5299320150412 25.3  3.7-99.999999-99.9-99.9-99.9-99.9-9.9 99 8.4 44  4.1  18 14.1-9.9-9.9
5299320150413 16.9  3.8-99.999999-99.9-99.9-99.9-99.9-9.9 99 6.7 53  1.2  15 11.8-9.9-9.9
5299320150414 16.0 -0.9-99.999999-99.9-99.9-99.9-99.9-9.9 99 5.3 50 -2.0   5  4.4-9.9-9.9
5299320150415 10.5  6.5-99.999999-99.9-99.9-99.9-99.9-9.9 99 7.7 80  2.5   9  7.5-9.9-9.9
5299320150416 10.3  6.4-99.999999-99.9-99.9-99.9-99.9-9.9 99 9.9 94  6.7   6  4.6-9.9-9.9
5299320150417 13.8 -0.7-99.999999-99.9-99.9-99.9-99.9-9.9 99 8.2 79  3.9   8  6.3-9.9-9.9
5299320150418 16.6  7.2-99.999999-99.9-99.9-99.9-99.9-9.9 99 9.1 68  5.5  15 11.7-9.9-9.9
5299320150419 15.8  4.5-99.999999-99.9-99.9-99.9-99.9-9.9 99 7.3 60  2.5  11  9.0-9.9-9.9
5299320150420 16.5 -2.7-99.999999-99.9-99.9-99.9-99.9-9.9 99 5.5 58 -1.6   9  7.0-9.9-9.9
5299320150421 17.9 -6.5-99.999999-99.9-99.9-99.9-99.9-9.9 99 5.3 57 -2.1   6  5.1-9.9-9.9
5299320150422 23.2 -1.4-99.999999-99.9-99.9-99.9-99.9-9.9 99 5.7 48 -0.9   9  6.8-9.9-9.9
5299320150423 22.1 -2.3-99.999999-99.9-99.9-99.9-99.9-9.9 99 6.6 58  0.9   9  7.4-9.9-9.9
5299320150424 23.0 10.0-99.999999-99.9-99.9-99.9-99.9-9.9 99 8.8 58  5.0   8  6.6-9.9-9.9
5299320150425 22.7  3.8-99.999999-99.9-99.9-99.9-99.9-9.9 99 8.2 57  3.9   8  6.8-9.9-9.9
5299320150426 14.7  3.0-99.999999-99.9-99.9-99.9-99.9-9.9 99 7.1 60  1.7  10  7.8-9.9-9.9
5299320150427 15.3  6.6-99.999999-99.9-99.9-99.9-99.9-9.9 99 9.5 71  6.2  13 10.5-9.9-9.9
5299320150428 20.9  6.6-99.999999-99.9-99.9-99.9-99.9-9.9 99 9.0 65  5.2  12 10.0-9.9-9.9
5299320150429 18.0 -3.7-99.999999-99.9-99.9-99.9-99.9-9.9 99 6.9 64  1.3   7  5.6-9.9-9.9
5299320150430 17.3 -4.4-99.999999-99.9-99.9-99.9-99.9-9.9 99 6.5 61  0.7   8  6.2-9.9-9.9
5299320150501 15.1 -0.6-99.999999-99.9-99.9-99.9-99.9-9.9 99 6.7 70  1.2  11  9.0-9.9-9.9
5299320150502 10.7 -0.7-99.999999-99.9-99.9-99.9-99.9-9.9 99 4.7 60 -3.6  11  8.8-9.9-9.9
5299320150503 16.0 -1.4-99.999999-99.9-99.9-99.9-99.9-9.9 99 6.3 53  0.4  14 11.5-9.9-9.9
5299320150504 14.8  2.7-99.999999-99.9-99.9-99.9-99.9-9.9 99 6.5 55  0.8  15 12.0-9.9-9.9
5299320150505 12.6 -3.3-99.999999-99.9-99.9-99.9-99.9-9.9 99 6.8 83  1.3   4  3.1-9.9-9.9
5299320150506 11.7 -7.1-99.999999-99.9-99.9-99.9-99.9-9.9 99 6.0 83 -0.8   8  6.2-9.9-9.9
5299320150507 15.5 -2.8-99.999999-99.9-99.9-99.9-99.9-9.9 99 6.8 80  1.4   5  3.8-9.9-9.9
5299320150508 14.1  0.3-99.999999-99.9-99.9-99.9-99.9-9.9 99 7.8 66  3.4   7  5.3-9.9-9.9
5299320150509 16.8 -0.1-99.999999-99.9-99.9-99.9-99.9-9.9 99 8.0 72  3.7  10  8.1-9.9-9.9
5299320150510  8.1 -4.7-99.999999-99.9-99.9-99.9-99.9-9.9 99 7.5 99  2.4   4  3.0-9.9-9.9
5299320150511 15.5 -0.8-99.999999-99.9-99.9-99.9-99.9-9.9 99 8.6 88  4.4   4  3.1-9.9-9.9
5299320150512 16.9 -0.5-99.999999-99.9-99.9-99.9-99.9-9.9 99 8.3 62  4.2  16 12.6-9.9-9.9
5299320150513 13.3  5.8-99.999999-99.9-99.9-99.9-99.9-9.9 99 6.8 60  1.2  13 10.3-9.9-9.9
5299320150514 19.6  4.5-99.999999-99.9-99.9-99.9-99.9-9.9 99 8.2 54  4.0  20 16.3-9.9-9.9
5299320150515 20.0 10.0-99.999999-99.9-99.9-99.9-99.9-9.9 99 8.6 51  4.5  24 19.0-9.9-9.9
5299320150516 19.8  8.4-99.999999-99.9-99.9-99.9-99.9-9.9 9911.9 84  9.5  22 17.9-9.9-9.9
5299320150517  9.4  3.0-99.999999-99.9-99.9-99.9-99.9-9.9 99 8.7 92  4.8  11  8.9-9.9-9.9
5299320150518  9.8 -1.6-99.999999-99.9-99.9-99.9-99.9-9.9 99 7.5 95  2.6   2  1.6-9.9-9.9
5299320150519 14.6  0.2-99.999999-99.9-99.9-99.9-99.9-9.9 99 9.9 80  6.6  11  9.0-9.9-9.9
5299320150520 14.4  6.7-99.999999-99.9-99.9-99.9-99.9-9.9 99 8.3 62  4.1  22 17.2-9.9-9.9
5299320150521 11.2  4.5-99.999999-99.9-99.9-99.9-99.9-9.9 99 6.8 69  1.4  23 18.1-9.9-9.9
5299320150522 10.0  2.9-99.999999-99.9-99.9-99.9-99.9-9.9 99 6.7 69  1.3  17 14.0-9.9-9.9
5299320150523  9.1 -2.8-99.999999-99.9-99.9-99.9-99.9-9.9 99 4.8 59 -3.4  10  8.3-9.9-9.9
5299320150524 12.1 -1.4-99.999999-99.9-99.9-99.9-99.9-9.9 99 5.0 56 -2.8  11  8.9-9.9-9.9
5299320150525 13.4  2.5-99.999999-99.9-99.9-99.9-99.9-9.9 99 6.2 64  0.1  11  8.9-9.9-9.9
5299320150526  8.9 -7.6-99.999999-99.9-99.9-99.9-99.9-9.9 99 5.4 83 -1.9   3  2.8-9.9-9.9
5299320150527 11.1 -4.0-99.999999-99.9-99.9-99.9-99.9-9.9 99 5.9 78 -0.6   4  3.2-9.9-9.9
5299320150528 15.0 -0.9-99.999999-99.9-99.9-99.9-99.9-9.9 99 7.4 57  2.5  14 11.4-9.9-9.9
5299320150529 11.9  0.8-99.999999-99.9-99.9-99.9-99.9-9.9 99 6.5 64  0.9  19 15.4-9.9-9.9
5299320150530 11.6 -1.4-99.999999-99.9-99.9-99.9-99.9-9.9 99 7.0 76  1.8  13 10.5-9.9-9.9
5299320150531 12.2  0.4-99.999999-99.9-99.9-99.9-99.9-9.9 99 6.8 83  1.3   9  7.0-9.9-9.9
5299320150601 14.6 -2.0-99.999999-99.9-99.9-99.9-99.9-9.9 99 7.9 69  3.3  15 12.0-9.9-9.9
5299320150602 13.8  6.0-99.999999-99.9-99.9-99.9-99.9-9.9 9910.8 94  7.9  18 14.4-9.9-9.9
5299320150603 11.5  4.6-99.999999-99.9-99.9-99.9-99.9-9.9 99 7.3 68  2.5  21 16.8-9.9-9.9
5299320150604 12.5  0.7-99.999999-99.9-99.9-99.9-99.9-9.9 99 8.2 90  4.0  11  9.1-9.9-9.9
5299320150605 11.3  5.2-99.999999-99.9-99.9-99.9-99.9-9.9 99 8.9 77  5.2  18 14.3-9.9-9.9
5299320150606 10.7  2.5-99.999999-99.9-99.9-99.9-99.9-9.9 99 8.0 83  3.7  14 10.9-9.9-9.9
5299320150607 10.2  0.9-99.999999-99.9-99.9-99.9-99.9-9.9 99 7.0 84  1.8   6  4.8-9.9-9.9
5299320150608  6.0 -5.2-99.999999-99.9-99.9-99.9-99.9-9.9 99 6.1 93 -0.3   3  2.1-9.9-9.9
5299320150609  7.4 -1.3-99.999999-99.9-99.9-99.9-99.9-9.9 99 5.7 76 -1.0  12  9.6-9.9-9.9
5299320150610  8.7 -1.3-99.999999-99.9-99.9-99.9-99.9-9.9 99 5.4 73 -1.7  16 13.1-9.9-9.9
5299320150611  8.9  0.0-99.999999-99.9-99.9-99.9-99.9-9.9 99 5.0 65 -2.7  14 11.3-9.9-9.9
5299320150612 12.0  1.8-99.999999-99.9-99.9-99.9-99.9-9.9 99 5.9 57 -0.5  14 11.3-9.9-9.9
5299320150613  7.6  0.5-99.999999-99.9-99.9-99.9-99.9-9.9 99 6.0 72 -0.3  11  8.7-9.9-9.9
5299320150614  7.4  0.3-99.999999-99.9-99.9-99.9-99.9-9.9 99 5.3 64 -1.9  15 12.0-9.9-9.9
5299320150615 15.0  3.7-99.999999-99.9-99.9-99.9-99.9-9.9 99 6.5 50  0.8  25 20.1-9.9-9.9
5299320150616 10.1 -2.2-99.999999-99.9-99.9-99.9-99.9-9.9 99 5.3 57 -2.4  24 19.5-9.9-9.9
5299320150617  7.2 -4.8-99.999999-99.9-99.9-99.9-99.9-9.9 99 3.6 57 -7.0   9  7.4-9.9-9.9
5299320150618  3.6-13.1-99.999999-99.9-99.9-99.9-99.9-9.9 99 3.6 77 -7.4   3  2.6-9.9-9.9
5299320150619 12.2 -3.3-99.999999-99.9-99.9-99.9-99.9-9.9 99 5.6 67 -1.6  11  8.8-9.9-9.9
5299320150620 11.8 -2.4-99.999999-99.9-99.9-99.9-99.9-9.9 99 6.1 66 -0.1  14 11.3-9.9-9.9
5299320150621  8.8 -1.7-99.999999-99.9-99.9-99.9-99.9-9.9 99 4.7 57 -3.7  24 19.0-9.9-9.9
5299320150622  5.3-12.5-99.999999-99.9-99.9-99.9-99.9-9.9 99 3.2 80 -8.8   4  2.8-9.9-9.9
5299320150623  7.4-12.3-99.999999-99.9-99.9-99.9-99.9-9.9 99 3.5 72 -7.7   4  2.9-9.9-9.9
5299320150624  5.5 -8.0-99.999999-99.9-99.9-99.9-99.9-9.9 99 4.4 76 -4.4   4  2.9-9.9-9.9
5299320150625 11.7 -3.1-99.999999-99.9-99.9-99.9-99.9-9.9 99 8.0 85  3.6  11  8.9-9.9-9.9
5299320150626 13.1  1.6-99.999999-99.9-99.9-99.9-99.9-9.9 99 7.6 76  2.8  12  9.4-9.9-9.9
5299320150627  9.8-11.5-99.999999-99.9-99.9-99.9-99.9-9.9 99 3.9 62 -6.4   9  7.0-9.9-9.9
5299320150628 10.6  1.4-99.999999-99.9-99.9-99.9-99.9-9.9 99 6.5 60  0.5  17 13.2-9.9-9.9
5299320150629 12.6  6.7-99.999999-99.9-99.9-99.9-99.9-9.9 99 7.1 59  2.0  16 12.5-9.9-9.9
5299320150630  9.2 -5.3-99.999999-99.9-99.9-99.9-99.9-9.9 99 4.7 64 -3.8   6  4.7-9.9-9.9
5299320150701  4.3 -9.8-99.999999-99.9-99.9-99.9-99.9-9.9 99 4.9 95 -3.3   3  2.2-9.9-9.9
5299320150702  5.4 -3.3-99.999999-99.9-99.9-99.9-99.9-9.9 99 5.9 96 -0.6   2  1.8-9.9-9.9
5299320150703-99.9-99.9-99.999999-99.9-99.9-99.9-99.9-9.9 99-9.9-99-99.9 -99-99.9-9.9-9.9
