5270020150722-99.9-99.9-99.999999-99.9-99.9-99.9-99.9-9.9 99-9.9-99-99.9 -99-99.9-9.9-9.9
5270020160211-99.9-99.9-99.999999-99.9-99.9-99.9-99.9-9.9 99-9.9-99-99.9 -99-99.9-9.9-9.9
5270020160212 40.3 20.6  0.009999-99.9-99.9-99.9-99.9-9.9 9922.7 56 19.5 -99-99.9-9.9-9.9
5270020160213 34.3 20.0  0.009999-99.9-99.9-99.9-99.9-9.9 9915.1 47 12.7 -99-99.9-9.9-9.9
5270020160214 38.6 11.2  0.009999-99.9-99.9-99.9-99.9-9.9 9913.6 48 11.5 -99-99.9-9.9-9.9
5270020160215 37.7 16.2  0.009999-99.9-99.9-99.9-99.9-9.9 9918.5 54 16.2 -99-99.9-9.9-9.9
5270020160216 42.0 17.9  0.009999-99.9-99.9-99.9-99.9-9.9 9918.8 48 16.5 -99-99.9-9.9-9.9
5270020160217 36.2 14.8  0.009999-99.9-99.9-99.9-99.9-9.9 9911.9 36  9.0 -99-99.9-9.9-9.9
5270020160218 40.8 12.1  0.009999-99.9-99.9-99.9-99.9-9.9 9913.9 45 11.8 -99-99.9-9.9-9.9
5270020160219 31.1 15.9  0.009999-99.9-99.9-99.9-99.9-9.9 99 9.9 41  6.6 -99-99.9-9.9-9.9
5270020160220 35.7 10.5  0.009999-99.9-99.9-99.9-99.9-9.9 9914.5 52 12.3 -99-99.9-9.9-9.9
5270020160221 39.1 16.5  0.009999-99.9-99.9-99.9-99.9-9.9 9918.9 56 16.6 -99-99.9-9.9-9.9
5270020160222 42.1 17.5 44.219999-99.9-99.9-99.9-99.9-9.9 9919.7 51 17.2 -99-99.9-9.9-9.9
5270020160223 35.2 18.3  0.009999-99.9-99.9-99.9-99.9-9.9 9922.6 77 19.5 -99-99.9-9.9-9.9
5270020160224 36.1 15.8  0.009999-99.9-99.9-99.9-99.9-9.9 9919.4 61 16.9 -99-99.9-9.9-9.9
5270020160225 35.4 13.4  0.009999-99.9-99.9-99.9-99.9-9.9 9916.0 57 13.9 -99-99.9-9.9-9.9
5270020160226 30.8 14.0  0.009999-99.9-99.9-99.9-99.9-9.9 9912.6 46 10.1 -99-99.9-9.9-9.9
5270020160227 32.2  9.1  0.009999-99.9-99.9-99.9-99.9-9.9 9911.8 57  9.4 -99-99.9-9.9-9.9
5270020160228 33.2 11.4  0.009999-99.9-99.9-99.9-99.9-9.9 9912.8 49 10.6 -99-99.9-9.9-9.9
5270020160229 34.0 12.5  0.009999-99.9-99.9-99.9-99.9-9.9 9915.6 61 13.6 -99-99.9-9.9-9.9
5270020160301 25.6 17.6  1.019999-99.9-99.9-99.9-99.9-9.9 9918.7 77 16.4 -99-99.9-9.9-9.9
5270020160302 31.2 13.8  0.009999-99.9-99.9-99.9-99.9-9.9 9916.4 69 14.4 -99-99.9-9.9-9.9
5270020160303 34.6 11.8  0.009999-99.9-99.9-99.9-99.9-9.9 9916.1 60 14.1 -99-99.9-9.9-9.9
5270020160304 33.1 14.4 11.519999-99.9-99.9-99.9-99.9-9.9 9916.5 69 14.5 -99-99.9-9.9-9.9
5270020160305 29.1 15.5  0.009999-99.9-99.9-99.9-99.9-9.9 9917.7 74 15.6 -99-99.9-9.9-9.9
5270020160306 27.6 11.8  0.009999-99.9-99.9-99.9-99.9-9.9 9916.4 69 14.3 -99-99.9-9.9-9.9
5270020160307 23.8 14.0  0.219999-99.9-99.9-99.9-99.9-9.9 9917.3 96 15.2 -99-99.9-9.9-9.9
5270020160308 32.8 11.7  0.009999-99.9-99.9-99.9-99.9-9.9 9915.0 65 13.0 -99-99.9-9.9-9.9
5270020160309 29.0 10.6  3.519999-99.9-99.9-99.9-99.9-9.9 9914.5 69 12.5 -99-99.9-9.9-9.9
5270020160310 25.0 11.7  0.009999-99.9-99.9-99.9-99.9-9.9 9914.6 84 12.6 -99-99.9-9.9-9.9
5270020160311 32.0 11.0  0.219999-99.9-99.9-99.9-99.9-9.9 9916.2 72 14.1 -99-99.9-9.9-9.9
5270020160312 28.5 13.5  0.009999-99.9-99.9-99.9-99.9-9.9 9916.8 78 14.7 -99-99.9-9.9-9.9
5270020160313 31.3 10.8  0.009999-99.9-99.9-99.9-99.9-9.9 9916.1 71 14.0 -99-99.9-9.9-9.9
5270020160314 33.1 12.2  0.009999-99.9-99.9-99.9-99.9-9.9 9916.6 70 14.6 -99-99.9-9.9-9.9
5270020160315 35.6 12.7  0.009999-99.9-99.9-99.9-99.9-9.9 9916.5 60 14.4 -99-99.9-9.9-9.9
5270020160316 32.8 14.3  0.009999-99.9-99.9-99.9-99.9-9.9 9918.0 65 15.8 -99-99.9-9.9-9.9
5270020160317 36.1 14.8  0.009999-99.9-99.9-99.9-99.9-9.9 9918.2 65 16.0 -99-99.9-9.9-9.9
5270020160318 23.6 11.3  0.009999-99.9-99.9-99.9-99.9-9.9 99 8.2 47  3.8 -99-99.9-9.9-9.9
5270020160319 27.0  5.4  0.009999-99.9-99.9-99.9-99.9-9.9 99 8.3 56  4.1 -99-99.9-9.9-9.9
5270020160320 28.0  4.1  0.009999-99.9-99.9-99.9-99.9-9.9 99 9.1 58  5.5 -99-99.9-9.9-9.9
5270020160321 30.9  5.4  0.009999-99.9-99.9-99.9-99.9-9.9 9911.0 62  8.3 -99-99.9-9.9-9.9
5270020160322 32.1  7.4  0.009999-99.9-99.9-99.9-99.9-9.9 9910.6 56  7.8 -99-99.9-9.9-9.9
5270020160323 34.4  7.9  0.009999-99.9-99.9-99.9-99.9-9.9 9910.8 54  8.1 -99-99.9-9.9-9.9
5270020160324 28.3 11.7  0.009999-99.9-99.9-99.9-99.9-9.9 99 9.1 39  5.5 -99-99.9-9.9-9.9
5270020160325 17.7 11.0  0.009999-99.9-99.9-99.9-99.9-9.9 9911.9 78  9.4 -99-99.9-9.9-9.9
5270020160326 20.5 12.6  0.009999-99.9-99.9-99.9-99.9-9.9 9914.1 78 12.1 -99-99.9-9.9-9.9
5270020160327 30.5  7.4  0.009999-99.9-99.9-99.9-99.9-9.9 9912.7 65 10.4 -99-99.9-9.9-9.9
5270020160328 32.0  8.9  0.009999-99.9-99.9-99.9-99.9-9.9 9913.0 61 10.8 -99-99.9-9.9-9.9
5270020160329 32.6  9.6  0.009999-99.9-99.9-99.9-99.9-9.9 9913.6 60 11.6 -99-99.9-9.9-9.9
5270020160330 32.6 10.2  0.009999-99.9-99.9-99.9-99.9-9.9 9914.2 62 12.2 -99-99.9-9.9-9.9
5270020160331 24.9 11.4  1.019999-99.9-99.9-99.9-99.9-9.9 9912.6 69 10.4 -99-99.9-9.9-9.9
5270020160401 23.0 12.2  0.219999-99.9-99.9-99.9-99.9-9.9 9913.5 67 11.3 -99-99.9-9.9-9.9
5270020160402 25.0 13.9  0.009999-99.9-99.9-99.9-99.9-9.9 9915.9 84 13.9 -99-99.9-9.9-9.9
5270020160403 27.8 12.6  0.519999-99.9-99.9-99.9-99.9-9.9 9916.2 81 14.2 -99-99.9-9.9-9.9
5270020160404 17.5 12.3  0.009999-99.9-99.9-99.9-99.9-9.9 9914.7 90 12.7 -99-99.9-9.9-9.9
5270020160405 25.9  9.9  0.009999-99.9-99.9-99.9-99.9-9.9 9910.7 59  7.6 -99-99.9-9.9-9.9
5270020160406 28.2  3.3  0.009999-99.9-99.9-99.9-99.9-9.9 9910.0 62  6.9 -99-99.9-9.9-9.9
5270020160407 30.9  6.1 18.219999-99.9-99.9-99.9-99.9-9.9 9912.8 64 10.4 -99-99.9-9.9-9.9
5270020160408 23.6 11.8 11.519999-99.9-99.9-99.9-99.9-9.9 9914.4 87 12.4 -99-99.9-9.9-9.9
5270020160409 14.5 10.7  0.009999-99.9-99.9-99.9-99.9-9.9 9913.5 94 11.4 -99-99.9-9.9-9.9
5270020160410 18.6 10.0  2.219999-99.9-99.9-99.9-99.9-9.9 9912.5 89 10.3 -99-99.9-9.9-9.9
5270020160411 13.7  7.9  0.009999-99.9-99.9-99.9-99.9-9.9 9911.2 90  8.6 -99-99.9-9.9-9.9
5270020160412 13.0  7.8  0.009999-99.9-99.9-99.9-99.9-9.9 9911.5 93  9.1 -99-99.9-9.9-9.9
5270020160413 21.8  4.1  0.009999-99.9-99.9-99.9-99.9-9.9 9911.2 85  8.5 -99-99.9-9.9-9.9
5270020160414 25.1  5.6  0.009999-99.9-99.9-99.9-99.9-9.9 9913.5 84 11.1 -99-99.9-9.9-9.9
5270020160415 29.6 11.2  0.009999-99.9-99.9-99.9-99.9-9.9 9913.8 69 11.6 -99-99.9-9.9-9.9
5270020160416 20.6  9.6  0.219999-99.9-99.9-99.9-99.9-9.9 9913.0 79 10.8 -99-99.9-9.9-9.9
5270020160417 14.3  9.7  0.009999-99.9-99.9-99.9-99.9-9.9 9912.1 89  9.7 -99-99.9-9.9-9.9
5270020160418 18.4  7.8  0.009999-99.9-99.9-99.9-99.9-9.9 9911.5 82  8.9 -99-99.9-9.9-9.9
5270020160419 24.0  2.2  0.009999-99.9-99.9-99.9-99.9-9.9 99 9.1 65  5.5 -99-99.9-9.9-9.9
5270020160420 27.8  2.0  0.009999-99.9-99.9-99.9-99.9-9.9 99 9.2 60  5.7 -99-99.9-9.9-9.9
5270020160421 24.9  4.4  0.009999-99.9-99.9-99.9-99.9-9.9 99 9.6 55  6.4 -99-99.9-9.9-9.9
5270020160422 24.8  2.8  0.009999-99.9-99.9-99.9-99.9-9.9 9910.2 73  7.2 -99-99.9-9.9-9.9
5270020160423 28.6  7.1  0.009999-99.9-99.9-99.9-99.9-9.9 9910.8 70  8.1 -99-99.9-9.9-9.9
5270020160424 11.3  3.7 15.519999-99.9-99.9-99.9-99.9-9.9 99 9.1 98  5.6 -99-99.9-9.9-9.9
5270020160425  9.7  2.4  0.519999-99.9-99.9-99.9-99.9-9.9 99 7.8 95  3.3 -99-99.9-9.9-9.9
5270020160426 16.3 -4.0  0.009999-99.9-99.9-99.9-99.9-9.9 99 6.1 71 -0.2 -99-99.9-9.9-9.9
5270020160427 13.9 -2.7  0.009999-99.9-99.9-99.9-99.9-9.9 99 6.5 78  0.8 -99-99.9-9.9-9.9
5270020160428 17.3  0.9  0.009999-99.9-99.9-99.9-99.9-9.9 99 7.8 77  3.4 -99-99.9-9.9-9.9
5270020160429 14.2  3.0  0.009999-99.9-99.9-99.9-99.9-9.9 99 8.9 78  5.3 -99-99.9-9.9-9.9
5270020160430 15.8  2.7  0.009999-99.9-99.9-99.9-99.9-9.9 99 8.7 84  5.0 -99-99.9-9.9-9.9
5270020160501 22.0  0.0  0.009999-99.9-99.9-99.9-99.9-9.9 99 9.3 76  5.6 -99-99.9-9.9-9.9
5270020160502 21.3  5.1  0.009999-99.9-99.9-99.9-99.9-9.9 9910.7 82  7.9 -99-99.9-9.9-9.9
5270020160503 16.3  8.4  0.009999-99.9-99.9-99.9-99.9-9.9 9911.3 84  8.7 -99-99.9-9.9-9.9
5270020160504 23.4  3.1  0.009999-99.9-99.9-99.9-99.9-9.9 9910.6 72  7.6 -99-99.9-9.9-9.9
5270020160505 15.1 11.1  4.819999-99.9-99.9-99.9-99.9-9.9 9912.8 91 10.6 -99-99.9-9.9-9.9
5270020160506 13.3 10.4  8.019999-99.9-99.9-99.9-99.9-9.9 9913.0 99 10.9 -99-99.9-9.9-9.9
5270020160507 11.7  9.0  0.009999-99.9-99.9-99.9-99.9-9.9 9912.0 99  9.6 -99-99.9-9.9-9.9
5270020160508 17.6  5.2  0.009999-99.9-99.9-99.9-99.9-9.9 9911.7 86  9.2 -99-99.9-9.9-9.9
5270020160509 20.6  6.7  0.009999-99.9-99.9-99.9-99.9-9.9 9911.8 81  9.4 -99-99.9-9.9-9.9
5270020160510 15.2  9.1 18.219999-99.9-99.9-99.9-99.9-9.9 9913.2 95 11.1 -99-99.9-9.9-9.9
5270020160511 14.6 10.7  0.519999-99.9-99.9-99.9-99.9-9.9 9913.6 99 11.5 -99-99.9-9.9-9.9
5270020160512 18.8  7.3  0.009999-99.9-99.9-99.9-99.9-9.9 9912.3 87 10.0 -99-99.9-9.9-9.9
5270020160513 16.5 10.0  0.009999-99.9-99.9-99.9-99.9-9.9 9913.1 92 11.0 -99-99.9-9.9-9.9
5270020160514 17.3 10.3  0.009999-99.9-99.9-99.9-99.9-9.9 9912.8 91 10.6 -99-99.9-9.9-9.9
5270020160515 16.3  7.7  0.009999-99.9-99.9-99.9-99.9-9.9 9911.6 86  9.1 -99-99.9-9.9-9.9
5270020160516  9.8  6.7  0.009999-99.9-99.9-99.9-99.9-9.9 9910.3100  7.4 -99-99.9-9.9-9.9
5270020160517 16.8  5.7  0.219999-99.9-99.9-99.9-99.9-9.9 99 9.7 87  6.5 -99-99.9-9.9-9.9
5270020160518  8.6  5.0  0.519999-99.9-99.9-99.9-99.9-9.9 9910.0100  6.9 -99-99.9-9.9-9.9
5270020160519 17.5  6.3  0.009999-99.9-99.9-99.9-99.9-9.9 9910.2 88  7.2 -99-99.9-9.9-9.9
5270020160520  7.9  5.8  5.019999-99.9-99.9-99.9-99.9-9.9 9910.0100  7.0 -99-99.9-9.9-9.9
5270020160521  7.7  3.9  1.819999-99.9-99.9-99.9-99.9-9.9 99 8.9 98  5.2 -99-99.9-9.9-9.9
5270020160522 16.6 -0.3  0.009999-99.9-99.9-99.9-99.9-9.9 99 8.2 86  3.9 -99-99.9-9.9-9.9
5270020160523 17.4  2.1  0.009999-99.9-99.9-99.9-99.9-9.9 99 9.1 84  5.6 -99-99.9-9.9-9.9
5270020160524 20.4 -0.9  0.009999-99.9-99.9-99.9-99.9-9.9 99 8.4 82  4.1 -99-99.9-9.9-9.9
5270020160525 21.0  1.1  0.009999-99.9-99.9-99.9-99.9-9.9 99 9.1 75  5.5 -99-99.9-9.9-9.9
5270020160526  9.9  6.7  1.819999-99.9-99.9-99.9-99.9-9.9 99 9.8 95  6.7 -99-99.9-9.9-9.9
5270020160527 10.3  5.7  0.219999-99.9-99.9-99.9-99.9-9.9 99 9.5 94  6.3 -99-99.9-9.9-9.9
5270020160528 10.7  5.8  0.009999-99.9-99.9-99.9-99.9-9.9 99 9.9 94  6.8 -99-99.9-9.9-9.9
5270020160529 13.3  6.0  0.009999-99.9-99.9-99.9-99.9-9.9 99 9.8 91  6.7 -99-99.9-9.9-9.9
5270020160530 17.8  3.5  0.009999-99.9-99.9-99.9-99.9-9.9 99 9.4 83  6.1 -99-99.9-9.9-9.9
5270020160531  9.9  3.6  0.519999-99.9-99.9-99.9-99.9-9.9 99 9.3 95  5.8 -99-99.9-9.9-9.9
5270020160601  8.5  2.0  0.009999-99.9-99.9-99.9-99.9-9.9 99 8.4 96  4.3 -99-99.9-9.9-9.9
5270020160602  6.0 -2.4  2.519999-99.9-99.9-99.9-99.9-9.9 99 7.0 96  1.6 -99-99.9-9.9-9.9
5270020160603  4.4  1.9 11.519999-99.9-99.9-99.9-99.9-9.9 99 7.5100  2.9 -99-99.9-9.9-9.9
5270020160604 12.0 -1.7  1.219999-99.9-99.9-99.9-99.9-9.9 99 7.4 91  2.5 -99-99.9-9.9-9.9
5270020160605 14.3  0.7  0.009999-99.9-99.9-99.9-99.9-9.9 99 7.2 82  2.1 -99-99.9-9.9-9.9
5270020160606 16.6 -5.9  0.009999-99.9-99.9-99.9-99.9-9.9 99 5.4 74 -1.8 -99-99.9-9.9-9.9
5270020160607 18.9 -4.6  0.009999-99.9-99.9-99.9-99.9-9.9 99 5.0 65 -2.9 -99-99.9-9.9-9.9
5270020160608 18.9 -5.0  0.009999-99.9-99.9-99.9-99.9-9.9 99 5.5 72 -1.6 -99-99.9-9.9-9.9
5270020160609 15.7 -3.9  0.219999-99.9-99.9-99.9-99.9-9.9 99 6.0 73 -0.3 -99-99.9-9.9-9.9
5270020160610  5.9 -0.6  0.009999-99.9-99.9-99.9-99.9-9.9 99 6.5 95  0.8 -99-99.9-9.9-9.9
5270020160611 11.4 -2.6  0.009999-99.9-99.9-99.9-99.9-9.9 99 6.4 89  0.5 -99-99.9-9.9-9.9
5270020160612 12.4 -5.8  0.009999-99.9-99.9-99.9-99.9-9.9 99 6.0 87 -0.5 -99-99.9-9.9-9.9
5270020160613 22.1 -4.2  0.009999-99.9-99.9-99.9-99.9-9.9 99 6.8 75  1.2 -99-99.9-9.9-9.9
5270020160614 18.5 -2.2  0.009999-99.9-99.9-99.9-99.9-9.9 99 7.1 77  1.9 -99-99.9-9.9-9.9
5270020160615 17.3 -3.3  0.009999-99.9-99.9-99.9-99.9-9.9 99 7.4 80  2.4 -99-99.9-9.9-9.9
5270020160616 19.3 -2.1  0.009999-99.9-99.9-99.9-99.9-9.9 99 7.5 77  2.7 -99-99.9-9.9-9.9
5270020160617 18.4 -3.6  0.009999-99.9-99.9-99.9-99.9-9.9 99 6.8 79  1.1 -99-99.9-9.9-9.9
5270020160618 18.2 -2.9  0.009999-99.9-99.9-99.9-99.9-9.9 99 7.0 75  1.8 -99-99.9-9.9-9.9
5270020160619 12.1  0.2  0.009999-99.9-99.9-99.9-99.9-9.9 99 8.0 82  3.7 -99-99.9-9.9-9.9
5270020160620 17.1 -1.6  0.009999-99.9-99.9-99.9-99.9-9.9 99 7.4 81  2.5 -99-99.9-9.9-9.9
5270020160621 17.0 -4.3  0.009999-99.9-99.9-99.9-99.9-9.9 99 6.6 79  0.7 -99-99.9-9.9-9.9
5270020160622 17.8 -4.4  0.009999-99.9-99.9-99.9-99.9-9.9 99 6.5 80  0.6 -99-99.9-9.9-9.9
5270020160623 14.9 -3.3  0.009999-99.9-99.9-99.9-99.9-9.9 99 6.7 78  1.2 -99-99.9-9.9-9.9
5270020160624  9.7  2.1  0.009999-99.9-99.9-99.9-99.9-9.9 99 7.8 81  3.5 -99-99.9-9.9-9.9
5270020160625 13.5  0.3  0.009999-99.9-99.9-99.9-99.9-9.9 99 6.9 77  1.7 -99-99.9-9.9-9.9
5270020160626 11.2 -2.2  0.009999-99.9-99.9-99.9-99.9-9.9 99 6.5 81  0.8 -99-99.9-9.9-9.9
5270020160627 12.1  1.5  0.009999-99.9-99.9-99.9-99.9-9.9 99 7.4 83  2.6 -99-99.9-9.9-9.9
5270020160628 16.2 -2.9  0.009999-99.9-99.9-99.9-99.9-9.9 99 6.9 81  1.5 -99-99.9-9.9-9.9
5270020160629 16.7 -3.7  0.009999-99.9-99.9-99.9-99.9-9.9 99 6.9 86  1.3 -99-99.9-9.9-9.9
5270020160630 16.8 -2.5  0.009999-99.9-99.9-99.9-99.9-9.9 99 5.8 73 -0.7 -99-99.9-9.9-9.9
5270020160701 14.2 -2.2  3.819999-99.9-99.9-99.9-99.9-9.9 99 6.6 78  1.0 -99-99.9-9.9-9.9
5270020160702  7.1  2.7  0.009999-99.9-99.9-99.9-99.9-9.9 99 8.8 99  5.2 -99-99.9-9.9-9.9
5270020160703  6.2  4.2  0.819999-99.9-99.9-99.9-99.9-9.9 99 8.5100  4.6 -99-99.9-9.9-9.9
5270020160704 12.4 -0.4  0.009999-99.9-99.9-99.9-99.9-9.9 99 7.3 91  2.3 -99-99.9-9.9-9.9
5270020160705 21.2 -3.8  0.009999-99.9-99.9-99.9-99.9-9.9 99 5.4 68 -1.9 -99-99.9-9.9-9.9
5270020160706 19.6 -4.4  0.009999-99.9-99.9-99.9-99.9-9.9 99 5.2 67 -2.2 -99-99.9-9.9-9.9
5270020160707 20.0 -4.2  0.009999-99.9-99.9-99.9-99.9-9.9 99 5.5 67 -1.6 -99-99.9-9.9-9.9
5270020160708 23.6 -4.0  0.009999-99.9-99.9-99.9-99.9-9.9 99 5.5 66 -1.4 -99-99.9-9.9-9.9
5270020160709 19.6 -3.2  0.009999-99.9-99.9-99.9-99.9-9.9 99 5.6 62 -1.4 -99-99.9-9.9-9.9
5270020160710 20.3 -3.5  0.009999-99.9-99.9-99.9-99.9-9.9 99 6.3 67  0.3 -99-99.9-9.9-9.9
5270020160711 15.4 -0.2  0.009999-99.9-99.9-99.9-99.9-9.9 99 6.9 75  1.6 -99-99.9-9.9-9.9
5270020160712 18.3 -4.2  0.009999-99.9-99.9-99.9-99.9-9.9 99 5.9 72 -0.5 -99-99.9-9.9-9.9
5270020160713 10.4 -0.8  0.009999-99.9-99.9-99.9-99.9-9.9 99 6.8 82  1.4 -99-99.9-9.9-9.9
5270020160714 16.5 -3.8  0.009999-99.9-99.9-99.9-99.9-9.9 99 6.4 77  0.5 -99-99.9-9.9-9.9
5270020160715 15.3 -2.4  0.009999-99.9-99.9-99.9-99.9-9.9 99 5.2 63 -2.2 -99-99.9-9.9-9.9
5270020160716  9.6 -4.2  0.009999-99.9-99.9-99.9-99.9-9.9 99 5.4 84 -1.7 -99-99.9-9.9-9.9
5270020160717  9.6 -6.0  0.009999-99.9-99.9-99.9-99.9-9.9 99 5.4 82 -1.9 -99-99.9-9.9-9.9
5270020160718 18.1 -5.3  0.009999-99.9-99.9-99.9-99.9-9.9 99 5.4 72 -1.8 -99-99.9-9.9-9.9
5270020160719 13.6 -5.5  0.009999-99.9-99.9-99.9-99.9-9.9 99 5.9 79 -0.7 -99-99.9-9.9-9.9
5270020160720 19.1 -4.8  0.009999-99.9-99.9-99.9-99.9-9.9 99 6.2 73  0.1 -99-99.9-9.9-9.9
5270020160721 20.9 -5.1  0.009999-99.9-99.9-99.9-99.9-9.9 99 6.1 71 -0.2 -99-99.9-9.9-9.9
5270020160722 18.8 -4.2  0.009999-99.9-99.9-99.9-99.9-9.9 99 6.9 74  1.4 -99-99.9-9.9-9.9
5270020160723 22.7 -1.7  0.009999-99.9-99.9-99.9-99.9-9.9 99 7.1 68  1.9 -99-99.9-9.9-9.9
5270020160724 13.6  1.7  0.009999-99.9-99.9-99.9-99.9-9.9 99 7.3 76  2.5 -99-99.9-9.9-9.9
5270020160725 19.6 -1.1  0.009999-99.9-99.9-99.9-99.9-9.9 99 7.7 74  3.1 -99-99.9-9.9-9.9
5270020160726 13.6  0.6  0.009999-99.9-99.9-99.9-99.9-9.9 99 7.3 84  2.3 -99-99.9-9.9-9.9
5270020160727 13.8 -2.1  0.009999-99.9-99.9-99.9-99.9-9.9 99 6.6 80  1.0 -99-99.9-9.9-9.9
5270020160728 16.0 -5.1  0.009999-99.9-99.9-99.9-99.9-9.9 99 5.9 77 -0.6 -99-99.9-9.9-9.9
5270020160729 17.7 -4.5  0.009999-99.9-99.9-99.9-99.9-9.9 99 6.5 73  0.6 -99-99.9-9.9-9.9
5270020160730 19.8 -4.3  0.009999-99.9-99.9-99.9-99.9-9.9 99 6.5 71  0.7 -99-99.9-9.9-9.9
5270020160731 18.0  0.3  0.009999-99.9-99.9-99.9-99.9-9.9 99 8.3 71  4.3 -99-99.9-9.9-9.9
5270020160801 19.3 -0.7  0.009999-99.9-99.9-99.9-99.9-9.9 99 7.3 67  2.3 -99-99.9-9.9-9.9
5270020160802 20.0 -2.6  0.009999-99.9-99.9-99.9-99.9-9.9 99 6.8 74  1.4 -99-99.9-9.9-9.9
5270020160803 20.0 -3.9  0.009999-99.9-99.9-99.9-99.9-9.9 99 7.1 74  1.9 -99-99.9-9.9-9.9
5270020160804 22.4 -0.9  0.009999-99.9-99.9-99.9-99.9-9.9 99 7.6 72  2.8 -99-99.9-9.9-9.9
5270020160805 18.5  0.4  0.009999-99.9-99.9-99.9-99.9-9.9 99 8.6 76  4.6 -99-99.9-9.9-9.9
5270020160806 22.8  0.2  0.009999-99.9-99.9-99.9-99.9-9.9 99 7.5 68  2.8 -99-99.9-9.9-9.9
5270020160807 21.4  0.1  0.009999-99.9-99.9-99.9-99.9-9.9 99 7.5 72  2.7 -99-99.9-9.9-9.9
5270020160808 22.2 -1.3  0.009999-99.9-99.9-99.9-99.9-9.9 99 6.2 60  0.2 -99-99.9-9.9-9.9
5270020160809 22.4 -4.8  0.009999-99.9-99.9-99.9-99.9-9.9 99 6.3 64  0.2 -99-99.9-9.9-9.9
5270020160810 22.3 -1.7  0.009999-99.9-99.9-99.9-99.9-9.9 99 6.9 63  1.5 -99-99.9-9.9-9.9
5270020160811 25.9 -2.7  0.009999-99.9-99.9-99.9-99.9-9.9 99 7.5 65  2.7 -99-99.9-9.9-9.9
5270020160812 23.9 -0.7  0.009999-99.9-99.9-99.9-99.9-9.9 99 7.3 62  2.4 -99-99.9-9.9-9.9
5270020160813 27.3  6.7  0.009999-99.9-99.9-99.9-99.9-9.9 99 7.6 43  2.8 -99-99.9-9.9-9.9
5270020160814 26.3  0.8  0.009999-99.9-99.9-99.9-99.9-9.9 99 6.5 46  0.3 -99-99.9-9.9-9.9
5270020160815 26.8 13.9  0.009999-99.9-99.9-99.9-99.9-9.9 99 5.7 26 -1.4 -99-99.9-9.9-9.9
5270020160816 26.7  7.7  0.009999-99.9-99.9-99.9-99.9-9.9 99 7.2 41  2.1 -99-99.9-9.9-9.9
5270020160817 20.1  2.1  0.009999-99.9-99.9-99.9-99.9-9.9 99 5.5 54 -1.5 -99-99.9-9.9-9.9
5270020160818 19.8 -4.2  0.009999-99.9-99.9-99.9-99.9-9.9 99 4.4 49 -4.5 -99-99.9-9.9-9.9
5270020160819 19.7 -1.9  0.009999-99.9-99.9-99.9-99.9-9.9 99 4.4 38 -4.4 -99-99.9-9.9-9.9
5270020160820 12.1 -3.0  0.009999-99.9-99.9-99.9-99.9-9.9 99 5.8 83 -0.9 -99-99.9-9.9-9.9
5270020160821-99.9-99.9-99.999999-99.9-99.9-99.9-99.9-9.9 99-9.9-99-99.9 -99-99.9-9.9-9.9
5270020171011-99.9-99.9-99.999999-99.9-99.9-99.9-99.9-9.9 99-9.9-99-99.9 -99-99.9-9.9-9.9
5270020171012 11.8  0.9  0.009999-99.9-99.9-99.9-99.9-9.9 99 7.1 84  2.0 -99-99.9-9.9-9.9
5270020171013 22.5 -3.5  0.009999-99.9-99.9-99.9-99.9-9.9 99 6.1 51 -0.1 -99-99.9-9.9-9.9
5270020171014 25.0 -2.2  0.009999-99.9-99.9-99.9-99.9-9.9 99 6.1 48 -0.1 -99-99.9-9.9-9.9
5270020171015 26.2 -0.5  0.009999-99.9-99.9-99.9-99.9-9.9 99 6.5 43  0.8 -99-99.9-9.9-9.9
5270020171016 30.6  1.6  0.009999-99.9-99.9-99.9-99.9-9.9 99 6.3 28 -0.3 -99-99.9-9.9-9.9
5270020171017 30.1  2.9  0.009999-99.9-99.9-99.9-99.9-9.9 99 6.2 37 -0.3 -99-99.9-9.9-9.9
5270020171018 29.8  5.0  0.009999-99.9-99.9-99.9-99.9-9.9 99 7.2 33  2.1 -99-99.9-9.9-9.9
5270020171019 22.4  0.0  0.009999-99.9-99.9-99.9-99.9-9.9 99 5.5 42 -1.5 -99-99.9-9.9-9.9
5270020171020 26.2  2.3  0.009999-99.9-99.9-99.9-99.9-9.9 99 5.8 38 -0.8 -99-99.9-9.9-9.9
5270020171021 22.3 -1.6  0.009999-99.9-99.9-99.9-99.9-9.9 99 5.1 37 -2.5 -99-99.9-9.9-9.9
5270020171022 24.8 -1.6  0.009999-99.9-99.9-99.9-99.9-9.9 99 5.3 40 -1.8 -99-99.9-9.9-9.9
5270020171023 28.8  0.6  0.009999-99.9-99.9-99.9-99.9-9.9 99 6.2 37  0.3 -99-99.9-9.9-9.9
5270020171024 28.8  4.1  0.009999-99.9-99.9-99.9-99.9-9.9 99 7.3 35  2.4 -99-99.9-9.9-9.9
5270020171025 30.6  4.9  0.009999-99.9-99.9-99.9-99.9-9.9 99 8.5 37  4.6 -99-99.9-9.9-9.9
5270020171026 29.0  9.4  0.009999-99.9-99.9-99.9-99.9-9.9 99 9.0 45  5.3 -99-99.9-9.9-9.9
5270020171027 26.3  6.2  0.009999-99.9-99.9-99.9-99.9-9.9 99 7.2 43  2.1 -99-99.9-9.9-9.9
5270020171028 31.6  2.3  0.009999-99.9-99.9-99.9-99.9-9.9 99 5.5 23 -2.6 -99-99.9-9.9-9.9
5270020171029 24.5  0.5  0.009999-99.9-99.9-99.9-99.9-9.9 99 4.7 29 -3.6 -99-99.9-9.9-9.9
5270020171030 25.6 -0.2  0.009999-99.9-99.9-99.9-99.9-9.9 99 5.0 31 -2.9 -99-99.9-9.9-9.9
5270020171031 28.7  1.4  0.009999-99.9-99.9-99.9-99.9-9.9 99 5.9 38 -0.5 -99-99.9-9.9-9.9
5270020171101 26.1  4.0  0.009999-99.9-99.9-99.9-99.9-9.9 99 9.8 54  6.3 -99-99.9-9.9-9.9
5270020171102 24.1  6.6  0.009999-99.9-99.9-99.9-99.9-9.9 9910.8 72  8.0 -99-99.9-9.9-9.9
5270020171103 23.7  5.4  0.009999-99.9-99.9-99.9-99.9-9.9 99 7.9 48  3.6 -99-99.9-9.9-9.9
5270020171104 25.0  1.8  0.009999-99.9-99.9-99.9-99.9-9.9 99 7.0 44  1.7 -99-99.9-9.9-9.9
5270020171105 28.9  3.8  0.009999-99.9-99.9-99.9-99.9-9.9 99 9.0 42  5.4 -99-99.9-9.9-9.9
5270020171106 27.1  8.3  0.009999-99.9-99.9-99.9-99.9-9.9 9910.9 55  8.1 -99-99.9-9.9-9.9
5270020171107 24.6 10.6  0.009999-99.9-99.9-99.9-99.9-9.9 9911.1 52  8.5 -99-99.9-9.9-9.9
5270020171108 22.5  9.2  0.009999-99.9-99.9-99.9-99.9-9.9 9912.0 79  9.6 -99-99.9-9.9-9.9
5270020171109 29.2  5.6  0.009999-99.9-99.9-99.9-99.9-9.9 9911.0 53  8.3 -99-99.9-9.9-9.9
5270020171110 26.8  8.5  0.009999-99.9-99.9-99.9-99.9-9.9 9910.6 52  7.8 -99-99.9-9.9-9.9
5270020171111 30.7  6.5  0.009999-99.9-99.9-99.9-99.9-9.9 9910.0 41  6.9 -99-99.9-9.9-9.9
5270020171112 34.8  8.5  0.009999-99.9-99.9-99.9-99.9-9.9 9910.4 38  7.4 -99-99.9-9.9-9.9
5270020171113 35.3 10.3  0.009999-99.9-99.9-99.9-99.9-9.9 9910.8 36  8.1 -99-99.9-9.9-9.9
5270020171114 35.1 12.1  0.009999-99.9-99.9-99.9-99.9-9.9 9912.1 44  9.7 -99-99.9-9.9-9.9
5270020171115 28.1 11.4  0.009999-99.9-99.9-99.9-99.9-9.9 99 7.7 28  2.6 -99-99.9-9.9-9.9
5270020171116 27.5  1.6  0.009999-99.9-99.9-99.9-99.9-9.9 99 5.1 30 -2.5 -99-99.9-9.9-9.9
5270020171117 28.5  4.0  0.009999-99.9-99.9-99.9-99.9-9.9 99 6.1 29 -0.2 -99-99.9-9.9-9.9
5270020171118 26.1  0.0  0.009999-99.9-99.9-99.9-99.9-9.9 99 4.4 30 -4.6 -99-99.9-9.9-9.9
5270020171119 28.4  2.7  0.009999-99.9-99.9-99.9-99.9-9.9 99 6.1 30 -0.2 -99-99.9-9.9-9.9
5270020171120 27.2  4.4  0.009999-99.9-99.9-99.9-99.9-9.9 99 8.3 52  4.1 -99-99.9-9.9-9.9
5270020171120 27.2  4.4  0.009999-99.9-99.9-99.9-99.9-9.9 99 8.3 52  4.1 -99-99.9-9.9-9.9
5270020171121 27.8  1.5  0.009999-99.9-99.9-99.9-99.9-9.9 99 6.4 36  0.5 -99-99.9-9.9-9.9
5270020171121 27.8  1.5  0.009999-99.9-99.9-99.9-99.9-9.9 99 6.4 36  0.5 -99-99.9-9.9-9.9
5270020171122 32.3  2.9  0.009999-99.9-99.9-99.9-99.9-9.9 99 6.1 29 -0.3 -99-99.9-9.9-9.9
5270020171122-99.9-99.9-99.999999-99.9-99.9-99.9-99.9-9.9 99-9.9-99-99.9 -99-99.9-9.9-9.9
5270020171123 33.7  5.9  0.009999-99.9-99.9-99.9-99.9-9.9 99 5.4 22 -1.7 -99-99.9-9.9-9.9
5270020171124 29.5  1.2  0.009999-99.9-99.9-99.9-99.9-9.9 99 5.5 27 -1.6 -99-99.9-9.9-9.9
5270020171125 31.2  3.0  0.009999-99.9-99.9-99.9-99.9-9.9 99 6.4 30  0.5 -99-99.9-9.9-9.9
5270020171126 35.7  5.8  0.009999-99.9-99.9-99.9-99.9-9.9 99 7.2 29  2.2 -99-99.9-9.9-9.9
5270020171127 26.5 11.8  0.009999-99.9-99.9-99.9-99.9-9.9 99 5.9 32 -0.5 -99-99.9-9.9-9.9
5270020171128 31.1  4.2  0.009999-99.9-99.9-99.9-99.9-9.9 99 7.9 36  3.5 -99-99.9-9.9-9.9
5270020171129 32.8  9.2  0.009999-99.9-99.9-99.9-99.9-9.9 9910.6 45  7.8 -99-99.9-9.9-9.9
5270020171130 33.2 12.1  0.009999-99.9-99.9-99.9-99.9-9.9 9910.0 35  6.6 -99-99.9-9.9-9.9
5270020171201 21.8 12.8  0.009999-99.9-99.9-99.9-99.9-9.9 9913.7 85 11.6 -99-99.9-9.9-9.9
5270020171202 21.6  9.8  0.009999-99.9-99.9-99.9-99.9-9.9 9913.2 85 11.0 -99-99.9-9.9-9.9
5270020171203 25.1  8.7  0.009999-99.9-99.9-99.9-99.9-9.9 9912.2 80  9.8 -99-99.9-9.9-9.9
5270020171204 17.1  8.8  0.009999-99.9-99.9-99.9-99.9-9.9 9912.5 86 10.3 -99-99.9-9.9-9.9
5270020171205 27.8  7.1  0.009999-99.9-99.9-99.9-99.9-9.9 9913.4 73 11.2 -99-99.9-9.9-9.9
5270020171206 30.3  9.5  0.009999-99.9-99.9-99.9-99.9-9.9 9913.7 62 11.6 -99-99.9-9.9-9.9
5270020171207 31.3 11.8  0.009999-99.9-99.9-99.9-99.9-9.9 9913.9 50 11.8 -99-99.9-9.9-9.9
5270020171208 31.7 14.3  0.009999-99.9-99.9-99.9-99.9-9.9 9912.3 41  9.9 -99-99.9-9.9-9.9
5270020171209 31.5 10.2  0.009999-99.9-99.9-99.9-99.9-9.9 9910.6 36  7.7 -99-99.9-9.9-9.9
5270020171210 34.6  9.1  0.009999-99.9-99.9-99.9-99.9-9.9 9910.2 35  7.2 -99-99.9-9.9-9.9
5270020171211 29.7 10.5  0.009999-99.9-99.9-99.9-99.9-9.9 9911.2 46  8.6 -99-99.9-9.9-9.9
5270020171212 34.5  8.9  0.009999-99.9-99.9-99.9-99.9-9.9 9913.3 58 11.0 -99-99.9-9.9-9.9
5270020171213 29.3 12.8  0.009999-99.9-99.9-99.9-99.9-9.9 9913.5 56 11.3 -99-99.9-9.9-9.9
5270020171214 32.6 10.0  0.009999-99.9-99.9-99.9-99.9-9.9 9911.9 43  9.5 -99-99.9-9.9-9.9
5270020171215 34.1 10.9  0.009999-99.9-99.9-99.9-99.9-9.9 9911.4 37  8.8 -99-99.9-9.9-9.9
5270020171216 38.8 12.4  0.009999-99.9-99.9-99.9-99.9-9.9 9910.0 26  5.6 -99-99.9-9.9-9.9
5270020171217 28.2  7.5  0.009999-99.9-99.9-99.9-99.9-9.9 99 5.1 27 -2.6 -99-99.9-9.9-9.9
5270020171218 30.5  2.7  0.009999-99.9-99.9-99.9-99.9-9.9 99 7.3 31  2.2 -99-99.9-9.9-9.9
5270020171219 34.5  7.5  0.009999-99.9-99.9-99.9-99.9-9.9 9910.6 38  7.7 -99-99.9-9.9-9.9
5270020171220 37.0 11.4  0.009999-99.9-99.9-99.9-99.9-9.9 9912.6 37 10.4 -99-99.9-9.9-9.9
5270020171221 31.5 13.1  0.009999-99.9-99.9-99.9-99.9-9.9 9911.1 44  8.5 -99-99.9-9.9-9.9
5270020171222 34.0 10.0  0.009999-99.9-99.9-99.9-99.9-9.9 9912.6 52 10.2 -99-99.9-9.9-9.9
5270020171223 26.5 11.4  0.009999-99.9-99.9-99.9-99.9-9.9 99 6.1 28 -0.5 -99-99.9-9.9-9.9
5270020171224 31.6  2.7  0.009999-99.9-99.9-99.9-99.9-9.9 99 7.3 33  2.4 -99-99.9-9.9-9.9
5270020171225 34.2  8.1  0.009999-99.9-99.9-99.9-99.9-9.9 99 9.7 35  6.4 -99-99.9-9.9-9.9
5270020171226 34.3 11.5  0.009999-99.9-99.9-99.9-99.9-9.9 9910.5 34  7.7 -99-99.9-9.9-9.9
5270020171227 32.0 11.3  0.009999-99.9-99.9-99.9-99.9-9.9 9912.2 44  9.8 -99-99.9-9.9-9.9
5270020171228 35.9  9.9  0.009999-99.9-99.9-99.9-99.9-9.9 9911.4 36  8.8 -99-99.9-9.9-9.9
5270020171229 38.6 11.5  0.009999-99.9-99.9-99.9-99.9-9.9 9910.6 31  7.8 -99-99.9-9.9-9.9
5270020171230 34.2 13.7  0.009999-99.9-99.9-99.9-99.9-9.9 99 9.2 28  5.7 -99-99.9-9.9-9.9
5270020171231 29.8 14.7  0.009999-99.9-99.9-99.9-99.9-9.9 9910.9 52  8.1 -99-99.9-9.9-9.9
5270020180101-99.9-99.9-99.999999-99.9-99.9-99.9-99.9-9.9 99-9.9-99-99.9 -99-99.9-9.9-9.9
5270020180726-99.9-99.9-99.999999-99.9-99.9-99.9-99.9-9.9 99-9.9-99-99.9 -99-99.9-9.9-9.9
5270020180727  3.4-11.5  0.219999-99.9-99.9-99.9-99.9-9.9 99 3.6 77 -7.3 -99-99.9-9.9-9.9
5270020180728 12.0 -9.5  0.009999-99.9-99.9-99.9-99.9-9.9 99 3.9 66 -6.2 -99-99.9-9.9-9.9
5270020180729 12.7-10.9  0.009999-99.9-99.9-99.9-99.9-9.9 99 3.5 66 -7.5 -99-99.9-9.9-9.9
5270020180730 13.5-11.1  0.009999-99.9-99.9-99.9-99.9-9.9 99 3.3 59 -8.2 -99-99.9-9.9-9.9
5270020180731 12.0-11.5  0.009999-99.9-99.9-99.9-99.9-9.9 99 3.2 64 -8.6 -99-99.9-9.9-9.9
5270020180801 14.1-11.4  0.009999-99.9-99.9-99.9-99.9-9.9 99 3.5 63 -7.6 -99-99.9-9.9-9.9
5270020180802 12.6 -9.6  0.009999-99.9-99.9-99.9-99.9-9.9 99 3.7 66 -6.9 -99-99.9-9.9-9.9
5270020180803 15.9-10.4  0.009999-99.9-99.9-99.9-99.9-9.9 99 3.6 59 -7.2 -99-99.9-9.9-9.9
5270020180804 11.0-10.4  0.009999-99.9-99.9-99.9-99.9-9.9 99 3.4 63 -8.0 -99-99.9-9.9-9.9
5270020180805 18.6 -9.2  0.009999-99.9-99.9-99.9-99.9-9.9 99 3.6 59 -7.0 -99-99.9-9.9-9.9
5270020180806 17.8 -6.9  0.009999-99.9-99.9-99.9-99.9-9.9 99 3.9 53 -6.2 -99-99.9-9.9-9.9
5270020180807 12.1 -4.9  0.009999-99.9-99.9-99.9-99.9-9.9 99 3.6 54 -7.2 -99-99.9-9.9-9.9
5270020180808  9.8-13.7  0.009999-99.9-99.9-99.9-99.9-9.9 99 2.5 52-11.7 -99-99.9-9.9-9.9
5270020180809 12.4-10.3  0.009999-99.9-99.9-99.9-99.9-9.9 99 2.9 57-10.1 -99-99.9-9.9-9.9
5270020180810 18.2-10.0  0.009999-99.9-99.9-99.9-99.9-9.9 99 3.0 50 -9.6 -99-99.9-9.9-9.9
5270020180811 17.6-10.7  0.009999-99.9-99.9-99.9-99.9-9.9 99 3.2 57 -8.7 -99-99.9-9.9-9.9
5270020180812 19.0 -7.5  0.009999-99.9-99.9-99.9-99.9-9.9 99 3.8 51 -6.6 -99-99.9-9.9-9.9
5270020180813 17.2 -6.4  0.009999-99.9-99.9-99.9-99.9-9.9 99 4.1 59 -5.4 -99-99.9-9.9-9.9
5270020180814  9.2 -9.9  0.009999-99.9-99.9-99.9-99.9-9.9 99 2.6 51-11.0 -99-99.9-9.9-9.9
5270020180815 16.6-10.1  0.009999-99.9-99.9-99.9-99.9-9.9 99 2.9 49 -9.7 -99-99.9-9.9-9.9
5270020180816 19.1 -9.5  0.009999-99.9-99.9-99.9-99.9-9.9 99 3.3 44 -8.2 -99-99.9-9.9-9.9
5270020180817 23.7 -7.4  0.009999-99.9-99.9-99.9-99.9-9.9 99 3.8 45 -6.5 -99-99.9-9.9-9.9
5270020180818  5.9 -3.1  0.009999-99.9-99.9-99.9-99.9-9.9 99 4.3 63 -4.9 -99-99.9-9.9-9.9
5270020180819  9.2 -4.9  0.009999-99.9-99.9-99.9-99.9-9.9 99 2.7 43-11.0 -99-99.9-9.9-9.9
5270020180820 10.7-14.5  0.009999-99.9-99.9-99.9-99.9-9.9 99 2.1 46-13.8 -99-99.9-9.9-9.9
5270020180821 15.1-13.3  0.009999-99.9-99.9-99.9-99.9-9.9 99 2.3 42-12.8 -99-99.9-9.9-9.9
5270020180822 14.9-11.2  0.009999-99.9-99.9-99.9-99.9-9.9 99 2.7 43-11.0 -99-99.9-9.9-9.9
5270020180823 16.3 -3.4 10.219999-99.9-99.9-99.9-99.9-9.9 99 3.9 57 -6.1 -99-99.9-9.9-9.9
5270020180824  9.4 -6.7  0.009999-99.9-99.9-99.9-99.9-9.9 99 4.3 72 -4.9 -99-99.9-9.9-9.9
5270020180825 15.7 -9.6  0.009999-99.9-99.9-99.9-99.9-9.9 99 4.0 56 -5.8 -99-99.9-9.9-9.9
5270020180826 21.6 -6.8  0.009999-99.9-99.9-99.9-99.9-9.9 99 4.1 51 -5.5 -99-99.9-9.9-9.9
5270020180827 25.0 -6.0  0.009999-99.9-99.9-99.9-99.9-9.9 99 4.0 43 -5.8 -99-99.9-9.9-9.9
5270020180828 23.1 -3.7  0.009999-99.9-99.9-99.9-99.9-9.9 99 3.9 39 -5.9 -99-99.9-9.9-9.9
5270020180829 19.9 -4.2  0.009999-99.9-99.9-99.9-99.9-9.9 99 4.1 42 -5.5 -99-99.9-9.9-9.9
5270020180830  7.7  2.3  1.019999-99.9-99.9-99.9-99.9-9.9 99 5.3 64 -2.0 -99-99.9-9.9-9.9
5270020180831  2.7 -3.4  0.009999-99.9-99.9-99.9-99.9-9.9 99 4.3 78 -4.7 -99-99.9-9.9-9.9
5270020180901 11.3 -3.8  0.219999-99.9-99.9-99.9-99.9-9.9 99 4.3 64 -4.8 -99-99.9-9.9-9.9
5270020180902 17.8 -9.9  0.009999-99.9-99.9-99.9-99.9-9.9 99 4.1 59 -5.7 -99-99.9-9.9-9.9
5270020180903 20.6 -6.8  0.009999-99.9-99.9-99.9-99.9-9.9 99 4.2 47 -5.2 -99-99.9-9.9-9.9
5270020180904 22.3 -6.1  0.009999-99.9-99.9-99.9-99.9-9.9 99 4.3 47 -4.8 -99-99.9-9.9-9.9
5270020180905 25.7 -5.9  0.009999-99.9-99.9-99.9-99.9-9.9 99 4.8 46 -3.5 -99-99.9-9.9-9.9
5270020180906 21.2  0.2  0.009999-99.9-99.9-99.9-99.9-9.9 99 4.8 40 -3.3 -99-99.9-9.9-9.9
5270020180907 20.4 -4.8  0.009999-99.9-99.9-99.9-99.9-9.9 99 4.2 45 -5.1 -99-99.9-9.9-9.9
5270020180908 21.5 -5.8  0.009999-99.9-99.9-99.9-99.9-9.9 99 4.7 46 -3.7 -99-99.9-9.9-9.9
5270020180909 19.5 -1.1  0.009999-99.9-99.9-99.9-99.9-9.9 99 6.0 56 -0.3 -99-99.9-9.9-9.9
5270020180910 17.3 -3.2  0.009999-99.9-99.9-99.9-99.9-9.9 99 6.3 63  0.4 -99-99.9-9.9-9.9
5270020180911 23.0 -3.3  0.009999-99.9-99.9-99.9-99.9-9.9 99 6.9 57  1.5 -99-99.9-9.9-9.9
5270020180912 15.9  6.2  0.009999-99.9-99.9-99.9-99.9-9.9 99 5.1 41 -2.7 -99-99.9-9.9-9.9
5270020180913 19.6 -2.9  0.009999-99.9-99.9-99.9-99.9-9.9 99 4.7 48 -3.5 -99-99.9-9.9-9.9
5270020180914 20.5 -4.2  0.009999-99.9-99.9-99.9-99.9-9.9 99 5.4 53 -1.7 -99-99.9-9.9-9.9
5270020180915 20.1 -1.6  0.009999-99.9-99.9-99.9-99.9-9.9 99 5.9 51 -0.5 -99-99.9-9.9-9.9
5270020180916 21.5 -3.5  0.009999-99.9-99.9-99.9-99.9-9.9 99 4.9 42 -3.2 -99-99.9-9.9-9.9
5270020180917 22.8 -2.6  0.009999-99.9-99.9-99.9-99.9-9.9 99 5.1 43 -2.4 -99-99.9-9.9-9.9
5270020180918 20.6  2.4  0.009999-99.9-99.9-99.9-99.9-9.9 99 4.9 38 -3.1 -99-99.9-9.9-9.9
5270020180919 19.0 -5.5  0.009999-99.9-99.9-99.9-99.9-9.9 99 4.1 49 -5.4 -99-99.9-9.9-9.9
5270020180920 23.6 -5.3  0.009999-99.9-99.9-99.9-99.9-9.9 99 4.1 34 -5.5 -99-99.9-9.9-9.9
5270020180921 27.2  1.0  0.009999-99.9-99.9-99.9-99.9-9.9 99 5.2 44 -2.2 -99-99.9-9.9-9.9
5270020180922 29.6 -1.5  0.009999-99.9-99.9-99.9-99.9-9.9 99 2.5 17-13.4 -99-99.9-9.9-9.9
5270020180923 24.0 -0.4  0.009999-99.9-99.9-99.9-99.9-9.9 99 4.2 34 -5.4 -99-99.9-9.9-9.9
5270020180924 20.6  1.6  0.009999-99.9-99.9-99.9-99.9-9.9 99 4.3 37 -4.8 -99-99.9-9.9-9.9
5270020180925 24.8 -3.5  0.009999-99.9-99.9-99.9-99.9-9.9 99 4.7 38 -3.5 -99-99.9-9.9-9.9
5270020180926 20.1  2.4  0.009999-99.9-99.9-99.9-99.9-9.9 99 6.3 57  0.3 -99-99.9-9.9-9.9
5270020180927 18.3  2.7  0.009999-99.9-99.9-99.9-99.9-9.9 99 7.6 68  2.9 -99-99.9-9.9-9.9
5270020180928 20.6  4.5  0.009999-99.9-99.9-99.9-99.9-9.9 99 7.8 60  3.4 -99-99.9-9.9-9.9
5270020180929 22.1  5.9  0.009999-99.9-99.9-99.9-99.9-9.9 99 7.0 44  1.5 -99-99.9-9.9-9.9
5270020180930 21.9  3.2  0.009999-99.9-99.9-99.9-99.9-9.9 99 4.6 32 -4.2 -99-99.9-9.9-9.9
5270020181001 13.8 -0.1  0.009999-99.9-99.9-99.9-99.9-9.9 99 3.1 32 -9.0 -99-99.9-9.9-9.9
5270020181002 20.0 -8.1  0.009999-99.9-99.9-99.9-99.9-9.9 99 3.5 37 -7.3 -99-99.9-9.9-9.9
5270020181003 19.2 -5.8  0.009999-99.9-99.9-99.9-99.9-9.9 99 3.1 25 -8.8 -99-99.9-9.9-9.9
5270020181004 22.8 -4.5  0.009999-99.9-99.9-99.9-99.9-9.9 99 3.7 31 -6.7 -99-99.9-9.9-9.9
5270020181005 24.4 -2.4  0.009999-99.9-99.9-99.9-99.9-9.9 99 4.7 36 -3.7 -99-99.9-9.9-9.9
5270020181006 26.4 -0.4  0.009999-99.9-99.9-99.9-99.9-9.9 99 5.1 32 -2.6 -99-99.9-9.9-9.9
5270020181007 26.8  1.0  0.009999-99.9-99.9-99.9-99.9-9.9 99 4.8 27 -3.6 -99-99.9-9.9-9.9
5270020181008 25.2 12.1  0.009999-99.9-99.9-99.9-99.9-9.9 99 3.1 17 -9.3 -99-99.9-9.9-9.9
5270020181009 19.2 -2.0  0.009999-99.9-99.9-99.9-99.9-9.9 99 3.9 30 -6.2 -99-99.9-9.9-9.9
5270020181010 16.9 -3.0  0.009999-99.9-99.9-99.9-99.9-9.9 99 3.1 30 -9.0 -99-99.9-9.9-9.9
5270020181011 19.7 -1.6  0.009999-99.9-99.9-99.9-99.9-9.9 99 3.7 31 -6.8 -99-99.9-9.9-9.9
5270020181012 22.6 -2.9  0.219999-99.9-99.9-99.9-99.9-9.9 99 4.7 35 -3.7 -99-99.9-9.9-9.9
5270020181013 19.6  4.3  0.219999-99.9-99.9-99.9-99.9-9.9 99 7.3 61  2.4 -99-99.9-9.9-9.9
5270020181014 23.3 -2.1  0.219999-99.9-99.9-99.9-99.9-9.9 99 5.9 42 -0.6 -99-99.9-9.9-9.9
5270020181015 26.4  0.1  0.009999-99.9-99.9-99.9-99.9-9.9 99 5.6 33 -1.3 -99-99.9-9.9-9.9
5270020181016 26.2  2.6  0.009999-99.9-99.9-99.9-99.9-9.9 99 4.2 25 -5.2 -99-99.9-9.9-9.9
5270020181017 27.8 -1.3  0.009999-99.9-99.9-99.9-99.9-9.9 99 3.3 21 -8.8 -99-99.9-9.9-9.9
5270020181018 23.4  3.0  5.819999-99.9-99.9-99.9-99.9-9.9 99 6.3 46 -0.5 -99-99.9-9.9-9.9
5270020181019 13.8  5.4  0.009999-99.9-99.9-99.9-99.9-9.9 99 9.6 85  6.3 -99-99.9-9.9-9.9
5270020181020 20.4  4.9  0.009999-99.9-99.9-99.9-99.9-9.9 99 9.0 72  5.4 -99-99.9-9.9-9.9
5270020181021 18.9  5.8  0.009999-99.9-99.9-99.9-99.9-9.9 99 8.9 61  5.2 -99-99.9-9.9-9.9
5270020181022 18.1  6.9  0.009999-99.9-99.9-99.9-99.9-9.9 99 7.7 55  3.1 -99-99.9-9.9-9.9
5270020181023 16.6  3.0  0.009999-99.9-99.9-99.9-99.9-9.9 99 6.8 57  1.3 -99-99.9-9.9-9.9
5270020181024 23.5  3.2  0.009999-99.9-99.9-99.9-99.9-9.9 99 7.5 55  2.8 -99-99.9-9.9-9.9
5270020181025 19.2  6.0  0.009999-99.9-99.9-99.9-99.9-9.9 99 7.7 59  3.2 -99-99.9-9.9-9.9
5270020181026 25.8  0.9  0.009999-99.9-99.9-99.9-99.9-9.9 99 7.1 47  2.1 -99-99.9-9.9-9.9
5270020181027 26.4  2.8  2.019999-99.9-99.9-99.9-99.9-9.9 99 8.5 58  4.4 -99-99.9-9.9-9.9
5270020181028 22.3  2.9  0.009999-99.9-99.9-99.9-99.9-9.9 99 9.1 66  5.6 -99-99.9-9.9-9.9
5270020181029 24.0  4.3  0.009999-99.9-99.9-99.9-99.9-9.9 99 8.5 46  4.5 -99-99.9-9.9-9.9
5270020181030 25.0  7.5  5.819999-99.9-99.9-99.9-99.9-9.9 99 7.8 46  3.2 -99-99.9-9.9-9.9
5270020181031 18.3  4.5  0.009999-99.9-99.9-99.9-99.9-9.9 99 8.3 74  4.2 -99-99.9-9.9-9.9
5270020181101 20.1  0.6  0.009999-99.9-99.9-99.9-99.9-9.9 99 7.7 59  3.2 -99-99.9-9.9-9.9
5270020181102 28.5  4.4  0.009999-99.9-99.9-99.9-99.9-9.9 99 7.3 44  1.4 -99-99.9-9.9-9.9
5270020181103 28.0  1.9  0.009999-99.9-99.9-99.9-99.9-9.9 99 6.0 34 -0.5 -99-99.9-9.9-9.9
5270020181104 33.2  5.0  0.009999-99.9-99.9-99.9-99.9-9.9 99 6.4 25  0.1 -99-99.9-9.9-9.9
5270020181105 26.8  8.0  5.019999-99.9-99.9-99.9-99.9-9.9 99 7.5 37  2.8 -99-99.9-9.9-9.9
5270020181106 15.3  5.5  7.019999-99.9-99.9-99.9-99.9-9.9 9910.1 83  7.1 -99-99.9-9.9-9.9
5270020181107 20.4  7.6  0.009999-99.9-99.9-99.9-99.9-9.9 9911.2 77  8.5 -99-99.9-9.9-9.9
5270020181108 29.2  6.0  0.009999-99.9-99.9-99.9-99.9-9.9 9910.6 56  7.8 -99-99.9-9.9-9.9
5270020181109 29.1  6.7  0.009999-99.9-99.9-99.9-99.9-9.9 99 9.5 38  6.1 -99-99.9-9.9-9.9
5270020181110 29.0  7.9  9.819999-99.9-99.9-99.9-99.9-9.9 9910.4 57  7.4 -99-99.9-9.9-9.9
5270020181111 22.8  6.5  8.819999-99.9-99.9-99.9-99.9-9.9 9910.4 74  7.5 -99-99.9-9.9-9.9
5270020181112 12.2  4.4 26.019999-99.9-99.9-99.9-99.9-9.9 99 9.3100  5.8 -99-99.9-9.9-9.9
5270020181113 20.1  0.9  0.009999-99.9-99.9-99.9-99.9-9.9 99 6.5 60  0.8 -99-99.9-9.9-9.9
5270020181114 23.6 -1.9  0.009999-99.9-99.9-99.9-99.9-9.9 99 6.3 51  0.3 -99-99.9-9.9-9.9
5270020181115 27.0  1.4  0.009999-99.9-99.9-99.9-99.9-9.9 99 7.3 40  2.4 -99-99.9-9.9-9.9
5270020181116 25.8  4.6  0.009999-99.9-99.9-99.9-99.9-9.9 99 8.0 52  3.6 -99-99.9-9.9-9.9
5270020181117 24.0  4.8  0.009999-99.9-99.9-99.9-99.9-9.9 99 7.4 51  2.6 -99-99.9-9.9-9.9
5270020181118 23.3 -1.2  0.009999-99.9-99.9-99.9-99.9-9.9 99 6.1 44 -0.2 -99-99.9-9.9-9.9
5270020181119 29.5  1.4  0.009999-99.9-99.9-99.9-99.9-9.9 99 7.4 39  2.6 -99-99.9-9.9-9.9
5270020181120 30.7  5.3  0.009999-99.9-99.9-99.9-99.9-9.9 99 7.3 32  2.4 -99-99.9-9.9-9.9
5270020181121 35.0  6.1  0.009999-99.9-99.9-99.9-99.9-9.9 99 7.2 29  1.6 -99-99.9-9.9-9.9
5270020181122 24.3  9.1  0.009999-99.9-99.9-99.9-99.9-9.9 99 6.0 34 -0.3 -99-99.9-9.9-9.9
5270020181123 25.3  1.2  0.009999-99.9-99.9-99.9-99.9-9.9 99 6.0 37 -0.3 -99-99.9-9.9-9.9
5270020181124 27.4  0.3  0.009999-99.9-99.9-99.9-99.9-9.9 99 5.3 33 -1.9 -99-99.9-9.9-9.9
5270020181125 30.8  3.7  0.819999-99.9-99.9-99.9-99.9-9.9 99 8.1 47  3.6 -99-99.9-9.9-9.9
5270020181126 25.2  6.9  2.819999-99.9-99.9-99.9-99.9-9.9 9910.9 62  8.2 -99-99.9-9.9-9.9
5270020181127 24.1  8.6  0.009999-99.9-99.9-99.9-99.9-9.9 9910.2 57  7.1 -99-99.9-9.9-9.9
5270020181128 24.4  6.2  0.009999-99.9-99.9-99.9-99.9-9.9 9910.4 58  7.6 -99-99.9-9.9-9.9
5270020181129 26.1  5.8  0.009999-99.9-99.9-99.9-99.9-9.9 99 9.6 59  6.4 -99-99.9-9.9-9.9
5270020181130 25.8  3.2  1.019999-99.9-99.9-99.9-99.9-9.9 99 8.6 60  4.7 -99-99.9-9.9-9.9
5270020181201  9.1  3.7  0.009999-99.9-99.9-99.9-99.9-9.9 99 7.5 76  2.7 -99-99.9-9.9-9.9
5270020181202 21.7  3.8  0.009999-99.9-99.9-99.9-99.9-9.9 99 6.4 42  0.6 -99-99.9-9.9-9.9
5270020181203 28.0 -0.4  0.009999-99.9-99.9-99.9-99.9-9.9 99 6.8 46  1.5 -99-99.9-9.9-9.9
5270020181204 21.4  6.7  8.819999-99.9-99.9-99.9-99.9-9.9 99 7.9 69  3.4 -99-99.9-9.9-9.9
5270020181205 17.5  5.4  4.219999-99.9-99.9-99.9-99.9-9.9 99 9.0 74  5.4 -99-99.9-9.9-9.9
5270020181206 19.5  4.5  0.009999-99.9-99.9-99.9-99.9-9.9 99 9.2 71  5.7 -99-99.9-9.9-9.9
5270020181207 26.1  2.9  0.009999-99.9-99.9-99.9-99.9-9.9 99 9.1 56  5.5 -99-99.9-9.9-9.9
5270020181208 29.1  5.0  0.009999-99.9-99.9-99.9-99.9-9.9 99 9.6 51  6.3 -99-99.9-9.9-9.9
5270020181209 27.8  6.1  0.009999-99.9-99.9-99.9-99.9-9.9 99 7.9 39  3.5 -99-99.9-9.9-9.9
5270020181210 33.6  5.5  0.009999-99.9-99.9-99.9-99.9-9.9 99 8.8 43  5.1 -99-99.9-9.9-9.9
5270020181211 30.9  7.8  0.009999-99.9-99.9-99.9-99.9-9.9 99 7.4 31  2.7 -99-99.9-9.9-9.9
5270020181212 25.3 10.1  0.009999-99.9-99.9-99.9-99.9-9.9 99 7.3 45  2.5 -99-99.9-9.9-9.9
5270020181213 31.9  3.9  0.009999-99.9-99.9-99.9-99.9-9.9 99 5.6 29 -3.9 -99-99.9-9.9-9.9
5270020181214 24.8  9.4  0.009999-99.9-99.9-99.9-99.9-9.9 99 6.5 35  0.5 -99-99.9-9.9-9.9
5270020181215 29.2  0.7  0.009999-99.9-99.9-99.9-99.9-9.9 99 6.1 33 -0.1 -99-99.9-9.9-9.9
5270020181216 32.9  4.5  0.009999-99.9-99.9-99.9-99.9-9.9 99 8.0 35  3.7 -99-99.9-9.9-9.9
5270020181217 24.9 11.8  0.009999-99.9-99.9-99.9-99.9-9.9 99 6.8 33  1.4 -99-99.9-9.9-9.9
5270020181218 26.3  8.7  0.009999-99.9-99.9-99.9-99.9-9.9 99 7.7 41  3.2 -99-99.9-9.9-9.9
5270020181219 30.2  4.7  0.009999-99.9-99.9-99.9-99.9-9.9 99 8.3 40  4.3 -99-99.9-9.9-9.9
5270020181220 18.6  6.2  0.219999-99.9-99.9-99.9-99.9-9.9 99 7.8 59  3.4 -99-99.9-9.9-9.9
5270020181221 27.5  0.7  0.009999-99.9-99.9-99.9-99.9-9.9 99 6.8 38  1.4 -99-99.9-9.9-9.9
5270020181222 32.1  3.1  0.009999-99.9-99.9-99.9-99.9-9.9 99 7.0 31  1.9 -99-99.9-9.9-9.9
5270020181223 33.5  6.5  0.009999-99.9-99.9-99.9-99.9-9.9 99 7.3 29  2.4 -99-99.9-9.9-9.9
5270020181224 33.3  8.5  0.009999-99.9-99.9-99.9-99.9-9.9 99 8.7 32  4.8 -99-99.9-9.9-9.9
5270020181225 35.7  9.8  0.009999-99.9-99.9-99.9-99.9-9.9 99 9.4 37  6.1 -99-99.9-9.9-9.9
5270020181226 33.8 10.3  0.009999-99.9-99.9-99.9-99.9-9.9 9911.8 41  9.3 -99-99.9-9.9-9.9
5270020181227 30.8 10.9  0.009999-99.9-99.9-99.9-99.9-9.9 9910.0 42  6.9 -99-99.9-9.9-9.9
5270020181228 31.4 10.6  0.009999-99.9-99.9-99.9-99.9-9.9 9911.3 44  8.8 -99-99.9-9.9-9.9
5270020181229 33.8 10.2  0.009999-99.9-99.9-99.9-99.9-9.9 99 9.9 41  5.6 -99-99.9-9.9-9.9
5270020181230 24.0  6.4  0.009999-99.9-99.9-99.9-99.9-9.9 99 4.7 27 -3.7 -99-99.9-9.9-9.9
5270020181231 33.4  2.7  0.009999-99.9-99.9-99.9-99.9-9.9 99 6.3 30  0.3 -99-99.9-9.9-9.9
5270020190101 34.5  6.3  0.009999-99.9-99.9-99.9-99.9-9.9 9910.5 42  7.5 -99-99.9-9.9-9.9
5270020190102 27.1 13.2  0.009999-99.9-99.9-99.9-99.9-9.9 99 9.2 43  5.2 -99-99.9-9.9-9.9
5270020190103 28.9  2.5  0.009999-99.9-99.9-99.9-99.9-9.9 99 5.1 30 -2.6 -99-99.9-9.9-9.9
5270020190104 31.3  2.7  0.009999-99.9-99.9-99.9-99.9-9.9 99 7.6 32  2.6 -99-99.9-9.9-9.9
5270020190105 34.6  8.7  0.009999-99.9-99.9-99.9-99.9-9.9 9911.0 43  8.3 -99-99.9-9.9-9.9
5270020190106 26.4 12.9  0.009999-99.9-99.9-99.9-99.9-9.9 99 9.1 41  5.1 -99-99.9-9.9-9.9
5270020190107 30.6  3.8  0.009999-99.9-99.9-99.9-99.9-9.9 99 5.9 29 -0.8 -99-99.9-9.9-9.9
5270020190108 29.8  6.3  0.009999-99.9-99.9-99.9-99.9-9.9 99 7.0 35  1.6 -99-99.9-9.9-9.9
5270020190109 27.7  4.5  0.219999-99.9-99.9-99.9-99.9-9.9 99 7.1 40  2.0 -99-99.9-9.9-9.9
5270020190110 17.0  1.1  0.219999-99.9-99.9-99.9-99.9-9.9 99 6.0 59 -0.3 -99-99.9-9.9-9.9
5270020190111 26.7  0.6  0.009999-99.9-99.9-99.9-99.9-9.9 99 6.7 42  1.3 -99-99.9-9.9-9.9
5270020190112 30.9  2.7 16.519999-99.9-99.9-99.9-99.9-9.9 99 8.9 49  5.1 -99-99.9-9.9-9.9
5270020190113 23.7  7.8  5.819999-99.9-99.9-99.9-99.9-9.9 9910.0 52  6.8 -99-99.9-9.9-9.9
5270020190114 20.9  7.2  1.519999-99.9-99.9-99.9-99.9-9.9 9911.3 82  8.7 -99-99.9-9.9-9.9
5270020190115 28.8  3.6  0.009999-99.9-99.9-99.9-99.9-9.9 99 9.1 50  5.6 -99-99.9-9.9-9.9
5270020190116 32.3  5.6  0.009999-99.9-99.9-99.9-99.9-9.9 99 9.4 46  6.1 -99-99.9-9.9-9.9
5270020190117 16.4  6.8  7.519999-99.9-99.9-99.9-99.9-9.9 99 9.3 83  6.0 -99-99.9-9.9-9.9
5270020190118 22.4  0.9  0.009999-99.9-99.9-99.9-99.9-9.9 99 8.1 59  3.9 -99-99.9-9.9-9.9
5270020190119 27.3  3.2  0.009999-99.9-99.9-99.9-99.9-9.9 99 9.0 49  5.4 -99-99.9-9.9-9.9
5270020190120 31.2  5.4  0.009999-99.9-99.9-99.9-99.9-9.9 9910.1 50  7.0 -99-99.9-9.9-9.9
5270020190121 32.5  7.8  0.009999-99.9-99.9-99.9-99.9-9.9 9910.2 36  7.2 -99-99.9-9.9-9.9
5270020190122 35.0  8.2  0.009999-99.9-99.9-99.9-99.9-9.9 9910.6 41  7.8 -99-99.9-9.9-9.9
5270020190123 32.4 14.0  3.519999-99.9-99.9-99.9-99.9-9.9 9910.4 35  7.0 -99-99.9-9.9-9.9
5270020190124 33.8 14.1  0.219999-99.9-99.9-99.9-99.9-9.9 9916.4 62 14.4 -99-99.9-9.9-9.9
5270020190125 35.7 15.6  9.219999-99.9-99.9-99.9-99.9-9.9 9915.5 52 13.5 -99-99.9-9.9-9.9
5270020190126 29.2 12.2  0.009999-99.9-99.9-99.9-99.9-9.9 9913.3 62 11.0 -99-99.9-9.9-9.9
5270020190127 33.1 12.7  0.009999-99.9-99.9-99.9-99.9-9.9 9913.8 55 11.7 -99-99.9-9.9-9.9
5270020190128 32.8 12.6  0.009999-99.9-99.9-99.9-99.9-9.9 9913.6 50 11.5 -99-99.9-9.9-9.9
5270020190129 35.3 13.0  0.009999-99.9-99.9-99.9-99.9-9.9 9913.5 51 11.4 -99-99.9-9.9-9.9
5270020190130 31.8 10.0  0.009999-99.9-99.9-99.9-99.9-9.9 9910.9 42  8.2 -99-99.9-9.9-9.9
5270020190131 33.1 14.1  0.009999-99.9-99.9-99.9-99.9-9.9 9911.5 42  9.0 -99-99.9-9.9-9.9
5270020190201 29.7 11.2 13.219999-99.9-99.9-99.9-99.9-9.9 9911.1 47  8.5 -99-99.9-9.9-9.9
5270020190202 19.5 10.3  7.819999-99.9-99.9-99.9-99.9-9.9 9913.5 94 11.5 -99-99.9-9.9-9.9
5270020190203 15.1  9.7  0.219999-99.9-99.9-99.9-99.9-9.9 9912.5 91 10.3 -99-99.9-9.9-9.9
5270020190204 23.1  9.7  0.009999-99.9-99.9-99.9-99.9-9.9 9913.4 78 11.3 -99-99.9-9.9-9.9
5270020190205 29.9  7.8  0.009999-99.9-99.9-99.9-99.9-9.9 9912.8 64 10.6 -99-99.9-9.9-9.9
5270020190206 31.1  8.5  0.009999-99.9-99.9-99.9-99.9-9.9 9913.3 60 11.2 -99-99.9-9.9-9.9
5270020190207 32.3  9.3  0.009999-99.9-99.9-99.9-99.9-9.9 9910.6 44  7.6 -99-99.9-9.9-9.9
5270020190208 29.7  9.6  0.009999-99.9-99.9-99.9-99.9-9.9 9911.0 50  8.3 -99-99.9-9.9-9.9
5270020190209 30.0 12.4  1.519999-99.9-99.9-99.9-99.9-9.9 9913.5 58 11.4 -99-99.9-9.9-9.9
5270020190210 31.2  8.9  3.019999-99.9-99.9-99.9-99.9-9.9 9911.1 48  8.5 -99-99.9-9.9-9.9
5270020190211 19.0  4.6  0.819999-99.9-99.9-99.9-99.9-9.9 99 7.8 82  3.2 -99-99.9-9.9-9.9
5270020190212 20.5  3.3  0.009999-99.9-99.9-99.9-99.9-9.9 99 7.4 57  2.6 -99-99.9-9.9-9.9
5270020190213 27.0  4.8  0.009999-99.9-99.9-99.9-99.9-9.9 99 8.1 49  3.9 -99-99.9-9.9-9.9
5270020190214 32.4  3.8  0.009999-99.9-99.9-99.9-99.9-9.9 99 7.4 38  2.5 -99-99.9-9.9-9.9
5270020190215 31.7  5.3  0.009999-99.9-99.9-99.9-99.9-9.9 99 7.6 36  3.0 -99-99.9-9.9-9.9
5270020190216 32.5  6.5  0.009999-99.9-99.9-99.9-99.9-9.9 99 8.3 39  4.3 -99-99.9-9.9-9.9
5270020190217 33.5  7.1  0.009999-99.9-99.9-99.9-99.9-9.9 99 9.7 42  6.5 -99-99.9-9.9-9.9
5270020190218 35.0  8.3  0.009999-99.9-99.9-99.9-99.9-9.9 9910.4 49  7.5 -99-99.9-9.9-9.9
5270020190219 32.3  7.2  0.009999-99.9-99.9-99.9-99.9-9.9 99 8.5 36  4.4 -99-99.9-9.9-9.9
5270020190220 34.7  7.9  0.009999-99.9-99.9-99.9-99.9-9.9 99 9.6 40  6.3 -99-99.9-9.9-9.9
5270020190221 33.0 11.2  0.009999-99.9-99.9-99.9-99.9-9.9 9911.3 47  8.7 -99-99.9-9.9-9.9
5270020190222 30.2 14.0  0.009999-99.9-99.9-99.9-99.9-9.9 9910.5 46  7.5 -99-99.9-9.9-9.9
5270020190223 26.8 11.8  0.009999-99.9-99.9-99.9-99.9-9.9 9910.5 54  7.6 -99-99.9-9.9-9.9
5270020190224 24.6  4.9  0.009999-99.9-99.9-99.9-99.9-9.9 99 6.6 36  0.8 -99-99.9-9.9-9.9
5270020190225 22.5  2.3  0.009999-99.9-99.9-99.9-99.9-9.9 99 4.4 33 -4.5 -99-99.9-9.9-9.9
5270020190226 24.8 -1.2  0.009999-99.9-99.9-99.9-99.9-9.9 99 5.6 42 -1.3 -99-99.9-9.9-9.9
5270020190227 29.1  0.4  0.009999-99.9-99.9-99.9-99.9-9.9 99 6.8 41  1.4 -99-99.9-9.9-9.9
5270020190228 29.7  3.4  0.009999-99.9-99.9-99.9-99.9-9.9 99 7.4 41  2.5 -99-99.9-9.9-9.9
5270020190301 33.0  6.3  0.009999-99.9-99.9-99.9-99.9-9.9 99 7.6 38  3.0 -99-99.9-9.9-9.9
5270020190302 28.6  3.8  0.009999-99.9-99.9-99.9-99.9-9.9 99 6.4 38  0.7 -99-99.9-9.9-9.9
5270020190303 33.3  5.1  0.009999-99.9-99.9-99.9-99.9-9.9 99 8.3 39  4.2 -99-99.9-9.9-9.9
5270020190304 28.2  4.3  0.009999-99.9-99.9-99.9-99.9-9.9 99 7.8 41  3.3 -99-99.9-9.9-9.9
5270020190305 24.5  9.9  0.009999-99.9-99.9-99.9-99.9-9.9 99 9.6 55  6.4 -99-99.9-9.9-9.9
5270020190306 28.1  4.3  0.009999-99.9-99.9-99.9-99.9-9.9 9910.3 60  7.3 -99-99.9-9.9-9.9
5270020190307 33.1  6.3  0.519999-99.9-99.9-99.9-99.9-9.9 99 9.7 44  6.4 -99-99.9-9.9-9.9
5270020190308 20.2  5.0  3.519999-99.9-99.9-99.9-99.9-9.9 99 7.6 74  3.0 -99-99.9-9.9-9.9
5270020190309 12.1  3.7  0.009999-99.9-99.9-99.9-99.9-9.9 99 8.4 84  4.4 -99-99.9-9.9-9.9
5270020190310 12.1  5.2  0.219999-99.9-99.9-99.9-99.9-9.9 99 9.2 88  5.8 -99-99.9-9.9-9.9
5270020190311 22.1  4.3  0.009999-99.9-99.9-99.9-99.9-9.9 99 8.8 70  5.1 -99-99.9-9.9-9.9
5270020190312 27.8  1.3  0.009999-99.9-99.9-99.9-99.9-9.9 99 8.1 55  3.9 -99-99.9-9.9-9.9
5270020190313 25.5  3.2  0.009999-99.9-99.9-99.9-99.9-9.9 99 8.6 59  4.8 -99-99.9-9.9-9.9
5270020190314 27.8  4.1  3.519999-99.9-99.9-99.9-99.9-9.9 99 9.1 56  5.5 -99-99.9-9.9-9.9
5270020190315 22.7  1.8  1.819999-99.9-99.9-99.9-99.9-9.9 99 8.0 63  3.6 -99-99.9-9.9-9.9
5270020190316 11.8  5.8  0.819999-99.9-99.9-99.9-99.9-9.9 9910.1 94  7.1 -99-99.9-9.9-9.9
5270020190317 23.9 -0.1  0.819999-99.9-99.9-99.9-99.9-9.9 99 8.4 71  4.4 -99-99.9-9.9-9.9
5270020190318 24.3  1.3  0.519999-99.9-99.9-99.9-99.9-9.9 99 8.9 70  5.2 -99-99.9-9.9-9.9
5270020190319 19.5  1.7  0.219999-99.9-99.9-99.9-99.9-9.9 99 5.3 40 -2.1 -99-99.9-9.9-9.9
5270020190320 17.3 -4.3  0.009999-99.9-99.9-99.9-99.9-9.9 99 4.6 51 -3.9 -99-99.9-9.9-9.9
5270020190321 21.9 -3.6  0.219999-99.9-99.9-99.9-99.9-9.9 99 5.6 55 -1.3 -99-99.9-9.9-9.9
5270020190322 25.0 -1.7  0.009999-99.9-99.9-99.9-99.9-9.9 99 6.8 57  1.5 -99-99.9-9.9-9.9
5270020190323 27.5  0.0  0.009999-99.9-99.9-99.9-99.9-9.9 99 7.8 56  3.3 -99-99.9-9.9-9.9
5270020190324 22.9  6.0  0.009999-99.9-99.9-99.9-99.9-9.9 99 6.3 42  0.2 -99-99.9-9.9-9.9
5270020190325 23.4 -1.4  0.009999-99.9-99.9-99.9-99.9-9.9 99 5.8 55 -0.8 -99-99.9-9.9-9.9
5270020190326 20.6 -1.3  0.009999-99.9-99.9-99.9-99.9-9.9 99 6.9 68  1.5 -99-99.9-9.9-9.9
5270020190327 14.7  5.4  0.009999-99.9-99.9-99.9-99.9-9.9 99 8.6 79  4.7 -99-99.9-9.9-9.9
5270020190328 22.3  6.0  0.009999-99.9-99.9-99.9-99.9-9.9 99 8.7 64  5.0 -99-99.9-9.9-9.9
5270020190329 26.5  0.1  0.009999-99.9-99.9-99.9-99.9-9.9 99 8.0 62  3.6 -99-99.9-9.9-9.9
5270020190330 24.4  0.5  0.009999-99.9-99.9-99.9-99.9-9.9 99 8.6 64  4.6 -99-99.9-9.9-9.9
5270020190331 29.8  7.1  2.019999-99.9-99.9-99.9-99.9-9.9 9910.0 56  6.9 -99-99.9-9.9-9.9
5270020190401 25.8  5.8  0.219999-99.9-99.9-99.9-99.9-9.9 9910.7 69  7.9 -99-99.9-9.9-9.9
5270020190402 28.9  3.0  0.009999-99.9-99.9-99.9-99.9-9.9 99 9.2 57  5.6 -99-99.9-9.9-9.9
5270020190403 26.9  5.9  0.009999-99.9-99.9-99.9-99.9-9.9 99 8.4 53  4.4 -99-99.9-9.9-9.9
5270020190404 20.9  6.2  0.009999-99.9-99.9-99.9-99.9-9.9 99 6.2 39 -0.2 -99-99.9-9.9-9.9
5270020190405 21.3 -3.3  0.009999-99.9-99.9-99.9-99.9-9.9 99 4.9 50 -3.0 -99-99.9-9.9-9.9
5270020190406 27.5 -3.3  0.009999-99.9-99.9-99.9-99.9-9.9 99 4.8 41 -3.4 -99-99.9-9.9-9.9
5270020190407 26.5 -2.7  0.009999-99.9-99.9-99.9-99.9-9.9 99 4.8 43 -3.3 -99-99.9-9.9-9.9
5270020190408 25.8 -1.3  0.009999-99.9-99.9-99.9-99.9-9.9 99 5.6 43 -1.3 -99-99.9-9.9-9.9
5270020190409 28.3 -0.6  0.009999-99.9-99.9-99.9-99.9-9.9 99 6.2 46  0.2 -99-99.9-9.9-9.9
5270020190410 24.2  4.1  0.009999-99.9-99.9-99.9-99.9-9.9 99 5.0 40 -2.8 -99-99.9-9.9-9.9
5270020190411 22.9 -0.9  0.009999-99.9-99.9-99.9-99.9-9.9 99 5.6 47 -1.3 -99-99.9-9.9-9.9
5270020190412 24.0 -1.7  0.009999-99.9-99.9-99.9-99.9-9.9 99 6.4 55  0.5 -99-99.9-9.9-9.9
5270020190413 25.2  0.6  0.009999-99.9-99.9-99.9-99.9-9.9 99 6.8 45  1.2 -99-99.9-9.9-9.9
5270020190414 24.2  1.7  0.009999-99.9-99.9-99.9-99.9-9.9 99 7.0 55  1.7 -99-99.9-9.9-9.9
5270020190415 22.3  2.5  0.009999-99.9-99.9-99.9-99.9-9.9 99 5.6 46 -1.3 -99-99.9-9.9-9.9
5270020190416 24.4 -2.6  0.009999-99.9-99.9-99.9-99.9-9.9 99 6.8 57  1.2 -99-99.9-9.9-9.9
5270020190417 28.1 -1.6  0.009999-99.9-99.9-99.9-99.9-9.9 99 7.2 55  2.1 -99-99.9-9.9-9.9
5270020190418 24.6  0.3  0.009999-99.9-99.9-99.9-99.9-9.9 99 7.9 64  3.5 -99-99.9-9.9-9.9
5270020190419 26.1  3.0  0.009999-99.9-99.9-99.9-99.9-9.9 99 8.7 64  5.0 -99-99.9-9.9-9.9
5270020190420 17.0  6.5  0.009999-99.9-99.9-99.9-99.9-9.9 99 8.4 63  4.4 -99-99.9-9.9-9.9
5270020190421 21.8  1.2  1.519999-99.9-99.9-99.9-99.9-9.9 99 6.4 48  0.6 -99-99.9-9.9-9.9
5270020190422 17.7  3.8  1.819999-99.9-99.9-99.9-99.9-9.9 99 8.9 82  5.2 -99-99.9-9.9-9.9
5270020190423 16.5  5.8  0.009999-99.9-99.9-99.9-99.9-9.9 99 8.8 81  5.1 -99-99.9-9.9-9.9
5270020190424 16.8  0.7  2.219999-99.9-99.9-99.9-99.9-9.9 99 8.4 87  4.5 -99-99.9-9.9-9.9
5270020190425 10.2  4.0  1.519999-99.9-99.9-99.9-99.9-9.9 99 8.7 91  5.0 -99-99.9-9.9-9.9
5270020190426 13.8  3.7  0.819999-99.9-99.9-99.9-99.9-9.9 99 8.0 85  3.7 -99-99.9-9.9-9.9
5270020190427 17.1 -4.9  0.519999-99.9-99.9-99.9-99.9-9.9 99 7.1 79  1.8 -99-99.9-9.9-9.9
5270020190428 24.2 -2.4  0.009999-99.9-99.9-99.9-99.9-9.9 99 7.4 69  2.6 -99-99.9-9.9-9.9
5270020190429 16.8  1.1  0.009999-99.9-99.9-99.9-99.9-9.9 99 7.6 70  2.9 -99-99.9-9.9-9.9
5270020190430 18.2  3.0  0.009999-99.9-99.9-99.9-99.9-9.9 99 6.4 64  0.5 -99-99.9-9.9-9.9
5270020190501 18.7 -4.6  0.009999-99.9-99.9-99.9-99.9-9.9 99 5.9 66 -0.7 -99-99.9-9.9-9.9
5270020190502 20.6 -2.3  0.009999-99.9-99.9-99.9-99.9-9.9 99 6.8 71  1.4 -99-99.9-9.9-9.9
5270020190503 19.4  2.1  0.009999-99.9-99.9-99.9-99.9-9.9 99 8.0 68  3.8 -99-99.9-9.9-9.9
5270020190504 18.6  1.5  0.009999-99.9-99.9-99.9-99.9-9.9 99 8.2 71  4.1 -99-99.9-9.9-9.9
5270020190505 10.7  1.3  0.009999-99.9-99.9-99.9-99.9-9.9 99 7.6 79  2.9 -99-99.9-9.9-9.9
5270020190506 20.0  3.6  0.009999-99.9-99.9-99.9-99.9-9.9 99 7.2 59  2.3 -99-99.9-9.9-9.9
5270020190507 20.0  1.0  0.009999-99.9-99.9-99.9-99.9-9.9 99 7.2 71  2.2 -99-99.9-9.9-9.9
5270020190508 15.0  1.5  0.009999-99.9-99.9-99.9-99.9-9.9 99 8.8 83  4.8 -99-99.9-9.9-9.9
5270020190509 17.8  4.2  1.519999-99.9-99.9-99.9-99.9-9.9 99 9.5 95  6.2 -99-99.9-9.9-9.9
5270020190510 13.8 -1.4  0.219999-99.9-99.9-99.9-99.9-9.9 99 6.3 74  0.2 -99-99.9-9.9-9.9
5270020190511 19.5 -6.5  0.009999-99.9-99.9-99.9-99.9-9.9 99 4.8 65 -3.3 -99-99.9-9.9-9.9
5270020190512 20.0 -9.1  0.009999-99.9-99.9-99.9-99.9-9.9 99 4.2 61 -5.0 -99-99.9-9.9-9.9
5270020190513 15.4 -8.2  0.009999-99.9-99.9-99.9-99.9-9.9 99 4.2 61 -5.0 -99-99.9-9.9-9.9
5270020190514 14.3 -8.8  0.009999-99.9-99.9-99.9-99.9-9.9 99 4.1 67 -5.4 -99-99.9-9.9-9.9
5270020190515 15.1 -8.8  0.009999-99.9-99.9-99.9-99.9-9.9 99 4.4 69 -4.5 -99-99.9-9.9-9.9
5270020190516 12.0 -8.4  0.009999-99.9-99.9-99.9-99.9-9.9 99 4.6 77 -4.1 -99-99.9-9.9-9.9
5270020190517 12.4 -7.9  0.819999-99.9-99.9-99.9-99.9-9.9 99 5.2 79 -2.3 -99-99.9-9.9-9.9
5270020190518  8.4 -2.3  0.519999-99.9-99.9-99.9-99.9-9.9 99 5.1 83 -2.6 -99-99.9-9.9-9.9
5270020190519 11.2-10.2  0.009999-99.9-99.9-99.9-99.9-9.9 99 4.1 74 -5.5 -99-99.9-9.9-9.9
5270020190520 -1.1 -8.0  1.219999-99.9-99.9-99.9-99.9-9.9 99 4.2100 -5.1 -99-99.9-9.9-9.9
5270020190521 -2.6 -9.1  1.819999-99.9-99.9-99.9-99.9-9.9 99 3.7 95 -6.6 -99-99.9-9.9-9.9
5270020190522  5.1-11.0  2.519999-99.9-99.9-99.9-99.9-9.9 99 3.1 78 -9.0 -99-99.9-9.9-9.9
5270020190523 11.3-14.1  3.519999-99.9-99.9-99.9-99.9-9.9 99 3.2 75 -8.9 -99-99.9-9.9-9.9
5270020190524 14.4-11.8  0.009999-99.9-99.9-99.9-99.9-9.9 99 3.4 68 -8.1 -99-99.9-9.9-9.9
5270020190525 14.0-10.9  0.009999-99.9-99.9-99.9-99.9-9.9 99 3.6 69 -7.3 -99-99.9-9.9-9.9
5270020190526 10.7-12.0  0.009999-99.9-99.9-99.9-99.9-9.9 99 3.1 69 -9.2 -99-99.9-9.9-9.9
5270020190527  6.9-14.7  0.009999-99.9-99.9-99.9-99.9-9.9 99 2.7 74-10.7 -99-99.9-9.9-9.9
5270020190528 10.0-15.6  0.009999-99.9-99.9-99.9-99.9-9.9 99 2.5 64-11.9 -99-99.9-9.9-9.9
5270020190529  7.9-12.7  0.009999-99.9-99.9-99.9-99.9-9.9 99 3.4 75 -8.1 -99-99.9-9.9-9.9
5270020190530  3.1 -8.9  0.009999-99.9-99.9-99.9-99.9-9.9 99 3.8 80 -6.4 -99-99.9-9.9-9.9
5270020190531 -2.0-13.3  0.009999-99.9-99.9-99.9-99.9-9.9 99 3.1 94 -9.3 -99-99.9-9.9-9.9
5270020190601  7.0-15.8  0.009999-99.9-99.9-99.9-99.9-9.9 99 2.9 80-10.1 -99-99.9-9.9-9.9
5270020190602  8.5-14.9  0.009999-99.9-99.9-99.9-99.9-9.9 99 2.8 68-10.7 -99-99.9-9.9-9.9
5270020190603  9.3-16.4  0.009999-99.9-99.9-99.9-99.9-9.9 99 2.9 74-10.5 -99-99.9-9.9-9.9
5270020190604  9.2-14.0  0.009999-99.9-99.9-99.9-99.9-9.9 99 3.3 78 -8.5 -99-99.9-9.9-9.9
5270020190605  7.5-11.6  0.009999-99.9-99.9-99.9-99.9-9.9 99 4.2 84 -5.4 -99-99.9-9.9-9.9
5270020190606 11.7 -5.5  5.819999-99.9-99.9-99.9-99.9-9.9 99 4.2 70 -5.2 -99-99.9-9.9-9.9
5270020190607  7.8 -8.2  2.219999-99.9-99.9-99.9-99.9-9.9 99 4.2 79 -5.3 -99-99.9-9.9-9.9
5270020190608  8.4-12.5  0.009999-99.9-99.9-99.9-99.9-9.9 99 3.4 79 -8.1 -99-99.9-9.9-9.9
5270020190609 10.8-13.3  0.219999-99.9-99.9-99.9-99.9-9.9 99 3.3 73 -8.5 -99-99.9-9.9-9.9
5270020190610  9.4-13.0  0.009999-99.9-99.9-99.9-99.9-9.9 99 3.3 75 -8.3 -99-99.9-9.9-9.9
5270020190611  1.3-11.3  0.009999-99.9-99.9-99.9-99.9-9.9 99 3.3 86 -8.2 -99-99.9-9.9-9.9
5270020190612  3.5-16.4  0.009999-99.9-99.9-99.9-99.9-9.9 99 2.7 77-10.9 -99-99.9-9.9-9.9
5270020190613  6.2-15.6  0.009999-99.9-99.9-99.9-99.9-9.9 99 2.3 68-12.9 -99-99.9-9.9-9.9
5270020190614  2.9-14.1  0.009999-99.9-99.9-99.9-99.9-9.9 99 2.2 67-13.5 -99-99.9-9.9-9.9
5270020190615 -5.0-11.7  0.219999-99.9-99.9-99.9-99.9-9.9 99 2.3 84-12.5 -99-99.9-9.9-9.9
5270020190616 -3.7-14.5  0.009999-99.9-99.9-99.9-99.9-9.9 99 2.4 83-12.1 -99-99.9-9.9-9.9
5270020190617 -0.9-15.5  0.009999-99.9-99.9-99.9-99.9-9.9 99 2.2 75-13.6 -99-99.9-9.9-9.9
5270020190618  4.2-19.5  0.009999-99.9-99.9-99.9-99.9-9.9 99 1.7 69-16.6 -99-99.9-9.9-9.9
5270020190619  7.3-20.1  0.009999-99.9-99.9-99.9-99.9-9.9 99 1.5 63-17.8 -99-99.9-9.9-9.9
5270020190620  1.2-21.0  0.009999-99.9-99.9-99.9-99.9-9.9 99 1.4 66-18.8 -99-99.9-9.9-9.9
5270020190621  5.9-21.2  0.009999-99.9-99.9-99.9-99.9-9.9 99 1.4 57-19.0 -99-99.9-9.9-9.9
5270020190622  1.2-23.9  0.009999-99.9-99.9-99.9-99.9-9.9 99 1.4 68-19.2 -99-99.9-9.9-9.9
5270020190623-11.4-18.6  0.009999-99.9-99.9-99.9-99.9-9.9 99 1.7 85-16.6 -99-99.9-9.9-9.9
5270020190624-11.7-15.4  0.009999-99.9-99.9-99.9-99.9-9.9 99 1.6 76-17.5 -99-99.9-9.9-9.9
5270020190625 -8.9-26.3  0.009999-99.9-99.9-99.9-99.9-9.9 99 0.8 52-99.9 -99-99.9-9.9-9.9
5270020190626 -6.2-26.0  0.009999-99.9-99.9-99.9-99.9-9.9 99 0.7 49-99.9 -99-99.9-9.9-9.9
5270020190627 -3.1-24.1  0.009999-99.9-99.9-99.9-99.9-9.9 99 0.9 56-99.9 -99-99.9-9.9-9.9
5270020190628 -1.6-24.0  0.009999-99.9-99.9-99.9-99.9-9.9 99 1.1 59-99.9 -99-99.9-9.9-9.9
5270020190629 -3.8-20.5  0.009999-99.9-99.9-99.9-99.9-9.9 99 1.3 71-19.3 -99-99.9-9.9-9.9
5270020190630-10.6-24.9  0.009999-99.9-99.9-99.9-99.9-9.9 99 1.1 83-99.9 -99-99.9-9.9-9.9
5270020190701 -4.6-28.3  0.009999-99.9-99.9-99.9-99.9-9.9 99 1.0 71-99.9 -99-99.9-9.9-9.9
5270020190702 -0.4-26.5  0.009999-99.9-99.9-99.9-99.9-9.9 99 1.0 63-99.9 -99-99.9-9.9-9.9
5270020190703 -7.5-27.6  0.009999-99.9-99.9-99.9-99.9-9.9 99 0.9 66-99.9 -99-99.9-9.9-9.9
5270020190704 -9.4-26.2  0.009999-99.9-99.9-99.9-99.9-9.9 99 0.9 74-99.9 -99-99.9-9.9-9.9
5270020190705 -6.6-28.4  0.009999-99.9-99.9-99.9-99.9-9.9 99 0.9 73-99.9 -99-99.9-9.9-9.9
5270020190706 -6.6-27.1  0.009999-99.9-99.9-99.9-99.9-9.9 99 1.0 70-99.9 -99-99.9-9.9-9.9
5270020190707 -6.6-25.5  0.009999-99.9-99.9-99.9-99.9-9.9 99 1.1 77-99.9 -99-99.9-9.9-9.9
5270020190708 -1.0-23.8  0.009999-99.9-99.9-99.9-99.9-9.9 99 1.2 67-99.9 -99-99.9-9.9-9.9
5270020190709 -2.2-24.6  0.009999-99.9-99.9-99.9-99.9-9.9 99 1.2 71-99.9 -99-99.9-9.9-9.9
5270020190710 -2.3-24.9  0.009999-99.9-99.9-99.9-99.9-9.9 99 1.3 71-99.9 -99-99.9-9.9-9.9
5270020190711 -0.8-23.3  0.009999-99.9-99.9-99.9-99.9-9.9 99 1.5 69-18.3 -99-99.9-9.9-9.9
5270020190712 -5.2-14.4  0.009999-99.9-99.9-99.9-99.9-9.9 99 1.8 76-15.8 -99-99.9-9.9-9.9
5270020190713 -2.8-23.5  0.009999-99.9-99.9-99.9-99.9-9.9 99 1.3 71-19.7 -99-99.9-9.9-9.9
5270020190714 -0.6-25.9  0.009999-99.9-99.9-99.9-99.9-9.9 99 1.1 66-99.9 -99-99.9-9.9-9.9
5270020190715 -2.9-24.5  0.009999-99.9-99.9-99.9-99.9-9.9 99 1.0 67-99.9 -99-99.9-9.9-9.9
5270020190716 -0.7-25.7  0.009999-99.9-99.9-99.9-99.9-9.9 99 1.2 65-99.9 -99-99.9-9.9-9.9
5270020190717 -0.4-24.1  0.009999-99.9-99.9-99.9-99.9-9.9 99 1.3 70-19.5 -99-99.9-9.9-9.9
5270020190718-11.4-21.4  0.009999-99.9-99.9-99.9-99.9-9.9 99 1.3 78-19.4 -99-99.9-9.9-9.9
5270020190719 -4.5-27.2  0.009999-99.9-99.9-99.9-99.9-9.9 99 1.0 69-99.9 -99-99.9-9.9-9.9
5270020190720  5.3-24.2  0.009999-99.9-99.9-99.9-99.9-9.9 99 1.2 58-99.9 -99-99.9-9.9-9.9
5270020190721  2.5-12.3  0.009999-99.9-99.9-99.9-99.9-9.9 99 1.1 36-99.9 -99-99.9-9.9-9.9
5270020190722-10.9-20.0  0.009999-99.9-99.9-99.9-99.9-9.9 99 0.9 46-99.9 -99-99.9-9.9-9.9
5270020190723 -6.0-20.7  0.009999-99.9-99.9-99.9-99.9-9.9 99 0.8 52-99.9 -99-99.9-9.9-9.9
5270020190724 -6.3-28.4  0.009999-99.9-99.9-99.9-99.9-9.9 99 0.7 59-99.9 -99-99.9-9.9-9.9
5270020190725 -1.1-27.7  0.009999-99.9-99.9-99.9-99.9-9.9 99 0.8 55-99.9 -99-99.9-9.9-9.9
5270020190726-99.9-99.9-99.999999-99.9-99.9-99.9-99.9-9.9 99-9.9-99-99.9 -99-99.9-9.9-9.9
