5273320151201-99.9-99.9-99.999999-99.9-99.9-99.9-99.9-9.9 99-9.9-99-99.9 -99-99.9-9.9-9.9
5273320151202 29.6 21.7  6.019999-99.9-99.9-99.9-99.9 0.2  129.1 96 23.5   1  0.8 8.1 2.6
5273320151203 32.0 22.0  0.009999-99.9-99.9-99.9-99.9 1.2  929.9 91 24.0   1  0.510.0 3.1
5273320151204 35.4 22.5  0.819999-99.9-99.9-99.9-99.9 5.0 3730.1 82 24.1   2  1.516.6 5.9
5273320151205 30.2 20.6 48.219999-99.9-99.9-99.9-99.9-9.9 9927.1100 22.3   2  1.5 4.9-9.9
5273320151206 33.5 18.8  0.009999-99.9-99.9-99.9-99.911.5 8421.6 68 18.7   2  1.828.1 9.4
5273320151207 34.4 17.5  0.009999-99.9-99.9-99.9-99.911.2 8319.9 58 17.4   2  1.827.7 9.9
5273320151208 35.4 18.7  0.009999-99.9-99.9-99.9-99.9 7.7 5623.8 56 20.1   6  5.021.412.9
5273320151209 35.6 21.9  4.019999-99.9-99.9-99.9-99.9 2.8 2027.3 84 22.5   4  3.212.8 8.0
5273320151210 33.3 17.6  0.009999-99.9-99.9-99.9-99.910.9 8022.4 66 19.3   1  1.027.2 8.1
5273320151211 35.0 20.3  0.009999-99.9-99.9-99.9-99.9 6.9 5127.3 73 22.5   2  1.220.1 7.0
5273320151212 37.1 24.0  0.009999-99.9-99.9-99.9-99.9 7.3 5329.0 61 23.5   5  4.120.712.2
5273320151213 32.6 23.4  0.009999-99.9-99.9-99.9-99.9 7.1 5228.4 73 23.2   4  2.920.4 9.4
5273320151214 38.6 23.0  0.009999-99.9-99.9-99.9-99.9 5.3 3928.7 62 23.3   3  2.517.2 8.5
5273320151215 30.1 22.0  0.009999-99.9-99.9-99.9-99.9 2.8 2025.7 79 21.6   2  1.712.8 5.1
5273320151216 35.1 21.5  0.009999-99.9-99.9-99.9-99.9 6.4 4728.6 72 23.3   3  2.419.2 7.9
5273320151217 40.1 26.6  0.009999-99.9-99.9-99.9-99.911.3 8323.6 43 20.0   8  6.427.823.5
5273320151218 37.2 24.6  0.009999-99.9-99.9-99.9-99.9 4.7 3524.1 49 20.4   4  3.216.212.2
5273320151219 28.9 20.9  0.009999-99.9-99.9-99.9-99.9-9.9 9919.4 66 16.9   4  3.4 7.4-9.9
5273320151220 31.6 19.9  0.009999-99.9-99.9-99.9-99.9 2.8 2122.5 71 19.1   1  0.812.9 4.6
5273320151221 33.8 20.1  0.009999-99.9-99.9-99.9-99.9 1.3 1028.7 76 23.3   2  1.410.2 4.5
5273320151222 38.4 26.4  0.009999-99.9-99.9-99.9-99.9 7.5 5525.9 52 21.6   6  4.821.216.3
5273320151223 36.6 26.3  8.219999-99.9-99.9-99.9-99.9 3.2 2328.1 64 23.0   3  2.613.6 9.3
5273320151224 29.5 20.8  1.219999-99.9-99.9-99.9-99.9 1.4 1027.2 91 22.4   3  2.410.4 4.8
5273320151225 35.8 20.4  0.009999-99.9-99.9-99.9-99.9 7.1 5226.9 64 22.3   1  0.620.4 6.4
5273320151226 35.3 23.1 14.019999-99.9-99.9-99.9-99.9 4.3 3131.4 84 24.9   1  1.215.4 5.8
5273320151227 40.2 25.2  0.009999-99.9-99.9-99.9-99.9 7.3 5429.8 64 23.9   3  2.020.8 9.4
5273320151228 35.9 24.2  2.819999-99.9-99.9-99.9-99.9 2.3 1730.7 82 24.5   2  1.612.0 5.6
5273320151229 38.9 22.8  0.009999-99.9-99.9-99.9-99.910.5 7729.9 71 24.0   1  0.626.6 8.5
5273320151230 44.0 23.8  0.009999-99.9-99.9-99.9-99.911.8 8727.6 46 22.7   1  1.028.810.9
5273320151231 34.1 23.9  0.009999-99.9-99.9-99.9-99.9 4.1 3027.7 70 22.7   3  2.615.2 8.3
5273320160101 40.1 19.9  0.009999-99.9-99.9-99.9-99.911.3 8325.5 56 21.4   1  0.927.8 9.4
5273320160102 40.3 24.0  0.009999-99.9-99.9-99.9-99.9 7.3 5329.4 58 23.7   2  1.920.7 9.9
5273320160103 38.5 25.2  0.009999-99.9-99.9-99.9-99.9 5.4 3929.4 63 23.7   3  2.117.4 8.9
5273320160104 38.2 23.6  0.009999-99.9-99.9-99.9-99.9 6.2 4629.5 69 23.8   2  1.418.9 7.3
5273320160105 38.2 23.3  0.009999-99.9-99.9-99.9-99.9 4.3 3228.7 63 23.3   2  1.915.5 7.4
5273320160106 39.7 23.2  0.009999-99.9-99.9-99.9-99.9 9.2 6826.8 54 22.2   2  1.824.210.1
5273320160107 39.8 22.9  0.009999-99.9-99.9-99.9-99.9 9.0 6626.1 53 21.7   2  1.523.8 9.7
5273320160108 39.7 21.7  0.009999-99.9-99.9-99.9-99.9 9.1 6725.3 51 21.2   2  1.523.9 9.9
5273320160109 38.4 23.7 17.819999-99.9-99.9-99.9-99.9 4.9 3630.8 93 24.5   2  1.316.4 6.1
5273320160110 40.0 23.7  0.009999-99.9-99.9-99.9-99.910.8 7929.2 57 23.6   2  1.526.910.4
5273320160111 41.5 24.4  0.009999-99.9-99.9-99.9-99.911.3 8428.1 52 22.9   2  1.227.911.1
5273320160112 44.0 25.6  0.009999-99.9-99.9-99.9-99.910.6 7926.5 41 21.9   3  2.526.614.3
5273320160113 34.8 20.8 55.219999-99.9-99.9-99.9-99.9-9.9 9927.0 93 22.3   3  2.6 2.5-9.9
5273320160114 37.3 22.6  0.009999-99.9-99.9-99.9-99.9 9.6 7129.6 81 23.9   1  1.124.7 8.0
5273320160115 38.6 23.4  0.009999-99.9-99.9-99.9-99.9 9.9 7429.6 66 23.9   2  1.225.4 9.3
5273320160116 39.3 22.3  0.009999-99.9-99.9-99.9-99.9 9.7 7228.2 65 23.1   1  0.724.9 8.4
5273320160117 42.9 20.0  0.009999-99.9-99.9-99.9-99.911.0 8225.4 53 21.3   1  1.127.2 9.9
5273320160118 40.1 25.6  0.009999-99.9-99.9-99.9-99.9 7.4 5527.6 67 22.7   2  1.420.8 8.4
5273320160119 40.7 20.6  0.009999-99.9-99.9-99.9-99.911.7 8724.7 53 20.9   1  1.128.410.2
5273320160120 41.2 19.8  0.009999-99.9-99.9-99.9-99.911.9 8921.6 46 18.6   2  1.328.711.1
5273320160121 42.2 17.8  0.009999-99.9-99.9-99.9-99.911.9 8919.6 46 17.1   2  1.328.711.1
5273320160122 42.8 18.9  0.009999-99.9-99.9-99.9-99.911.8 8818.5 37 16.1   3  2.128.614.0
5273320160123 42.5 19.1  0.009999-99.9-99.9-99.9-99.911.7 8819.2 36 16.7   3  2.428.414.4
5273320160124 43.2 22.4  0.009999-99.9-99.9-99.9-99.911.4 8519.5 33 17.1   7  5.727.724.2
5273320160125 41.9 28.8  2.519999-99.9-99.9-99.9-99.9 7.8 5924.7 45 20.8   4  3.321.415.4
5273320160126 31.2 21.9  4.819999-99.9-99.9-99.9-99.9 0.8  626.9 90 22.2   3  2.2 9.0 4.5
5273320160127 36.9 17.2  0.009999-99.9-99.9-99.9-99.911.7 8819.5 53 17.0   2  1.428.2 9.8
5273320160128 39.5 18.4  0.009999-99.9-99.9-99.9-99.9 8.7 6623.3 53 19.9   2  1.823.0 9.5
5273320160129 43.2 23.9 22.519999-99.9-99.9-99.9-99.9 7.8 5927.0 64 22.3   5  4.121.415.2
5273320160130 33.5 22.7  9.519999-99.9-99.9-99.9-99.9 3.4 2529.5 83 23.8   3  2.713.5 5.0
5273320160131 33.3 22.3  0.009999-99.9-99.9-99.9-99.9 5.6 4327.8 83 22.8   4  3.017.4 6.9
5273320160201 35.4 21.2  0.009999-99.9-99.9-99.9-99.9 9.0 6825.6 67 21.4   2  1.423.4 8.5
5273320160202 31.4 20.7  4.519999-99.9-99.9-99.9-99.9 2.3 1726.2 82 21.9   1  1.011.5 4.1
5273320160203 33.1 21.3  0.219999-99.9-99.9-99.9-99.9 6.6 5028.8 89 23.4   1  1.119.0 5.7
5273320160204 37.3 21.9  8.219999-99.9-99.9-99.9-99.9 9.5 7328.7 66 23.4   2  2.024.2 9.4
5273320160205 34.6 21.4  6.219999-99.9-99.9-99.9-99.9 3.7 2930.5 88 24.3   3  2.314.0 5.7
5273320160206 35.5 22.6 38.519999-99.9-99.9-99.9-99.9 3.9 3031.4 93 24.8   2  1.514.3 4.7
5273320160207 36.2 24.1  0.009999-99.9-99.9-99.9-99.9 6.8 5230.6 65 24.4   4  3.419.3 9.9
5273320160208 39.3 26.9  0.009999-99.9-99.9-99.9-99.9 7.8 6028.7 61 23.3   6  4.721.014.8
5273320160209 36.0 26.6 60.019999-99.9-99.9-99.9-99.9 2.8 2232.3 75 25.3   2  1.412.3 5.9
5273320160210 29.9 23.7  0.819999-99.9-99.9-99.9-99.9 0.0  031.9 94 25.1   2  1.6 7.4 2.6
5273320160211 36.9 24.3  0.009999-99.9-99.9-99.9-99.9 6.8 5334.1 80 26.2   2  1.619.2 6.9
5273320160212 37.9 26.7  0.009999-99.9-99.9-99.9-99.9 9.9 7731.3 64 24.8   5  3.824.613.1
5273320160213 38.6 25.0 98.519999-99.9-99.9-99.9-99.9 9.7 7530.4 60 24.3   4  3.324.112.5
5273320160214 35.5 22.4  0.519999-99.9-99.9-99.9-99.9 4.2 3231.3 89 24.8   2  1.614.5 5.1
5273320160215 35.3 24.6 13.219999-99.9-99.9-99.9-99.9 5.6 4434.4 88 26.4   1  0.917.0 5.4
5273320160216 37.1 25.5  0.219999-99.9-99.9-99.9-99.9 9.7 7633.7 72 26.0   6  4.424.011.9
5273320160217 38.5 27.7  0.009999-99.9-99.9-99.9-99.9 9.7 7632.4 68 25.3   6  5.123.915.3
5273320160218 39.8 27.9  0.009999-99.9-99.9-99.9-99.9 9.2 7231.6 60 25.0   4  3.423.013.4
5273320160219 42.5 26.7 98.019999-99.9-99.9-99.9-99.910.1 7929.9 58 24.0   4  3.024.413.4
5273320160220 28.0 21.2  6.519999-99.9-99.9-99.9-99.9-9.9 9928.0100 22.9   3  2.4 3.9-9.9
5273320160221 34.8 22.2  0.009999-99.9-99.9-99.9-99.9 5.2 4130.8 84 24.5   1  0.816.0 5.0
5273320160222 36.9 23.5  0.009999-99.9-99.9-99.9-99.9 9.1 7230.7 75 24.5   2  1.422.6 8.0
5273320160223 35.0 21.6  0.009999-99.9-99.9-99.9-99.9 7.2 5730.1 85 24.1   1  0.919.3 6.0
5273320160224 36.8 22.5  0.009999-99.9-99.9-99.9-99.910.2 8130.1 73 24.1   1  0.724.4 7.8
5273320160225 37.4 22.6  0.009999-99.9-99.9-99.9-99.910.1 8029.4 73 23.7   2  1.324.1 8.3
5273320160226 39.4 24.2  2.219999-99.9-99.9-99.9-99.910.1 8030.9 66 24.6   4  3.324.111.7
5273320160227 30.4 20.7  0.219999-99.9-99.9-99.9-99.9 2.5 2026.6 90 22.1   3  2.811.1 5.3
5273320160228 33.9 20.3  0.009999-99.9-99.9-99.9-99.9 5.0 4027.9 85 22.8   1  0.815.4 4.6
5273320160229 33.8 22.6  0.009999-99.9-99.9-99.9-99.9 6.9 5531.1 79 24.7   2  1.618.5 6.5
5273320160301 27.9 19.7 33.519999-99.9-99.9-99.9-99.9-9.9 9928.0 97 22.8   2  1.2 3.8-9.9
5273320160302 33.0 18.3  0.009999-99.9-99.9-99.9-99.9 8.5 6825.0 82 21.0   2  1.421.1 6.3
5273320160303 32.7 18.4  0.009999-99.9-99.9-99.9-99.9 8.7 7023.9 80 20.3   1  1.021.3 6.3
5273320160304 32.5 17.7  0.009999-99.9-99.9-99.9-99.9 8.0 6423.0 79 19.7   1  0.820.0 5.7
5273320160305 33.1 18.1  0.009999-99.9-99.9-99.9-99.9 7.6 6123.8 80 20.2   1  0.719.4 5.5
5273320160306 33.8 20.3  0.009999-99.9-99.9-99.9-99.9 8.7 7025.4 76 21.3   1  0.921.2 6.4
5273320160307 33.5 21.0  0.009999-99.9-99.9-99.9-99.9 8.2 6625.6 73 21.5   2  1.720.2 7.1
5273320160308 27.5 22.0 51.819999-99.9-99.9-99.9-99.9-9.9 9927.6 97 22.7   2  1.8 5.3-9.9
5273320160309 31.4 18.3  0.009999-99.9-99.9-99.9-99.9 5.1 4123.4 87 20.0   3  2.515.0 5.1
5273320160310 31.5 18.2  0.009999-99.9-99.9-99.9-99.9 6.6 5323.0 76 19.7   2  1.617.4 5.7
5273320160311 31.0 15.6  0.009999-99.9-99.9-99.9-99.9 9.8 8020.4 77 17.8   1  1.022.5 6.2
5273320160312 30.7 14.5  0.009999-99.9-99.9-99.9-99.9 9.5 7719.5 72 17.1   1  0.921.9 5.9
5273320160313 31.3 14.4  0.009999-99.9-99.9-99.9-99.9 8.4 6919.0 80 16.6   1  0.720.2 5.3
5273320160314 32.1 13.9  0.009999-99.9-99.9-99.9-99.9 9.9 8120.0 77 17.4   1  0.822.5 5.9
5273320160315 35.0 15.1  0.009999-99.9-99.9-99.9-99.9 9.7 8022.5 71 19.2   1  1.122.1 6.4
5273320160316 38.9 20.0  0.009999-99.9-99.9-99.9-99.9 7.7 6327.0 64 22.3   2  1.518.7 7.0
5273320160317 38.3 22.5  0.009999-99.9-99.9-99.9-99.9 9.4 7827.7 60 22.7   5  4.421.412.8
5273320160318 38.8 24.3 10.519999-99.9-99.9-99.9-99.9 8.9 7428.8 63 23.4   5  3.920.611.8
5273320160319 29.5 15.6  0.819999-99.9-99.9-99.9-99.9-9.9 9920.2 99 17.6   4  3.3 3.6-9.9
5273320160320 19.7 16.3  3.519999-99.9-99.9-99.9-99.9-9.9 9920.4100 17.8   2  1.6 2.9-9.9
5273320160321 21.5 17.5  1.019999-99.9-99.9-99.9-99.9-9.9 9921.9 98 18.9   2  2.0 4.7-9.9
5273320160322 22.8 18.6  4.819999-99.9-99.9-99.9-99.9-9.9 9924.0100 20.4   2  1.5 5.0-9.9
5273320160323 22.3 20.0 25.519999-99.9-99.9-99.9-99.9-9.9 9924.5100 20.7   1  0.9 2.6-9.9
5273320160324 27.1 20.1  1.219999-99.9-99.9-99.9-99.9 1.2 1023.4 89 20.0   4  3.1 8.0 3.0
5273320160325 29.6 14.4  0.009999-99.9-99.9-99.9-99.9 8.6 7219.6 78 17.1   3  2.419.4 6.4
5273320160326 29.1 16.2  0.009999-99.9-99.9-99.9-99.9 8.4 7019.2 84 16.8   1  1.119.0 5.2
5273320160327 31.5 12.8  0.009999-99.9-99.9-99.9-99.9 9.1 7719.0 76 16.6   1  0.520.0 4.8
5273320160328 31.9 14.6  0.009999-99.9-99.9-99.9-99.9 8.6 7220.4 77 17.8   1  0.919.2 5.2
5273320160329 31.9 15.7  0.009999-99.9-99.9-99.9-99.9 8.7 7422.2 77 19.1   2  1.219.3 5.4
5273320160330 34.2 19.9105.519999-99.9-99.9-99.9-99.9 6.8 5826.9 72 22.2   2  1.316.2 5.5
5273320160331 35.4 19.8  0.009999-99.9-99.9-99.9-99.9 7.1 6031.6 84 24.9   4  3.516.5 6.6
5273320160401 36.0 24.7  0.009999-99.9-99.9-99.9-99.9 8.3 7030.9 70 24.6   6  4.718.310.7
5273320160402 37.1 24.9  0.009999-99.9-99.9-99.9-99.9 8.5 7229.0 62 23.5   5  4.218.511.3
5273320160403 37.0 24.8  0.009999-99.9-99.9-99.9-99.9 7.6 6530.1 66 24.1   4  3.117.2 9.5
5273320160404 37.4 26.9  0.009999-99.9-99.9-99.9-99.9 8.3 7128.8 66 23.4   5  4.418.112.3
5273320160405 36.9 24.8  0.009999-99.9-99.9-99.9-99.9 7.4 6329.5 60 23.8   4  3.316.6 9.4
5273320160406 35.1 21.8  0.009999-99.9-99.9-99.9-99.9 7.0 6028.8 72 23.4   2  1.816.0 6.4
5273320160407 34.8 20.7  0.009999-99.9-99.9-99.9-99.9 5.7 4930.0 79 24.0   2  1.414.0 5.0
5273320160408 34.9 22.6  0.009999-99.9-99.9-99.9-99.9 4.0 3531.7 84 25.0   1  1.111.4 4.2
5273320160409 29.8 23.4 30.519999-99.9-99.9-99.9-99.9 0.2  129.8 93 24.0   2  1.9 5.8 2.3
5273320160410 23.4 19.7  0.219999-99.9-99.9-99.9-99.9-9.9 9924.8100 20.9   4  2.8 4.4-9.9
5273320160411 21.9 18.3 36.219999-99.9-99.9-99.9-99.9-9.9 9922.1 97 19.1   4  3.4 4.2-9.9
5273320160412 19.1 16.3  1.019999-99.9-99.9-99.9-99.9-9.9 9920.4100 17.8   1  1.0 2.6-9.9
5273320160413 26.3 18.2  0.219999-99.9-99.9-99.9-99.9 1.2 1124.1 95 20.4   0  0.3 7.1 1.7
5273320160414 32.0 21.0  3.219999-99.9-99.9-99.9-99.9 3.2 2830.8 93 24.4   2  1.5 9.8 2.6
5273320160415 33.9 23.9  0.009999-99.9-99.9-99.9-99.9 8.6 7529.3 70 23.7   9  7.217.512.4
5273320160416 33.1 25.3  0.009999-99.9-99.9-99.9-99.9 4.5 3929.7 75 23.9   6  4.911.6 8.6
5273320160417 32.2 25.5  0.519999-99.9-99.9-99.9-99.9 2.1 1831.6 84 24.9   4  3.1 8.2 4.8
5273320160418 27.3 17.6  0.219999-99.9-99.9-99.9-99.9 0.5  526.6 92 21.8   3  2.5 5.9 3.1
5273320160419 18.2 15.4 36.819999-99.9-99.9-99.9-99.9-9.9 9918.6 99 16.4   3  2.7 2.5-9.9
5273320160420 19.3 15.7  2.219999-99.9-99.9-99.9-99.9-9.9 9919.7100 17.2   1  0.5 2.6-9.9
5273320160421 27.2 15.7  0.009999-99.9-99.9-99.9-99.9 5.1 4521.1 88 18.3   2  1.412.1 2.9
5273320160422 25.7 17.9  0.219999-99.9-99.9-99.9-99.9 2.0 1823.3 90 19.9   1  0.5 7.8 2.1
5273320160423 29.7 19.9  0.009999-99.9-99.9-99.9-99.9 1.9 1727.7 94 22.7   2  1.9 7.7 2.5
5273320160424 34.3 20.4  0.009999-99.9-99.9-99.9-99.9 6.9 6128.6 81 23.2   2  1.814.4 4.8
5273320160425 26.1 11.6  5.519999-99.9-99.9-99.9-99.9-9.9 9915.9 94 13.8   8  6.6 1.9-9.9
5273320160426 18.8  7.1  0.009999-99.9-99.9-99.9-99.9 7.1 6410.9 81  8.1   7  6.014.5 6.8
5273320160427 20.6  2.2  0.009999-99.9-99.9-99.9-99.9 9.2 82 9.4 78  5.9   2  1.417.1 3.3
5273320160428 21.5  3.6  0.009999-99.9-99.9-99.9-99.9 9.2 8210.0 76  6.9   1  0.917.0 3.0
5273320160429 23.1  3.0  0.009999-99.9-99.9-99.9-99.9 8.8 7910.9 77  8.0   1  0.916.5 3.0
5273320160430 22.1  4.0  0.009999-99.9-99.9-99.9-99.9 8.9 8011.0 81  8.2   1  0.816.5 2.9
5273320160501 23.7  6.0  0.009999-99.9-99.9-99.9-99.9 8.4 7511.9 79  9.5   2  2.015.7 3.6
5273320160502 25.8  7.6  0.009999-99.9-99.9-99.9-99.9 4.1 3714.4 72 12.2   1  0.610.1 2.1
5273320160503 25.7 10.9  0.009999-99.9-99.9-99.9-99.9 8.4 7614.7 75 12.6   1  0.915.6 3.6
5273320160504 26.8  6.7  0.009999-99.9-99.9-99.9-99.9 8.4 7614.1 76 11.9   1  0.715.5 3.0
5273320160505 24.6 12.9  0.009999-99.9-99.9-99.9-99.9-9.9 9919.3 86 16.9   0  0.3 4.1-9.9
5273320160506 25.1 17.0  0.009999-99.9-99.9-99.9-99.9 2.1 1920.9 87 18.2   1  1.1 7.3 2.1
5273320160507 24.7 15.7  0.009999-99.9-99.9-99.9-99.9 0.8  821.0 91 18.2   1  0.9 5.6 1.7
5273320160508 24.8 18.8  0.009999-99.9-99.9-99.9-99.9 0.1  123.0 93 19.7   1  0.6 4.7 1.3
5273320160509 22.8 18.6  0.519999-99.9-99.9-99.9-99.9-9.9 9922.4 98 19.3   2  1.6 3.1-9.9
5273320160510 23.3 17.9  0.009999-99.9-99.9-99.9-99.9 1.2 1121.1 90 18.4   2  1.2 6.0 1.8
5273320160511 25.2 16.4  0.009999-99.9-99.9-99.9-99.9 2.9 2620.3 89 17.7   1  0.6 8.1 2.0
5273320160512 23.8 15.9  0.009999-99.9-99.9-99.9-99.9-9.9 9920.3 92 17.7   1  1.1 4.4-9.9
5273320160513 21.6 13.1  0.009999-99.9-99.9-99.9-99.9 0.7  717.5 94 15.4   1  0.9 5.3 1.5
5273320160514 24.9 12.2  0.009999-99.9-99.9-99.9-99.9 1.6 1520.5 92 17.6   2  1.6 6.4 1.3
5273320160515 23.2 17.1  0.219999-99.9-99.9-99.9-99.9-9.9 9920.8 88 18.0   5  3.7 4.1-9.9
5273320160516 22.4  8.1  0.009999-99.9-99.9-99.9-99.9 7.7 7113.9 79 11.8   2  1.313.8 3.3
5273320160517 20.1  5.9  0.009999-99.9-99.9-99.9-99.9 7.0 6412.0 83  9.6   1  1.112.8 2.4
5273320160518 20.8  4.2  0.009999-99.9-99.9-99.9-99.9 5.2 4811.2 87  8.5   1  0.610.6 1.9
5273320160519 22.3  2.9  0.009999-99.9-99.9-99.9-99.9 7.6 7112.3 81  9.5   1  0.913.5 2.1
5273320160520 24.8 11.2  0.009999-99.9-99.9-99.9-99.9 6.0 5613.9 78 11.7   1  1.111.5 3.0
5273320160521 19.6  7.0  0.009999-99.9-99.9-99.9-99.9 2.9 2712.4 84 10.1   1  0.9 7.7 1.5
5273320160522 22.2  4.5  0.009999-99.9-99.9-99.9-99.9 7.3 6811.3 81  8.6   2  1.412.9 2.8
5273320160523 22.2  2.5  0.009999-99.9-99.9-99.9-99.9 7.5 6911.2 82  8.4   1  1.013.1 2.2
5273320160524 22.0  6.2  0.009999-99.9-99.9-99.9-99.9 7.3 6811.7 80  9.2   2  1.512.9 2.6
5273320160525 25.0  6.3  0.009999-99.9-99.9-99.9-99.9 5.6 5215.0 73 12.7   2  1.210.7 2.2
5273320160526 22.5 14.9  0.009999-99.9-99.9-99.9-99.9 0.5  517.3 82 15.1   2  2.0 4.8 2.6
5273320160527 20.6 10.9  0.009999-99.9-99.9-99.9-99.9 1.7 1515.7 89 13.6   3  2.0 6.1 1.8
5273320160528 21.4  9.3  0.009999-99.9-99.9-99.9-99.9 1.0 1014.3 88 12.2   2  1.6 5.3 1.9
5273320160529 22.7  3.6  0.009999-99.9-99.9-99.9-99.9 7.1 6712.8 82 10.2   1  0.612.4 1.8
5273320160530 22.6 12.2  0.009999-99.9-99.9-99.9-99.9 3.5 3314.6 82 12.6   1  0.6 8.2 1.9
5273320160531 22.6  5.1  0.009999-99.9-99.9-99.9-99.9 5.2 4813.6 83 11.2   0  0.410.0 1.7
5273320160601 24.2 12.5  0.009999-99.9-99.9-99.9-99.9 4.1 3915.5 83 13.5   1  0.5 8.8 2.0
5273320160602 23.9  7.0  0.009999-99.9-99.9-99.9-99.9 6.8 6414.0 82 11.7   1  0.811.9 2.0
5273320160603 23.0 10.6  0.009999-99.9-99.9-99.9-99.9 5.2 4913.7 83 11.6   2  1.310.1 2.7
5273320160604 23.0  6.8  0.009999-99.9-99.9-99.9-99.9 5.6 5313.6 84 11.4   1  1.110.4 1.8
5273320160605 21.3  8.5  0.009999-99.9-99.9-99.9-99.9 4.3 4013.4 82 11.3   1  0.9 8.9 2.1
5273320160606 17.4  9.7  0.009999-99.9-99.9-99.9-99.9 2.7 2612.5 87 10.3   2  1.5 7.1 2.0
5273320160607 21.7  2.9  0.009999-99.9-99.9-99.9-99.9 7.6 7210.8 84  7.9   1  0.612.7 1.9
5273320160608 22.8  0.2  0.009999-99.9-99.9-99.9-99.9 7.9 75 8.8 77  4.9   1  1.013.0 2.3
5273320160609 20.3  3.6  0.009999-99.9-99.9-99.9-99.9 5.3 50 9.8 79  6.6   2  1.910.0 2.4
5273320160610 22.2  5.5  0.009999-99.9-99.9-99.9-99.9 4.9 4710.9 72  8.2   1  1.1 9.6 2.3
5273320160611 19.4  2.6  0.009999-99.9-99.9-99.9-99.9 6.4 61 9.1 82  5.6   1  0.911.2 2.0
5273320160612 21.1 -0.9  0.009999-99.9-99.9-99.9-99.9 7.6 72 7.3 73  2.3   2  1.412.6 2.6
5273320160613 21.3  3.1  0.009999-99.9-99.9-99.9-99.9 4.2 39 8.5 72  4.5   2  1.5 8.6 2.6
5273320160614 26.9  1.8  0.009999-99.9-99.9-99.9-99.9 7.3 6911.3 68  8.2   1  1.012.1 2.3
5273320160615 25.7 11.2  0.009999-99.9-99.9-99.9-99.9 1.1 1014.9 72 12.9   1  0.6 5.1 2.0
5273320160616 19.3 14.5  0.009999-99.9-99.9-99.9-99.9-9.9 9914.1 78 12.1   1  1.1 2.2-9.9
5273320160617 22.5  6.7  0.009999-99.9-99.9-99.9-99.9 5.4 5111.9 75  9.5   1  0.910.0 2.5
5273320160618 21.9  7.1  0.009999-99.9-99.9-99.9-99.9 5.3 5010.3 79  7.3   1  0.6 9.9 2.1
5273320160619 23.1  2.2  0.009999-99.9-99.9-99.9-99.9 6.1 58 9.5 64  6.0   1  0.910.8 2.1
5273320160620 21.6  7.2  0.009999-99.9-99.9-99.9-99.9 5.8 5510.3 76  7.3   1  1.210.5 3.0
5273320160621 21.3  1.3  0.009999-99.9-99.9-99.9-99.9 7.5 71 8.8 78  5.0   2  1.512.4 2.7
5273320160622 23.0 -2.4  0.009999-99.9-99.9-99.9-99.9 7.9 75 7.2 72  2.0   1  0.512.8 1.9
5273320160623 25.5  0.0  0.009999-99.9-99.9-99.9-99.9 7.4 70 9.6 71  6.0   2  1.512.2 2.5
5273320160624 25.6  9.6  7.219999-99.9-99.9-99.9-99.9 1.9 1818.5 87 15.9   3  2.1 6.0 1.4
5273320160625 19.9 10.5  2.519999-99.9-99.9-99.9-99.9-9.9 9915.0100 12.9   5  4.1 0.5-9.9
5273320160626 12.1  9.8  2.219999-99.9-99.9-99.9-99.9-9.9 9912.6 98 10.4   3  2.1 1.5-9.9
5273320160627 13.4  9.5  0.009999-99.9-99.9-99.9-99.9-9.9 9912.7 95 10.4   0  0.4 3.8-9.9
5273320160628 15.1 10.3  0.219999-99.9-99.9-99.9-99.9-9.9 9913.2 92 11.0   0  0.3 3.4-9.9
5273320160629 17.2 10.7  0.009999-99.9-99.9-99.9-99.9-9.9 9915.3 96 13.3   1  0.5 2.7-9.9
5273320160630 29.7 12.4  0.009999-99.9-99.9-99.9-99.9 5.2 4919.4 80 16.8   1  1.1 9.8 2.2
5273320160701 28.6 16.3  0.009999-99.9-99.9-99.9-99.9 5.1 4820.5 84 17.8   1  0.9 9.7 2.6
5273320160702 27.3 17.3  0.009999-99.9-99.9-99.9-99.9 1.9 1821.0 87 18.2   1  1.0 6.1 2.0
5273320160703 25.6 14.9  0.009999-99.9-99.9-99.9-99.9 2.7 2519.2 88 16.8   3  2.4 7.0 2.5
5273320160704 16.9 11.3  1.019999-99.9-99.9-99.9-99.9-9.9 9914.6100 12.6   4  3.4 0.7-9.9
5273320160705 17.4  8.1  0.009999-99.9-99.9-99.9-99.9-9.9 9912.7 93 10.4   2  1.8 4.0-9.9
5273320160706 25.7  0.5  0.009999-99.9-99.9-99.9-99.9 7.8 74 9.7 76  6.2   1  0.713.0 2.2
5273320160707 25.2  3.1  0.009999-99.9-99.9-99.9-99.9 6.5 6111.1 75  8.2   1  0.911.5 2.2
5273320160708 19.1 10.7  0.009999-99.9-99.9-99.9-99.9-9.9 9914.0 84 11.9   1  0.7 2.9-9.9
5273320160709 28.3 10.4  0.009999-99.9-99.9-99.9-99.9 7.1 6716.9 84 14.6   1  0.812.3 2.5
5273320160710 27.5 13.3  0.009999-99.9-99.9-99.9-99.9 6.8 6418.8 83 16.4   3  2.312.0 3.2
5273320160711 27.3 15.5  0.009999-99.9-99.9-99.9-99.9 5.2 4919.4 88 17.0   1  1.210.1 2.5
5273320160712 19.9 14.7  0.009999-99.9-99.9-99.9-99.9-9.9 9917.9 91 15.7   2  1.9 3.1-9.9
5273320160713 23.7 13.5  0.009999-99.9-99.9-99.9-99.9 1.1 1019.3 88 16.8   2  1.3 5.4 1.5
5273320160714 31.3 17.9  0.009999-99.9-99.9-99.9-99.9 4.7 4422.6 80 19.5   2  1.3 9.6 3.0
5273320160715 23.3 13.9  0.009999-99.9-99.9-99.9-99.9 6.3 5915.1 70 12.9   4  3.411.6 6.0
5273320160716 20.8  3.2  0.009999-99.9-99.9-99.9-99.9 7.9 74 9.2 77  5.7   2  1.613.5 3.4
5273320160717 18.9  1.5  0.009999-99.9-99.9-99.9-99.9 4.1 38 9.1 73  5.4   2  1.3 9.0 2.1
5273320160718 19.2  2.7  0.009999-99.9-99.9-99.9-99.9 4.1 38 9.1 78  5.5   1  1.1 9.0 2.4
5273320160719 20.6 -2.0  0.009999-99.9-99.9-99.9-99.9 7.8 73 8.2 77  3.9   1  1.113.5 2.2
5273320160720 21.7 -1.3  0.009999-99.9-99.9-99.9-99.9 7.9 74 8.3 76  4.1   1  0.913.7 2.4
5273320160721 23.5 -0.8  0.009999-99.9-99.9-99.9-99.9 8.3 77 8.4 72  4.2   1  0.814.2 2.5
5273320160722 25.6  0.3  0.009999-99.9-99.9-99.9-99.9 7.8 72 9.2 71  5.5   1  1.013.6 2.8
5273320160723 30.6  5.7  0.009999-99.9-99.9-99.9-99.9 6.8 6312.9 61 10.4   3  2.012.5 4.0
5273320160724 31.1 11.2  0.009999-99.9-99.9-99.9-99.9 6.3 5816.9 74 14.9   2  1.712.0 4.5
5273320160725 32.2 12.5  0.009999-99.9-99.9-99.9-99.9 7.1 6516.9 68 14.8   3  2.313.0 5.1
5273320160726 22.5  9.3  0.009999-99.9-99.9-99.9-99.9 6.7 6212.9 75 10.5   6  4.812.5 8.0
5273320160727 21.5  1.8  0.009999-99.9-99.9-99.9-99.9 7.6 70 9.5 73  6.1   1  1.213.7 2.8
5273320160728 21.0 10.3  0.009999-99.9-99.9-99.9-99.9 4.0 3711.9 78  9.5   1  1.1 9.4 2.7
5273320160729 20.8  5.2  0.009999-99.9-99.9-99.9-99.9 0.6  512.1 85  9.7   0  0.4 5.1 1.4
5273320160730 32.6  9.1  0.009999-99.9-99.9-99.9-99.9 6.7 6115.1 70 13.0   3  2.312.8 4.7
5273320160731 35.2 12.6  0.009999-99.9-99.9-99.9-99.9 6.8 6215.5 48 13.5   5  4.313.010.3
5273320160801 26.6 15.8  0.009999-99.9-99.9-99.9-99.9-9.9 9914.7 68 12.4   6  5.1 4.3-9.9
5273320160802 24.0 14.7-99.999999-99.9-99.9-99.9-99.9-9.9 99-9.9-99-99.9 -99-99.9-9.9-9.9
5273320160804-99.9-99.9-99.999999-99.9-99.9-99.9-99.9-9.9 99-9.9-99-99.9 -99-99.9-9.9-9.9
5273320160807-99.9-99.9-99.999999-99.9-99.9-99.9-99.9-9.9 99-9.9-99-99.9 -99-99.9-9.9-9.9
5273320160810-99.9-99.9-99.999999-99.9-99.9-99.9-99.9-9.9 99-9.9-99-99.9 -99-99.9-9.9-9.9
5273320160812-99.9-99.9-99.999999-99.9-99.9-99.9-99.9-9.9 99-9.9-99-99.9 -99-99.9-9.9-9.9
5273320160813-99.9-99.9-99.999999-99.9-99.9-99.9-99.9-9.9 99-9.9-99-99.9 -99-99.9-9.9-9.9
5273320160924-99.9-99.9-99.999999-99.9-99.9-99.9-99.9-9.9 99-9.9-99-99.9 -99-99.9-9.9-9.9
5273320161104-99.9-99.9-99.999999-99.9-99.9-99.9-99.9-9.9 99-9.9-99-99.9 -99-99.9-9.9-9.9
5273320161105-99.9-99.9-99.999999-99.9-99.9-99.9-99.9-9.9 99-9.9-99-99.9 -99-99.9-9.9-9.9
5273320161126-99.9-99.9-99.999999-99.9-99.9-99.9-99.9-9.9 99-9.9-99-99.9 -99-99.9-9.9-9.9
5273320161127-99.9-99.9-99.999999-99.9-99.9-99.9-99.9-9.9 99-9.9-99-99.9 -99-99.9-9.9-9.9
5273320161129-99.9-99.9-99.999999-99.9-99.9-99.9-99.9-9.9 99-9.9-99-99.9 -99-99.9-9.9-9.9
5273320161130-99.9-99.9-99.999999-99.9-99.9-99.9-99.9-9.9 99-9.9-99-99.9 -99-99.9-9.9-9.9
5273320161201-99.9-99.9-99.999999-99.9-99.9-99.9-99.9-9.9 99-9.9-99-99.9 -99-99.9-9.9-9.9
5273320161202-99.9-99.9-99.999999-99.9-99.9-99.9-99.9-9.9 99-9.9 70-99.9 -99-99.9-9.9-9.9
5273320161203-99.9-99.9  0.009999-99.9-99.9-99.9-99.9-9.9 99-9.9-99-99.9 -99-99.9-9.9-9.9
5273320161204 34.7 18.3  0.009999-99.9-99.9-99.9-99.911.8 8724.4 75 20.4   1  1.128.7 9.0
5273320161205 38.0 20.5  0.009999-99.9-99.9-99.9-99.9 8.3 6129.1 74 23.3   4  3.322.4 9.9
5273320161206 33.2 25.7  0.819999-99.9-99.9-99.9-99.9 7.9 5828.9 81 23.4   4  3.121.810.3
5273320161207 35.6 21.3110.819999-99.9-99.9-99.9-99.9 7.9 5827.7 73 22.2   3  2.121.8 8.3
5273320161208 26.1 22.3  6.819999-99.9-99.9-99.9-99.9-9.9 9917.6 62 15.3   2  1.4 4.8-9.9
5273320161209 25.8 21.8-99.999999-99.9-99.9-99.9-99.9-9.9 99-9.9-99-99.9 -99-99.9-9.9-9.9
5273320161210-99.9-99.9-99.999999-99.9-99.9-99.9-99.9-9.9 99-9.9-99-99.9 -99-99.9-9.9-9.9
5273320161211-99.9-99.9-99.999999-99.9-99.9-99.9-99.9-9.9 99-9.9-99-99.9 -99-99.9-9.9-9.9
5273320161212-99.9-99.9-99.999999-99.9-99.9-99.9-99.9-9.9 99-9.9-99-99.9 -99-99.9-9.9-9.9
5273320161213-99.9-99.9-99.999999-99.9-99.9-99.9-99.9-9.9 99-9.9-99-99.9 -99-99.9-9.9-9.9
5273320161214-99.9-99.9-99.999999-99.9-99.9-99.9-99.9-9.9 99-9.9-99-99.9 -99-99.9-9.9-9.9
5273320161215-99.9-99.9-99.999999-99.9-99.9-99.9-99.9-9.9 99-9.9-99-99.9 -99-99.9-9.9-9.9
5273320161216-99.9-99.9-99.999999-99.9-99.9-99.9-99.9-9.9 99-9.9-99-99.9 -99-99.9-9.9-9.9
5273320161217 37.7 21.5  0.009999-99.9-99.9-99.9-99.911.5 8425.7 67 21.2   3  2.828.312.3
5273320161218 38.8 24.0 87.019999-99.9-99.9-99.9-99.911.0 8129.6 66 23.7   5  4.027.414.1
5273320161219 31.0 20.9  0.219999-99.9-99.9-99.9-99.9 4.8 3518.9 57 15.2   3  2.416.4 9.2
5273320161220 34.4 20.6  0.009999-99.9-99.9-99.9-99.9 8.8 6521.8 64 17.4   1  0.923.5 7.8
5273320161221 35.1 20.1-99.999999-99.9-99.9-99.9-99.910.6 7823.3 67 18.8 -99-99.926.7-9.9
5273320161222-99.9-99.9-99.999999-99.9-99.9-99.9-99.9-9.9 99-9.9-99-99.9 -99-99.9-9.9-9.9
5273320161223-99.9-99.9-99.999999-99.9-99.9-99.9-99.9-9.9 99-9.9-99-99.9 -99-99.9-9.9-9.9
5273320170101-99.9-99.9-99.999999-99.9-99.9-99.9-99.9-9.9 99-9.9-99-99.9 -99-99.9-9.9-9.9
5273320170102 38.4 26.8  0.009999-99.9-99.9-99.9-99.9 7.5 5535.3 75 26.8   2  1.321.2 8.4
5273320170103 39.8 23.6  0.009999-99.9-99.9-99.9-99.911.4 8428.7 58 23.3   5  4.028.115.6
5273320170104 39.7 25.8  0.009999-99.9-99.9-99.9-99.9 9.0 6630.5 62 24.3   5  4.323.714.3
5273320170105 35.0 25.3  4.019999-99.9-99.9-99.9-99.9 4.2 3130.7 77 24.5   3  2.515.3 7.9
5273320170106 31.1 22.9  0.819999-99.9-99.9-99.9-99.9 0.7  522.2 65 18.6   2  1.9 9.1 5.6
5273320170107 38.3 24.6  0.009999-99.9-99.9-99.9-99.910.3 7625.9 67 20.9   3  2.326.111.6
5273320170108 41.0 25.4  0.009999-99.9-99.9-99.9-99.911.3 8327.6 55 22.6   5  4.027.816.0
5273320170109 41.4 25.2  0.009999-99.9-99.9-99.9-99.910.7 7927.5 56 22.6   5  4.226.717.0
5273320170110 32.0 24.0  0.009999-99.9-99.9-99.9-99.9 4.8 3626.6 76 22.0   4  2.916.3 8.7
5273320170111 35.0 22.2  0.219999-99.9-99.9-99.9-99.9 5.6 4226.4 76 21.6   2  1.317.8 6.7
5273320170112 38.3 21.8  0.009999-99.9-99.9-99.9-99.9 8.7 6427.0 69 21.5   2  1.223.2 8.7
5273320170113 40.7 23.4  0.009999-99.9-99.9-99.9-99.910.6 7926.8 63 21.7   3  2.626.613.0
5273320170114 35.1 26.9  0.009999-99.9-99.9-99.9-99.9 2.5 1933.5 77 25.7   2  1.912.2 6.1
5273320170115 43.0 24.1  2.219999-99.9-99.9-99.9-99.9 8.4 6323.1 54 19.4   5  3.722.715.1
5273320170116 36.3 23.0  0.009999-99.9-99.9-99.9-99.910.5 7821.0 63 17.8   3  2.226.411.3
5273320170117 38.5 18.5  0.009999-99.9-99.9-99.9-99.911.6 8621.9 63 18.3   2  1.528.310.4
5273320170118 38.1 17.3  0.009999-99.9-99.9-99.9-99.911.4 8522.1 64 18.5   1  1.027.8 9.4
5273320170119 40.1 20.1  0.009999-99.9-99.9-99.9-99.911.7 8721.4 63 18.1   2  1.428.411.0
5273320170120 41.8 19.5  0.009999-99.9-99.9-99.9-99.911.4 8523.2 60 19.5   2  1.327.910.6
5273320170121 41.9 23.0  0.009999-99.9-99.9-99.9-99.910.5 7924.2 62 20.3   2  1.526.311.0
5273320170122 41.9 21.9 12.219999-99.9-99.9-99.9-99.910.9 8223.9 52 20.1   3  2.227.012.9
5273320170123 31.4 22.4  0.009999-99.9-99.9-99.9-99.9 3.0 2319.8 61 16.6   3  2.313.1 7.8
5273320170124 34.9 22.9  0.009999-99.9-99.9-99.9-99.9 5.5 4122.4 61 18.5   1  0.717.3 6.3
5273320170125 38.3 21.4  7.219999-99.9-99.9-99.9-99.9 9.7 7323.5 64 19.3   1  1.124.8 9.2
5273320170126 31.2 18.4  0.009999-99.9-99.9-99.9-99.9 7.5 5619.7 63 17.0   3  2.120.9 8.9
5273320170127 33.6 13.9  0.009999-99.9-99.9-99.9-99.912.1 9114.5 59 12.2   1  1.229.0 9.1
5273320170128 35.3 12.5  0.009999-99.9-99.9-99.9-99.912.0 9015.1 63 12.7   2  1.328.7 9.2
5273320170129 38.3 13.1  0.009999-99.9-99.9-99.9-99.911.9 9015.7 57 13.2   2  1.428.6 9.9
5273320170130 40.7 18.2  0.009999-99.9-99.9-99.9-99.910.4 7819.7 56 16.9   4  3.225.813.6
5273320170131 41.3 22.7  0.009999-99.9-99.9-99.9-99.910.7 8124.4 59 20.5   5  3.926.415.5
5273320170201 35.7 21.7  0.519999-99.9-99.9-99.9-99.9 2.5 1921.3 70 17.8   2  2.012.0 6.7
5273320170202 35.8 17.8  0.009999-99.9-99.9-99.9-99.9 9.4 7219.6 64 16.5   2  1.224.1 8.3
5273320170203 39.7 19.6  0.009999-99.9-99.9-99.9-99.9 9.1 6922.9 57 19.1   3  2.223.510.8
5273320170204 38.5 24.3 11.019999-99.9-99.9-99.9-99.9 5.5 4227.6 65 22.6   4  3.417.111.1
5273320170205 29.6 18.5  0.219999-99.9-99.9-99.9-99.9 5.7 4419.8 60 16.9   4  3.117.5 8.6
5273320170206 32.1 17.5  0.009999-99.9-99.9-99.9-99.9 8.4 6419.3 62 16.7   2  1.522.1 7.7
5273320170207 32.7 19.0  0.009999-99.9-99.9-99.9-99.9 5.5 4221.6 69 18.5   1  1.117.0 6.2
5273320170208 36.1 21.9  0.009999-99.9-99.9-99.9-99.9 6.0 4628.7 68 23.2   3  2.117.9 7.6
5273320170209 39.4 25.3 12.819999-99.9-99.9-99.9-99.9 7.8 6028.4 69 23.0   5  3.921.013.6
5273320170210 33.1 20.7 30.519999-99.9-99.9-99.9-99.9-9.9 9914.7 48 12.2   5  3.9 3.5-9.9
5273320170211 30.4 21.4  2.219999-99.9-99.9-99.9-99.9 3.0 2317.9 61 14.8   2  1.512.6 6.1
5273320170212 32.7 17.9  0.009999-99.9-99.9-99.9-99.9 9.3 7219.2 62 16.0   3  2.123.6 9.4
5273320170213 32.9 16.4  0.009999-99.9-99.9-99.9-99.911.2 8617.9 61 15.2   3  2.026.610.0
5273320170214 34.3 15.1  0.009999-99.9-99.9-99.9-99.911.1 8617.5 60 14.9   1  0.926.5 8.1
5273320170215 37.0 16.7  0.009999-99.9-99.9-99.9-99.910.6 8321.4 65 17.6   2  1.625.7 9.2
5273320170216 37.1 23.3  0.009999-99.9-99.9-99.9-99.9 9.5 7424.2 63 19.9   6  4.423.715.1
5273320170217 37.6 22.7  0.009999-99.9-99.9-99.9-99.9 9.1 7125.4 62 21.0   6  4.623.014.8
5273320170218 38.7 24.0  1.219999-99.9-99.9-99.9-99.9 9.6 7525.8 62 21.4   5  4.223.714.8
5273320170219 34.1 22.2  4.519999-99.9-99.9-99.9-99.9 6.3 5024.6 69 19.9   3  2.318.1 8.4
5273320170220 36.0 22.8  0.009999-99.9-99.9-99.9-99.9 8.2 6422.5 49 17.6   2  1.621.1 8.8
5273320170221 39.9 23.1  0.009999-99.9-99.9-99.9-99.9 9.9 7822.3 61 18.0   3  2.224.111.5
5273320170222 38.4 23.9  1.519999-99.9-99.9-99.9-99.9 9.0 7021.7 50 17.8   2  1.622.4 9.7
5273320170223 39.0 21.3  0.009999-99.9-99.9-99.9-99.910.0 7922.5 60 18.0   2  1.724.2 9.6
5273320170224 38.0 23.3  0.009999-99.9-99.9-99.9-99.9 7.8 6225.0 63 20.4   2  1.220.3 8.3
5273320170225 39.7 22.8  0.009999-99.9-99.9-99.9-99.9 7.7 6124.4 61 20.1   1  1.120.1 8.0
5273320170226 35.9 22.8  0.009999-99.9-99.9-99.9-99.9 4.2 3324.3 72 19.8   1  0.914.1 5.7
5273320170227 39.0 21.8  7.519999-99.9-99.9-99.9-99.9 7.4 5919.2 49 15.7   1  1.219.5 7.9
5273320170228 31.0 22.0 12.819999-99.9-99.9-99.9-99.9 1.9 1516.1 54 12.6   2  1.610.1 6.8
5273320170301 36.8 21.0  0.009999-99.9-99.9-99.9-99.9 9.4 7421.0 58 16.4   1  0.922.6 7.7
5273320170302 37.7 22.5  0.009999-99.9-99.9-99.9-99.9 9.5 7625.1 68 20.0   3  2.722.910.9
5273320170303 35.9 21.7  3.019999-99.9-99.9-99.9-99.9 2.8 2221.4 66 17.1   4  3.311.5 9.3
5273320170304 27.8 20.3  0.219999-99.9-99.9-99.9-99.9-9.9 9915.1 58 11.7   2  2.0 5.4-9.9
5273320170305 31.8 20.3  8.019999-99.9-99.9-99.9-99.9 3.4 2718.7 60 13.7   1  1.012.4 5.4
5273320170306 35.7 23.1  0.009999-99.9-99.9-99.9-99.9 6.4 5224.7 76 18.4   1  1.017.4 6.5
5273320170307 37.1 24.2  0.009999-99.9-99.9-99.9-99.9 6.8 5426.4 64 21.0   2  1.317.9 7.3
5273320170308 38.9 24.3  0.009999-99.9-99.9-99.9-99.9 7.8 6325.1 69 20.2   4  3.619.612.5
5273320170309 40.0 26.1  0.009999-99.9-99.9-99.9-99.9 9.3 7531.5 64 24.8   7  5.421.914.9
5273320170310 32.2 23.5  7.519999-99.9-99.9-99.9-99.9-9.9 9923.7 72 19.6   3  2.0 3.8-9.9
5273320170311 29.9 22.0  0.009999-99.9-99.9-99.9-99.9 1.4 1116.0 47 11.5   1  1.0 8.8 5.0
5273320170312 27.4 19.7  0.009999-99.9-99.9-99.9-99.9-9.9 9918.2 80 15.2   3  2.5 4.1-9.9
5273320170313 30.7 12.3  0.009999-99.9-99.9-99.9-99.9 9.5 7714.2 72 11.3   1  1.122.0 6.7
5273320170314 35.1 13.6  0.009999-99.9-99.9-99.9-99.9 9.3 7619.0 66 15.8   3  2.321.6 8.1
5273320170315 38.7 21.3 37.219999-99.9-99.9-99.9-99.9 7.7 6322.4 53 18.2   5  3.618.912.0
5273320170316 27.2 19.4  0.009999-99.9-99.9-99.9-99.9 6.7 5515.5 70 11.8   5  3.917.211.0
5273320170317 26.9 14.1  0.009999-99.9-99.9-99.9-99.9 8.7 7215.0 63 12.5   2  1.720.4 6.6
5273320170318 28.7 11.9  0.009999-99.9-99.9-99.9-99.910.4 8613.6 63 10.8   1  1.223.0 6.4
5273320170319 30.8 11.0  0.009999-99.9-99.9-99.9-99.910.4 8613.2 66 10.0   1  1.023.0 6.4
5273320170320 33.0 13.2  1.019999-99.9-99.9-99.9-99.9 8.4 7019.4 70 15.3   1  0.919.7 5.5
5273320170321 33.0 20.1  0.819999-99.9-99.9-99.9-99.9 5.9 4919.1 63 15.6   3  2.415.6 8.0
5273320170322 29.2 21.7  6.219999-99.9-99.9-99.9-99.9 1.3 1119.9 67 16.2   1  0.8 8.3 3.9
5273320170323 28.8 20.1-99.999999-99.9-99.9-99.9-99.9 1.8 1519.1 62 15.8   2  1.4 9.0 4.8
5273320170324-99.9-99.9-99.999999-99.9-99.9-99.9-99.9-9.9 99-9.9-99-99.9 -99-99.9-9.9-9.9
5273320170326-99.9-99.9-99.999999-99.9-99.9-99.9-99.9-9.9 99-9.9-99-99.9 -99-99.9-9.9-9.9
5273320170327 33.2 21.5-99.999999-99.9-99.9-99.9-99.9 7.1 6024.9 77 20.2   2  1.217.1 5.8
5273320170328-99.9-99.9-99.999999-99.9-99.9-99.9-99.9-9.9 99-9.9-99-99.9 -99-99.9-9.9-9.9
5273320170329-99.9-99.9-99.999999-99.9-99.9-99.9-99.9-9.9 99-9.9-99-99.9 -99-99.9-9.9-9.9
5273320170330 34.5 19.8  0.009999-99.9-99.9-99.9-99.9 8.2 6925.7 78 20.6   4  2.818.5 7.7
5273320170331 29.0 23.0  0.009999-99.9-99.9-99.9-99.9 0.4  329.3 85 23.6   3  2.1 6.5 3.2
5273320170401 29.6 22.4-99.999999-99.9-99.9-99.9-99.9 2.0 1727.8 81 22.7   2  1.9 8.9 3.9
5273320170402-99.9-99.9-99.999999-99.9-99.9-99.9-99.9-9.9 99-9.9-99-99.9 -99-99.9-9.9-9.9
5273320170403-99.9-99.9-99.999999-99.9-99.9-99.9-99.9-9.9 99-9.9-99-99.9 -99-99.9-9.9-9.9
5273320170405-99.9-99.9-99.999999-99.9-99.9-99.9-99.9-9.9 99-9.9-99-99.9 -99-99.9-9.9-9.9
5273320170406-99.9-99.9-99.999999-99.9-99.9-99.9-99.9-9.9 99-9.9-99-99.9 -99-99.9-9.9-9.9
5273320170407 30.1 18.2-99.999999-99.9-99.9-99.9-99.9 5.5 4722.1 76 17.9   3  2.113.8 5.5
5273320170408-99.9-99.9-99.999999-99.9-99.9-99.9-99.9-9.9 99-9.9-99-99.9 -99-99.9-9.9-9.9
5273320170410-99.9-99.9-99.999999-99.9-99.9-99.9-99.9-9.9 99-9.9-99-99.9 -99-99.9-9.9-9.9
5273320170411-99.9-99.9  0.009999-99.9-99.9-99.9-99.9 9.0 7814.6 69 12.0 -99-99.918.5-9.9
5273320170412 28.8 10.4  0.009999-99.9-99.9-99.9-99.9 9.1 7914.9 68 12.2   1  0.818.7 4.5
5273320170413 28.5 12.6  0.009999-99.9-99.9-99.9-99.9 8.7 7517.1 74 14.6   1  0.817.9 4.5
5273320170414 30.4 14.5  1.519999-99.9-99.9-99.9-99.9 6.2 5421.1 79 17.8   1  0.914.2 3.7
5273320170415 33.9 19.6  1.019999-99.9-99.9-99.9-99.9 5.6 4922.7 65 18.7   3  2.213.4 5.9
5273320170416 23.5 17.7  3.019999-99.9-99.9-99.9-99.9-9.9 9916.1 67 13.9   4  3.1 2.2-9.9
5273320170417 22.2 18.1  5.019999-99.9-99.9-99.9-99.9-9.9 9919.3 90 16.8   2  1.7 4.3-9.9
5273320170418 19.8 17.9 11.519999-99.9-99.9-99.9-99.9-9.9 9912.7 58 10.3   2  1.6 2.8-9.9
5273320170419 18.8 16.0  1.019999-99.9-99.9-99.9-99.9-9.9 9912.7 70 10.4   2  1.9 2.2-9.9
5273320170420 19.3 13.3  7.019999-99.9-99.9-99.9-99.9-9.9 9911.6 59  8.8   0  0.4 3.4-9.9
5273320170421 25.7 14.0  0.219999-99.9-99.9-99.9-99.9 3.6 3217.4 77 14.0   1  0.910.1 3.0
5273320170422 27.5 15.3  0.219999-99.9-99.9-99.9-99.9 8.1 7218.3 71 15.5   1  1.216.2 4.6
5273320170423 27.6 16.8  1.219999-99.9-99.9-99.9-99.9 4.8 4221.7 81 18.5   2  1.211.6 3.3
5273320170424 24.7 20.7 26.219999-99.9-99.9-99.9-99.9-9.9 9916.5 56 14.1   1  1.1 3.2-9.9
5273320170425 27.1 17.1  0.519999-99.9-99.9-99.9-99.9 0.8  716.9 63 12.9   2  1.7 6.0 5.0
5273320170426 22.8 11.7  0.009999-99.9-99.9-99.9-99.9 5.6 5013.3 75 10.9   4  3.412.6 5.8
5273320170427 24.8  6.3  0.009999-99.9-99.9-99.9-99.9 8.9 7911.2 73  8.3   1  0.916.9 3.7
5273320170428 26.7  7.0  0.009999-99.9-99.9-99.9-99.9 8.7 7711.7 72  9.0   1  1.116.5 3.9
5273320170429 26.9  7.1  0.009999-99.9-99.9-99.9-99.9 8.1 7314.0 78 11.4   1  1.115.6 3.5
5273320170430 17.2 13.3 13.219999-99.9-99.9-99.9-99.9-9.9 9913.9 82 11.7   1  0.6 1.3-9.9
5273320170501 24.9 12.5  0.009999-99.9-99.9-99.9-99.9 2.1 1915.1 73 12.2   0  0.4 7.6 2.0
5273320170502 29.7 17.0  5.019999-99.9-99.9-99.9-99.9 5.6 5123.1 80 18.9   3  2.212.1 3.8
5273320170503 24.1 17.4  1.019999-99.9-99.9-99.9-99.9-9.9 9917.2 72 14.8   3  2.0 4.2-9.9
5273320170504 27.6 13.1  0.009999-99.9-99.9-99.9-99.9 6.7 6116.8 78 13.6   1  0.613.5 3.2
5273320170505 27.8 13.3  0.009999-99.9-99.9-99.9-99.9 5.2 4717.4 80 14.2   1  0.811.3 2.9
5273320170506 28.7 12.8  0.009999-99.9-99.9-99.9-99.9 7.4 6721.6 85 17.5   4  2.914.2 3.6
5273320170507 30.1 22.8  0.009999-99.9-99.9-99.9-99.9 1.4 1329.5 88 23.6   5  4.2 6.4 3.6
5273320170508 31.6 20.6  5.519999-99.9-99.9-99.9-99.9 5.0 4627.6 89 22.3   3  2.611.0 4.6
5273320170509 23.1 18.8  0.009999-99.9-99.9-99.9-99.9-9.9 9921.0 92 18.2   4  3.0 2.1-9.9
5273320170510 22.2 17.6  0.219999-99.9-99.9-99.9-99.9-9.9 9918.8 86 16.2   2  1.4 4.4-9.9
5273320170511 24.0 17.8  3.519999-99.9-99.9-99.9-99.9-9.9 9917.9 75 15.0   2  1.3 3.9-9.9
5273320170512 26.8 21.2  5.219999-99.9-99.9-99.9-99.9 0.2  218.7 70 15.3   3  2.7 4.7 5.3
5273320170513 22.9 17.3-99.999999-99.9-99.9-99.9-99.9-9.9 9915.4 71 13.2   5  4.2 3.1-9.9
5273320170514-99.9-99.9-99.999999-99.9-99.9-99.9-99.9-9.9 99-9.9-99-99.9 -99-99.9-9.9-9.9
5273320170515-99.9-99.9-99.999999-99.9-99.9-99.9-99.9-9.9 99-9.9-99-99.9 -99-99.9-9.9-9.9
5273320170516-99.9-99.9-99.999999-99.9-99.9-99.9-99.9-9.9 99-9.9-99-99.9 -99-99.9-9.9-9.9
5273320170517-99.9-99.9-99.999999-99.9-99.9-99.9-99.9-9.9 99-9.9-99-99.9 -99-99.9-9.9-9.9
5273320170518-99.9-99.9-99.999999-99.9-99.9-99.9-99.9-9.9 99-9.9-99-99.9 -99-99.9-9.9-9.9
5273320170519-99.9-99.9-99.999999-99.9-99.9-99.9-99.9-9.9 99-9.9-99-99.9 -99-99.9-9.9-9.9
5273320170520-99.9-99.9  0.009999-99.9-99.9-99.9-99.9-9.9 99-9.9 78-99.9 -99-99.9-9.9-9.9
5273320170521 25.9  6.3  0.009999-99.9-99.9-99.9-99.9 8.0 7512.6 78 10.1   1  0.814.0 2.7
5273320170522-99.9-99.9-99.999999-99.9-99.9-99.9-99.9 1.2 1116.1 86 13.6 -99-99.9 5.7-9.9
5273320170523 21.9 17.3  1.019999-99.9-99.9-99.9-99.9-9.9 9916.4 76 13.6   0  0.3 3.2-9.9
5273320170524 20.8 17.9  2.019999-99.9-99.9-99.9-99.9-9.9 9913.2 61 10.8   1  0.8 2.1-9.9
5273320170525 22.8 19.6-99.999999-99.9-99.9-99.9-99.9-9.9 9914.0 61 10.9   3  2.1 2.4-9.9
5273320170527-99.9-99.9-99.999999-99.9-99.9-99.9-99.9-9.9 99-9.9-99-99.9 -99-99.9-9.9-9.9
5273320170528-99.9-99.9-99.999999-99.9-99.9-99.9-99.9-9.9 99-9.9-99-99.9 -99-99.9-9.9-9.9
5273320170530-99.9-99.9-99.999999-99.9-99.9-99.9-99.9-9.9 99-9.9-99-99.9 -99-99.9-9.9-9.9
5273320170531-99.9-99.9-99.999999-99.9-99.9-99.9-99.9-9.9 99-9.9-99-99.9 -99-99.9-9.9-9.9
5273320170601-99.9-99.9  0.009999-99.9-99.9-99.9-99.9-9.9 99-9.9 84-99.9 -99-99.9-9.9-9.9
5273320170602 23.2  4.7-99.999999-99.9-99.9-99.9-99.9-9.9 99-9.9-99-99.9 -99-99.9-9.9-9.9
5273320170603-99.9-99.9-99.999999-99.9-99.9-99.9-99.9-9.9 99-9.9-99-99.9 -99-99.9-9.9-9.9
5273320170604 18.0 16.3  0.519999-99.9-99.9-99.9-99.9-9.9 9916.8 89 14.7   2  1.8 1.3-9.9
5273320170605 18.1 15.7  0.009999-99.9-99.9-99.9-99.9-9.9 9916.7 92 14.6   2  1.6 1.4-9.9
5273320170606 17.0 13.9-99.999999-99.9-99.9-99.9-99.9-9.9 9916.9 99 14.8   2  1.5 2.8-9.9
5273320170607-99.9-99.9-99.999999-99.9-99.9-99.9-99.9-9.9 99-9.9-99-99.9 -99-99.9-9.9-9.9
5273320170609-99.9-99.9  0.009999-99.9-99.9-99.9-99.9-9.9 99-9.9-99-99.9 -99-99.9-9.9-9.9
5273320170610 23.3  1.3  0.009999-99.9-99.9-99.9-99.9 6.3 60 9.6 77  6.1   1  1.111.1 2.2
5273320170611-99.9-99.9-99.999999-99.9-99.9-99.9-99.9 5.5 5211.5 82  8.8 -99-99.910.2-9.9
5273320170612 24.6  4.0  0.009999-99.9-99.9-99.9-99.9 6.0 5711.6 82  8.9   1  0.610.8 1.9
5273320170613 26.8  4.7  0.009999-99.9-99.9-99.9-99.9 5.7 5413.5 81 10.9   1  0.710.4 1.9
5273320170614 26.9 10.8  0.009999-99.9-99.9-99.9-99.9 2.7 2619.8 77 16.4   2  1.9 7.0 1.5
5273320170615 31.0 21.1  0.219999-99.9-99.9-99.9-99.9 3.6 3424.6 80 20.6   7  5.6 7.9 6.6
5273320170616 32.2 21.4  0.009999-99.9-99.9-99.9-99.9 6.4 6125.2 75 21.2  11  8.811.211.8
5273320170617 31.1 21.1  0.009999-99.9-99.9-99.9-99.9 5.4 5124.6 79 20.8   6  4.710.1 7.3
5273320170618 21.8 10.2  1.519999-99.9-99.9-99.9-99.9-9.9 9913.2 68  9.5   8  6.0 1.6-9.9
5273320170619-99.9-99.9-99.999999-99.9-99.9-99.9-99.9-9.9 99-9.9-99-99.9 -99-99.9-9.9-9.9
5273320170620-99.9-99.9-99.999999-99.9-99.9-99.9-99.9-9.9 99-9.9-99-99.9 -99-99.9-9.9-9.9
5273320170621 24.1  6.0-99.999999-99.9-99.9-99.9-99.9 3.1 3013.5 78 11.3   3  2.6 7.4 2.8
5273320170622-99.9-99.9  0.009999-99.9-99.9-99.9-99.9 6.1 5717.7 67 15.6 -99-99.910.7-9.9
5273320170623 30.6 18.9  0.009999-99.9-99.9-99.9-99.9 4.9 4720.5 66 17.9   9  6.8 9.510.6
5273320170624 30.4 18.6  0.009999-99.9-99.9-99.9-99.9 3.2 3020.3 68 17.7   8  6.1 7.510.9
5273320170625 31.2 20.8  0.009999-99.9-99.9-99.9-99.9 6.5 6119.2 63 16.8   9  7.111.215.3
5273320170626 31.3 20.7  0.009999-99.9-99.9-99.9-99.9 6.1 5819.5 59 17.1  10  7.710.814.7
5273320170627 28.4 19.8  0.219999-99.9-99.9-99.9-99.9 0.6  619.7 74 17.3   6  4.8 4.6 7.9
5273320170628 20.8 13.5  1.219999-99.9-99.9-99.9-99.9-9.9 9916.1 92 14.0   4  3.4 0.8-9.9
5273320170629 16.0 12.5  0.009999-99.9-99.9-99.9-99.9-9.9 9915.3 96 13.2   2  1.9 2.3-9.9
5273320170630-99.9-99.9-99.999999-99.9-99.9-99.9-99.9-9.9 99-9.9-99-99.9 -99-99.9-9.9-9.9
5273320170701-99.9-99.9-99.999999-99.9-99.9-99.9-99.9-9.9 99-9.9-99-99.9 -99-99.9-9.9-9.9
5273320170702-99.9-99.9-99.999999-99.9-99.9-99.9-99.9-9.9 99-9.9-99-99.9 -99-99.9-9.9-9.9
5273320170703-99.9-99.9  0.009999-99.9-99.9-99.9-99.9-9.9 99-9.9-99-99.9 -99-99.9-9.9-9.9
5273320170704 27.4 14.2  0.009999-99.9-99.9-99.9-99.9 6.9 6516.7 72 14.7   8  6.511.8 8.6
5273320170705 28.9 15.0  0.009999-99.9-99.9-99.9-99.9 5.8 5519.6 79 17.1   5  4.110.6 6.1
5273320170706 31.4 20.0  0.009999-99.9-99.9-99.9-99.9 4.5 4321.8 73 18.8   5  4.1 9.2 6.7
5273320170707 29.7 18.8 14.819999-99.9-99.9-99.9-99.9 3.7 3522.4 81 19.3   3  2.3 8.2 3.7
5273320170708 21.8 14.5 29.019999-99.9-99.9-99.9-99.9-9.9 9913.5 69 11.1   2  1.8 0.2-9.9
5273320170709 23.4 13.6  0.009999-99.9-99.9-99.9-99.9 3.7 3516.1 76 13.4   1  1.2 8.3 2.2
5273320170710 29.6 15.1  0.009999-99.9-99.9-99.9-99.9 5.3 5020.6 75 17.3   2  1.610.2 3.1
5273320170711 22.3 13.2  0.009999-99.9-99.9-99.9-99.9-9.9 9916.9 92 14.7   3  2.3 3.6-9.9
5273320170712 29.8 15.5  0.009999-99.9-99.9-99.9-99.9 7.0 6617.4 66 15.2   4  3.512.2 6.1
5273320170713 31.1 14.4  0.009999-99.9-99.9-99.9-99.9 7.9 7416.9 62 14.9   8  6.213.211.5
5273320170714 30.4 12.6  0.009999-99.9-99.9-99.9-99.9 6.2 5818.9 72 16.5   4  3.311.3 6.2
5273320170715 28.9 12.3  0.819999-99.9-99.9-99.9-99.9 4.4 4120.1 81 17.3   6  4.6 9.3 4.8
5273320170716 22.5  8.3  0.009999-99.9-99.9-99.9-99.9-9.9 99 8.4 61  4.0   9  7.4 2.8-9.9
5273320170717 15.3  2.3  0.009999-99.9-99.9-99.9-99.9 8.2 76 6.7 73  1.0   4  3.413.8 5.6
5273320170718 18.4 -4.0  0.009999-99.9-99.9-99.9-99.9 8.7 82 5.5 70 -1.5   2  1.614.5 2.9
5273320170719 22.6 -3.8  0.009999-99.9-99.9-99.9-99.9 8.8 82 5.9 61 -0.6   1  1.114.7 2.7
5273320170720 24.3 -2.4  0.009999-99.9-99.9-99.9-99.9 8.4 78 6.6 58  0.9   3  2.114.2 4.1
5273320170721 27.9  0.3  0.009999-99.9-99.9-99.9-99.9 8.1 75 8.2 64  3.9   1  0.713.9 2.8
5273320170722 30.8  5.9  0.009999-99.9-99.9-99.9-99.9 7.6 7112.6 60 10.1   5  3.713.4 6.4
5273320170723 33.6 18.2  0.009999-99.9-99.9-99.9-99.9 7.4 6916.6 56 14.6   9  6.913.216.2
5273320170724 33.6 15.1  0.009999-99.9-99.9-99.9-99.9 5.8 5418.6 55 16.3   3  2.211.3 6.2
5273320170725 30.4 15.6  0.009999-99.9-99.9-99.9-99.9 6.8 6218.7 68 16.4   3  2.212.5 5.1
5273320170726 34.0 14.5  0.009999-99.9-99.9-99.9-99.9 7.4 6817.6 68 15.4   3  2.813.3 7.1
5273320170727 33.3 10.5  0.009999-99.9-99.9-99.9-99.9 8.1 7413.4 49 11.2   4  3.314.2 9.1
5273320170728 33.2 10.5  0.009999-99.9-99.9-99.9-99.9 8.3 7612.3 43  9.9   7  5.214.613.7
5273320170729 33.3 17.7  0.009999-99.9-99.9-99.9-99.9 8.0 7413.0 47 10.8   7  5.314.315.4
5273320170730 32.0 15.0  0.009999-99.9-99.9-99.9-99.9 4.4 4013.7 48 11.6   6  5.0 9.912.3
5273320170731 21.8 12.1  0.009999-99.9-99.9-99.9-99.9 5.1 4613.2 77 11.1   5  3.710.7 5.5
5273320170801 19.3 10.9  0.009999-99.9-99.9-99.9-99.9-9.9 9915.2 85 13.2   4  3.4 4.1-9.9
5273320170802 22.8 12.5  0.009999-99.9-99.9-99.9-99.9 2.3 2114.0 80 12.0   8  6.3 7.4 5.9
5273320170803 24.8  7.6  0.009999-99.9-99.9-99.9-99.9 8.8 8111.7 70  9.2   2  1.715.7 4.1
5273320170804 26.2  5.2  0.009999-99.9-99.9-99.9-99.9 8.5 7711.8 77  9.3   2  1.515.3 3.8
5273320170805 28.3  7.6  0.009999-99.9-99.9-99.9-99.9 8.4 7612.0 65  9.6   3  2.215.3 5.1
5273320170806 32.7  9.8  0.009999-99.9-99.9-99.9-99.9 7.3 6615.9 59 13.8   5  3.913.9 7.5
5273320170807 33.3 19.7-99.999999-99.9-99.9-99.9-99.9-9.9 99-9.9-99-99.9 -99-99.9-9.9-9.9
5273320170808-99.9-99.9-99.999999-99.9-99.9-99.9-99.9-9.9 99-9.9-99-99.9 -99-99.9-9.9-9.9
5273320170809-99.9-99.9-99.999999-99.9-99.9-99.9-99.9-9.9 99-9.9-99-99.9 -99-99.9-9.9-9.9
5273320170811-99.9-99.9-99.999999-99.9-99.9-99.9-99.9-9.9 99-9.9-99-99.9 -99-99.9-9.9-9.9
5273320170812-99.9-99.9-99.999999-99.9-99.9-99.9-99.9-9.9 99-9.9-99-99.9 -99-99.9-9.9-9.9
5273320170814-99.9-99.9-99.999999-99.9-99.9-99.9-99.9-9.9 99-9.9-99-99.9 -99-99.9-9.9-9.9
5273320170815-99.9-99.9-99.999999-99.9-99.9-99.9-99.9-9.9 99-9.9-99-99.9 -99-99.9-9.9-9.9
5273320170817-99.9-99.9-99.999999-99.9-99.9-99.9-99.9-9.9 99-9.9-99-99.9 -99-99.9-9.9-9.9
5273320170818 30.9 12.1  0.009999-99.9-99.9-99.9-99.9 6.3 5617.7 67 15.5   5  3.813.5 6.8
5273320170819 32.0 16.2  5.519999-99.9-99.9-99.9-99.9 3.9 3421.1 75 18.2   5  4.010.2 6.9
5273320170820 23.8  9.7  0.009999-99.9-99.9-99.9-99.9 6.9 6111.6 77  8.8   4  3.114.5 6.7
5273320170821 23.8  1.7  0.009999-99.9-99.9-99.9-99.9 7.3 64 8.2 62  4.0   2  1.715.1 4.5
5273320170822 29.3  6.2  0.009999-99.9-99.9-99.9-99.9 7.1 62 9.8 48  6.6   6  4.514.810.0
5273320170823 35.8 15.0  0.009999-99.9-99.9-99.9-99.9 6.1 5317.3 55 15.1   6  4.913.511.4
5273320170824 37.8 18.8  0.009999-99.9-99.9-99.9-99.9 5.7 5018.5 41 16.2   8  6.113.218.0
5273320170825 37.2 26.2  0.009999-99.9-99.9-99.9-99.9 4.5 4019.0 41 16.7   9  7.311.522.6
5273320170826 32.0 17.8  0.009999-99.9-99.9-99.9-99.9 4.3 3820.4 75 17.8   7  5.311.311.8
5273320170827 28.0 16.3  0.009999-99.9-99.9-99.9-99.9 2.1 1821.5 86 18.6   2  1.2 8.2 2.3
5273320170828 39.4 19.0  0.009999-99.9-99.9-99.9-99.9 5.8 5120.2 54 17.5   5  4.213.511.9
5273320170829 40.8 17.6  0.009999-99.9-99.9-99.9-99.9 6.0 5317.7 55 15.5   9  7.013.923.2
5273320170830 18.6  9.0  0.009999-99.9-99.9-99.9-99.9 1.4 12 8.7 52  4.6   7  5.9 7.412.2
5273320170831 24.9  4.8  0.009999-99.9-99.9-99.9-99.9 6.3 55 9.9 54  6.6   1  1.114.5 4.2
5273320170901 36.5 10.6  0.009999-99.9-99.9-99.9-99.9 6.2 5415.8 49 13.8   5  4.014.5 9.7
5273320170902 38.7 21.2  0.009999-99.9-99.9-99.9-99.9 5.7 4916.3 38 14.2   8  6.313.721.0
5273320170903 40.2 21.5  0.009999-99.9-99.9-99.9-99.9 5.6 4817.6 41 15.4   7  5.513.619.7
5273320170904 32.2 16.6  7.819999-99.9-99.9-99.9-99.9 1.4 1215.2 65 13.1   9  7.3 7.613.5
5273320170905 24.2 12.2  0.219999-99.9-99.9-99.9-99.9 4.2 3615.5 85 13.4   3  2.411.8 3.9
5273320170906 22.7 11.2  0.009999-99.9-99.9-99.9-99.9 0.8  717.6 90 15.3   3  2.2 6.9 1.8
5273320170907 30.1 16.0  0.009999-99.9-99.9-99.9-99.9 1.6 1421.9 80 18.7   2  1.6 8.1 2.7
5273320170908 28.5 17.5  0.009999-99.9-99.9-99.9-99.9 1.1 1023.1 84 19.8   2  1.5 7.4 2.7
5273320170909 34.0 16.0  0.009999-99.9-99.9-99.9-99.9 4.9 4222.2 70 19.0   3  2.113.1 5.6
5273320170910 26.0 15.8  0.819999-99.9-99.9-99.9-99.9 1.6 1418.2 81 15.5   7  5.2 8.2 6.5
5273320170911 21.4 12.4  0.009999-99.9-99.9-99.9-99.9 0.5  412.2 64  9.8   2  2.0 6.6 4.3
5273320170912 27.0 14.8  0.009999-99.9-99.9-99.9-99.9 5.3 4515.0 61 13.0   2  1.313.9 4.8
5273320170913 23.5 15.1  0.009999-99.9-99.9-99.9-99.9-9.9 9917.0 75 14.9   3  2.4 5.3-9.9
5273320170914 28.2 12.9  0.009999-99.9-99.9-99.9-99.9 4.1 3514.9 69 12.8   2  1.512.2 5.0
5273320170915 23.5 13.9  0.009999-99.9-99.9-99.9-99.9-9.9 9915.8 69 13.6   3  2.4 4.0-9.9
5273320170916 25.9 13.0  0.009999-99.9-99.9-99.9-99.9 3.9 3211.4 64  8.8   4  3.211.9 8.2
5273320170917 29.1  5.0  0.009999-99.9-99.9-99.9-99.9 7.5 6311.5 52  8.9   2  1.317.6 5.1
5273320170918 31.1  9.8  0.009999-99.9-99.9-99.9-99.9 6.8 5714.1 57 12.0   2  1.716.5 6.3
5273320170919 38.6 11.7  0.009999-99.9-99.9-99.9-99.9 6.7 5615.0 45 12.9   5  3.716.511.6
5273320170920 40.3 20.0  0.009999-99.9-99.9-99.9-99.9 5.9 4914.5 32 12.4   6  4.715.418.0
5273320170921 28.9 15.6  0.009999-99.9-99.9-99.9-99.9 4.6 3814.3 66 12.2   9  6.913.313.6
5273320170922 24.9 13.9  0.009999-99.9-99.9-99.9-99.9 2.6 2215.7 74 13.8   4  3.310.3 5.0
5273320170923 23.8 14.1  0.009999-99.9-99.9-99.9-99.9 0.5  417.6 80 15.4   3  2.1 7.0 3.2
5273320170924 30.5 17.2  0.009999-99.9-99.9-99.9-99.9 5.2 4320.8 75 18.1   3  2.114.6 5.6
5273320170925 35.0 17.9  0.009999-99.9-99.9-99.9-99.9 3.3 2722.3 63 19.2   1  0.911.5 4.5
5273320170926 37.9 19.5  0.009999-99.9-99.9-99.9-99.9 4.4 3720.5 53 17.7   3  2.013.4 7.9
5273320170927 31.5 15.1  0.009999-99.9-99.9-99.9-99.9 5.5 4519.2 71 16.8   7  5.615.111.8
5273320170928 17.8 12.1  0.519999-99.9-99.9-99.9-99.9-9.9 9916.5 95 14.4   3  2.7 2.1-9.9
5273320170929 25.7 15.6  0.009999-99.9-99.9-99.9-99.9 0.3  319.4 90 16.8   1  0.9 6.9 2.1
5273320170930 34.8 11.7  0.009999-99.9-99.9-99.9-99.9 7.2 5918.9 74 16.4   4  2.818.1 7.4
5273320171001 29.4 17.8  0.009999-99.9-99.9-99.9-99.9 4.5 3715.2 46 12.3   7  5.813.814.3
5273320171002 30.3 14.6  0.009999-99.9-99.9-99.9-99.9 7.8 63 8.8 35  4.8   3  2.219.1 9.7
5273320171003 34.4  7.8  0.009999-99.9-99.9-99.9-99.9 7.9 64 8.9 34  5.3   4  3.019.411.1
5273320171004 35.6 10.6  0.009999-99.9-99.9-99.9-99.9 7.7 62 9.8 30  6.6   8  6.519.122.2
5273320171005 38.8 23.0  0.009999-99.9-99.9-99.9-99.9 5.7 4617.6 46 15.0   7  5.815.919.7
5273320171006 38.0 21.4  0.219999-99.9-99.9-99.9-99.9 6.5 5322.8 53 19.6   4  3.417.311.7
5273320171007 31.3 19.9  0.009999-99.9-99.9-99.9-99.9 2.5 2024.2 77 20.5   3  2.510.8 5.6
5273320171008 36.3 18.4 13.019999-99.9-99.9-99.9-99.9 2.8 2325.4 72 21.2   2  2.011.4 5.6
5273320171009 28.9 21.5  0.009999-99.9-99.9-99.9-99.9 0.0  025.3 84 21.2   3  2.3 6.8 3.9
5273320171010 26.1 21.6  0.009999-99.9-99.9-99.9-99.9-9.9 9927.3 93 22.4   1  1.1 3.6-9.9
5273320171011 23.1 19.6  0.009999-99.9-99.9-99.9-99.9-9.9 9924.0 97 20.3   4  3.4 2.6-9.9
5273320171012 19.5 15.1  0.009999-99.9-99.9-99.9-99.9-9.9 9918.5100 16.2   5  4.3 2.1-9.9
5273320171013 19.9 13.4  0.009999-99.9-99.9-99.9-99.9-9.9 9915.2 81 13.2   6  5.2 5.4-9.9
5273320171014 27.5 13.1  0.009999-99.9-99.9-99.9-99.9 7.8 6213.8 64 11.6   3  2.219.9 7.3
5273320171015 26.8  8.7  0.009999-99.9-99.9-99.9-99.9 4.2 3313.8 56 11.7   2  1.214.0 4.8
5273320171016 36.4 15.1  0.009999-99.9-99.9-99.9-99.9 3.4 2718.8 52 16.4   4  3.412.7 9.0
5273320171017 43.1 23.9  0.009999-99.9-99.9-99.9-99.9 5.2 4120.6 39 17.9   7  5.515.720.2
5273320171018 44.4 28.1  0.009999-99.9-99.9-99.9-99.9 6.6 5219.8 34 17.3   7  5.518.123.2
5273320171019 33.8 19.2  7.019999-99.9-99.9-99.9-99.9-9.9 9922.2 90 19.0   4  3.0 2.5-9.9
5273320171020 30.9 18.3  0.009999-99.9-99.9-99.9-99.9 2.9 2223.7 79 20.1   5  3.911.9 6.2
5273320171021 35.9 21.1  0.009999-99.9-99.9-99.9-99.9 3.4 2724.6 63 20.7   6  4.812.9 9.6
5273320171022 28.3 16.7  0.009999-99.9-99.9-99.9-99.9 5.3 4211.0 41  8.0   5  3.716.212.1
5273320171023 31.2  9.8  0.009999-99.9-99.9-99.9-99.9 8.3 6511.7 45  9.2   3  2.421.4 9.4
5273320171024 29.6 17.3  0.009999-99.9-99.9-99.9-99.9-9.9 9919.2 67 16.4   1  1.2 4.7-9.9
5273320171025 39.5 20.9  0.009999-99.9-99.9-99.9-99.9 6.4 4925.0 62 20.9   5  3.918.012.0
5273320171026 27.3 20.1  0.009999-99.9-99.9-99.9-99.9-9.9 9923.4 84 20.0   4  3.4 6.8-9.9
5273320171027 33.8 17.2  0.009999-99.9-99.9-99.9-99.9 6.1 4818.7 63 16.3   5  3.917.810.4
5273320171028 35.2 16.4  0.009999-99.9-99.9-99.9-99.9 7.3 5715.4 39 13.1   4  2.819.811.0
5273320171029 39.1 20.0 37.019999-99.9-99.9-99.9-99.9 6.9 5322.2 51 19.0   4  3.119.111.5
5273320171030 32.1 20.4  0.009999-99.9-99.9-99.9-99.9 5.6 4323.0 77 19.6   4  3.416.9 9.0
5273320171031 33.2 16.8  0.009999-99.9-99.9-99.9-99.9 8.3 6419.3 56 16.9   3  2.321.6 9.6
5273320171101 36.1 16.3  0.009999-99.9-99.9-99.9-99.9 8.3 6416.8 41 14.8   6  4.621.715.6
5273320171102 38.0 23.5  0.009999-99.9-99.9-99.9-99.9 6.7 5121.9 45 18.9   7  5.719.017.9
5273320171103 37.2 23.0  0.009999-99.9-99.9-99.9-99.9 4.1 3226.1 61 21.7   5  3.914.610.9
5273320171104 27.7 20.4  0.009999-99.9-99.9-99.9-99.9 0.4  323.1 85 19.8   4  3.2 8.2 5.0
5273320171105 32.4 18.6  0.009999-99.9-99.9-99.9-99.9 7.9 6019.6 50 17.1   3  2.221.1 9.0
5273320171106 34.6 17.8  0.009999-99.9-99.9-99.9-99.9 7.4 5718.6 45 16.4   3  2.020.4 9.9
5273320171107 38.0 22.5 52.219999-99.9-99.9-99.9-99.9 4.4 3422.8 53 19.4   3  2.715.210.0
5273320171108 30.5 21.1  0.519999-99.9-99.9-99.9-99.9-9.9 9925.2 84 21.0   2  1.6 5.1-9.9
5273320171109 26.7 22.0 18.219999-99.9-99.9-99.9-99.9-9.9 9923.9 78 20.2   1  1.0 4.7-9.9
5273320171110 30.5 17.5  0.219999-99.9-99.9-99.9-99.9 3.9 2920.0 81 17.3   3  2.714.2 7.1
5273320171111 33.2 13.3  0.009999-99.9-99.9-99.9-99.9 9.0 6816.5 63 14.4   1  1.223.2 7.7
5273320171112 36.1 13.6  0.009999-99.9-99.9-99.9-99.9 9.0 6815.5 47 13.4   2  1.623.4 9.2
5273320171113 36.4 15.3  0.009999-99.9-99.9-99.9-99.9 8.4 6317.0 44 14.8   3  2.122.210.4
5273320171114 38.5 15.4  0.009999-99.9-99.9-99.9-99.9 8.3 6216.6 47 14.5   3  2.822.012.4
5273320171115 41.6 19.4  0.009999-99.9-99.9-99.9-99.9 8.6 6516.7 34 14.5   5  4.122.717.7
5273320171116 31.4 21.5  0.009999-99.9-99.9-99.9-99.9 7.8 5815.8 41 13.4   6  5.121.217.3
5273320171117 33.3 16.4  0.009999-99.9-99.9-99.9-99.9 7.2 5421.8 65 18.8   2  1.720.3 7.3
5273320171118 31.1 19.6  0.009999-99.9-99.9-99.9-99.9 8.3 6216.4 42 13.8   4  3.522.212.9
5273320171119 34.5 10.3  0.009999-99.9-99.9-99.9-99.9 8.3 6212.6 35 10.3   2  1.722.2 9.0
5273320171120 37.1 15.0  0.009999-99.9-99.9-99.9-99.9 8.3 6214.1 34 12.0   4  3.622.215.1
5273320171121 31.2 17.5  7.219999-99.9-99.9-99.9-99.9 1.2  919.7 79 17.1   3  2.6 9.7 5.1
5273320171122 31.1 17.2  0.009999-99.9-99.9-99.9-99.9 9.1 6816.9 65 14.8   2  1.623.7 8.4
5273320171123 36.7 12.7  0.009999-99.9-99.9-99.9-99.9 9.0 6714.7 39 12.7   3  2.623.511.6
5273320171124 41.4 17.4  3.019999-99.9-99.9-99.9-99.9 7.7 5719.5 37 17.0   5  3.821.315.1
5273320171125 33.8 16.7  1.519999-99.9-99.9-99.9-99.9-9.9 9921.6 90 18.7   4  3.3 7.7-9.9
5273320171126 32.9 12.8  0.009999-99.9-99.9-99.9-99.9 9.1 6717.1 59 14.9   2  1.723.7 8.5
5273320171127 36.5 15.5  0.009999-99.9-99.9-99.9-99.9 8.0 6018.7 47 16.3   3  2.721.911.1
5273320171128 36.6 13.8  0.009999-99.9-99.9-99.9-99.9 8.9 6616.9 40 14.7   2  1.923.410.6
5273320171129 37.4 19.1  0.009999-99.9-99.9-99.9-99.9 4.2 3124.8 58 20.8   3  2.315.2 8.2
5273320171130 37.2 24.0  0.009999-99.9-99.9-99.9-99.9 3.5 2627.9 69 22.8   3  2.214.0 7.5
5273320171201 38.3 20.7  0.009999-99.9-99.9-99.9-99.9 7.8 5822.6 53 19.3   3  2.821.511.5
5273320171202 38.1 21.1  0.009999-99.9-99.9-99.9-99.9 5.6 4125.5 62 21.4   2  1.817.7 8.5
5273320171203 34.4 24.0  2.219999-99.9-99.9-99.9-99.9 1.9 1429.3 88 23.6   3  2.711.2 5.5
5273320171204 33.9 20.9  0.009999-99.9-99.9-99.9-99.9 2.6 1923.3 70 19.8   3  2.512.4 7.0
5273320171205 34.3 22.6  0.009999-99.9-99.9-99.9-99.9 4.4 3324.6 66 20.8   3  2.215.7 7.7
5273320171206 35.6 20.8  0.009999-99.9-99.9-99.9-99.9 3.8 2826.2 64 21.8   2  1.714.5 6.7
5273320171207 40.2 24.2  0.009999-99.9-99.9-99.9-99.9 6.7 4924.0 47 20.3   2  1.919.710.5
5273320171208 40.2 25.5  0.009999-99.9-99.9-99.9-99.9 4.9 3625.8 52 21.5   3  2.716.511.4
5273320171209 32.5 21.1 19.519999-99.9-99.9-99.9-99.9 0.4  326.1 74 21.7   3  2.7 8.5 5.7
5273320171210 37.9 18.9  0.009999-99.9-99.9-99.9-99.9 9.0 6624.7 74 20.7   2  1.523.7 8.7
5273320171211 37.4 20.1  0.219999-99.9-99.9-99.9-99.9 8.1 6020.1 45 17.4   3  2.222.211.2
5273320171212 39.8 18.5  0.009999-99.9-99.9-99.9-99.9 8.7 6418.7 43 16.4   3  2.123.211.5
5273320171213 41.2 21.3  0.219999-99.9-99.9-99.9-99.9 7.6 5619.3 39 16.9   5  4.121.417.3
5273320171214 41.0 23.8  0.009999-99.9-99.9-99.9-99.9 4.9 3620.0 42 17.4   3  2.116.511.3
5273320171215 43.0 23.5  0.219999-99.9-99.9-99.9-99.9 7.2 5324.8 44 20.7   4  2.920.613.6
5273320171216 43.7 25.9  0.009999-99.9-99.9-99.9-99.9 8.4 6222.0 33 18.9   8  6.122.824.5
5273320171217 43.8 25.7  0.219999-99.9-99.9-99.9-99.9 5.8 4225.7 54 21.4   8  6.518.121.5
5273320171218 34.6 22.1  0.219999-99.9-99.9-99.9-99.9 3.1 2325.2 69 21.1   4  3.213.4 8.1
5273320171219 39.1 23.3  2.519999-99.9-99.9-99.9-99.9 5.1 3726.9 64 22.3   3  2.216.9 8.6
5273320171220 36.4 23.0  0.009999-99.9-99.9-99.9-99.9 2.3 1730.5 89 24.3   3  2.111.9 5.1
5273320171221 40.8 22.6 77.019999-99.9-99.9-99.9-99.9 5.7 4229.5 73 23.7   4  3.618.0 9.7
5273320171222 33.7 22.3  0.009999-99.9-99.9-99.9-99.9 5.0 3728.6 82 23.3   2  1.716.8 6.2
5273320171223 36.0 22.6  0.009999-99.9-99.9-99.9-99.9 3.8 2828.4 72 23.0   3  2.714.6 7.4
5273320171224 34.3 21.7  0.009999-99.9-99.9-99.9-99.9 5.3 3925.2 82 21.2   3  2.717.2 8.6
5273320171225 34.6 17.3  0.009999-99.9-99.9-99.9-99.9 9.5 7020.0 60 17.3   2  1.524.7 9.0
5273320171226 36.9 16.2  0.009999-99.9-99.9-99.9-99.9 9.2 6821.6 59 18.6   2  1.424.3 8.8
5273320171227 39.4 21.9  1.219999-99.9-99.9-99.9-99.9 6.7 4928.7 58 23.3   2  1.419.7 8.1
5273320171228 31.8 23.0 18.219999-99.9-99.9-99.9-99.9-9.9 9930.2 94 24.2   2  1.4 7.0-9.9
5273320171229 35.7 20.2  0.009999-99.9-99.9-99.9-99.9 9.1 6627.4 80 22.5   2  1.923.9 8.6
5273320171230 38.8 20.8  0.009999-99.9-99.9-99.9-99.9 8.9 6625.7 61 21.4   1  1.123.7 8.8
5273320171231 39.7 22.4  0.219999-99.9-99.9-99.9-99.9 6.3 4628.0 50 22.9   2  1.419.0 8.3
5273320180101 32.1 21.9  1.519999-99.9-99.9-99.9-99.9-9.9 9929.8 98 23.9   4  3.3 4.8-9.9
5273320180102 33.2 18.9  0.009999-99.9-99.9-99.9-99.9 7.9 5823.1 75 19.7   2  2.021.9 8.3
5273320180103 37.4 16.0  0.009999-99.9-99.9-99.9-99.9 9.4 6918.4 51 16.0   2  1.424.5 9.2
5273320180104 37.7 16.6  0.009999-99.9-99.9-99.9-99.9 9.0 6719.5 45 17.0   5  4.023.914.4
5273320180105 39.6 19.8  0.009999-99.9-99.9-99.9-99.9 9.3 6921.3 46 18.4   5  4.324.416.4
5273320180106 35.7 20.2 15.519999-99.9-99.9-99.9-99.9 0.6  426.9 88 22.2   3  2.0 8.9 4.4
5273320180107 35.0 18.1  0.009999-99.9-99.9-99.9-99.9 8.8 6522.3 66 19.2   2  1.923.4 8.5
5273320180108 36.0 16.5  0.009999-99.9-99.9-99.9-99.9 9.0 6619.9 57 17.2   2  1.423.7 8.8
5273320180109 38.2 17.4  0.009999-99.9-99.9-99.9-99.9 7.2 5322.4 49 19.2   3  2.220.7 9.7
5273320180110 37.9 20.7  0.009999-99.9-99.9-99.9-99.9 8.4 6226.0 59 21.6   3  2.122.810.3
5273320180111 39.7 22.0  0.009999-99.9-99.9-99.9-99.9 7.2 5328.2 60 23.0   3  2.220.610.0
5273320180112 41.0 25.8  0.009999-99.9-99.9-99.9-99.9 6.3 4726.1 47 21.6   5  3.719.014.1
5273320180113 34.1 26.2-99.999999-99.9-99.9-99.9-99.9 1.1  829.5 78 23.8   4  3.4 9.7 7.9
5273320180114-99.9-99.9  0.219999-99.9-99.9-99.9-99.9 0.9  725.9 88 21.6 -99-99.9 9.5-9.9
5273320180115 34.0 18.1-99.999999-99.9-99.9-99.9-99.9 6.5 4823.9 69 20.3   2  2.019.3 7.6
5273320180116-99.9-99.9-99.999999-99.9-99.9-99.9-99.9-9.9 99-9.9-99-99.9 -99-99.9-9.9-9.9
5273320180117-99.9-99.9-99.999999-99.9-99.9-99.9-99.9-9.9 99-9.9-99-99.9 -99-99.9-9.9-9.9
5273320180809-99.9-99.9-99.999999-99.9-99.9-99.9-99.9-9.9 99-9.9-99-99.9 -99-99.9-9.9-9.9
5273320180810 25.8 -2.0  0.009999-99.9-99.9-99.9-99.9 8.9 80 6.2 47 -0.1   1  1.216.3 4.0
5273320180811 27.9  4.9  0.009999-99.9-99.9-99.9-99.9 8.5 76 8.9 50  5.2   3  2.215.8 5.9
5273320180812 34.9  9.8  0.009999-99.9-99.9-99.9-99.9 8.4 7511.4 41  8.9   6  4.515.812.1
5273320180813 36.9 18.0  6.219999-99.9-99.9-99.9-99.9 8.1 7215.0 41 13.0   7  5.415.416.5
5273320180814 26.7 12.8  0.009999-99.9-99.9-99.9-99.9-9.9 9916.1 97 13.9   5  4.2 1.1-9.9
5273320180815 23.0  9.2  0.009999-99.9-99.9-99.9-99.9 2.8 2510.1 64  7.1   1  1.2 8.6 3.5
5273320180816 28.2  2.6  0.009999-99.9-99.9-99.9-99.9 9.1 81 9.6 60  6.2   1  1.217.1 4.3
5273320180817 31.6  8.0  0.009999-99.9-99.9-99.9-99.9 8.5 7614.7 54 12.4   4  3.016.4 6.6
5273320180818 35.5 18.5 14.019999-99.9-99.9-99.9-99.9 8.4 7517.9 50 15.8   7  5.816.315.5
5273320180819 27.6  9.0  1.219999-99.9-99.9-99.9-99.9-9.9 9911.5 87  8.7  11  8.9 1.2-9.9
5273320180820 12.4  8.3  0.009999-99.9-99.9-99.9-99.9-9.9 99 7.7 64  3.1   4  2.8 4.0-9.9
5273320180821 18.8  7.4  0.009999-99.9-99.9-99.9-99.9 7.4 66 7.6 58  3.0   2  1.215.2 3.9
5273320180822 21.9 -0.6  0.009999-99.9-99.9-99.9-99.9 9.6 85 8.3 60  4.2   3  2.418.3 4.8
5273320180823 30.0  6.4  0.009999-99.9-99.9-99.9-99.9 9.1 8013.6 67 11.2   5  4.217.7 7.4
5273320180824 23.1 14.4  0.009999-99.9-99.9-99.9-99.9 8.3 7312.5 52  9.4   8  6.516.613.1
5273320180825 23.5  5.3  0.009999-99.9-99.9-99.9-99.9 9.7 85 6.2 42  0.1   3  2.418.7 7.6
5273320180826 26.2  0.5  0.009999-99.9-99.9-99.9-99.9 9.9 86 6.4 37  0.5   2  1.719.0 5.8
5273320180827 29.1  3.0  0.009999-99.9-99.9-99.9-99.9 9.9 87 7.4 38  2.6   4  3.119.2 9.6
5273320180828 35.7  6.8  0.009999-99.9-99.9-99.9-99.9 9.0 7810.6 36  7.4   5  3.918.012.3
5273320180829 39.4 19.0  0.009999-99.9-99.9-99.9-99.9 8.4 7316.6 37 14.6   9  7.217.323.6
5273320180830 38.4 22.1  0.009999-99.9-99.9-99.9-99.9 8.4 7318.3 43 16.0   7  5.417.318.9
5273320180831 26.4 11.4  0.009999-99.9-99.9-99.9-99.9-9.9 9912.4 80 10.0  10  7.9 4.9-9.9
5273320180901 11.4  9.6  1.819999-99.9-99.9-99.9-99.9-9.9 9910.8 86  8.1   8  6.7 1.3-9.9
5273320180902 22.7  7.8  0.009999-99.9-99.9-99.9-99.9 6.6 5710.9 68  8.1   6  4.915.0 7.1
5273320180903 27.7  4.4  0.009999-99.9-99.9-99.9-99.9 9.8 8411.4 62  8.8   3  2.619.7 6.5
5273320180904 30.0  5.2  0.009999-99.9-99.9-99.9-99.910.0 8610.9 55  8.0   2  1.620.1 6.0
5273320180905 32.1  7.3  0.009999-99.9-99.9-99.9-99.910.2 88 9.7 40  6.5   5  3.920.612.0
5273320180906 35.5 14.2  0.009999-99.9-99.9-99.9-99.910.3 88 9.4 31  6.0   7  5.420.718.5
5273320180907 36.5  9.4  0.009999-99.9-99.9-99.9-99.9 9.7 83 9.3 31  5.8   4  3.420.013.6
5273320180908 37.9 16.0  0.009999-99.9-99.9-99.9-99.9 9.1 7810.3 30  7.4   3  2.119.210.4
5273320180909 37.5 14.4  0.009999-99.9-99.9-99.9-99.9 8.2 6912.0 35  9.6   3  2.117.9 9.9
5273320180910 33.8 18.1  0.009999-99.9-99.9-99.9-99.9 2.2 1914.9 49 12.9   2  2.0 9.1 7.0
5273320180911 33.9 14.9  0.009999-99.9-99.9-99.9-99.9 6.7 5714.6 49 12.5   2  1.915.9 8.0
5273320180912 36.5 17.0  0.519999-99.9-99.9-99.9-99.9 3.6 3016.2 46 14.2   3  2.311.3 7.8
5273320180913 28.3 18.9  0.519999-99.9-99.9-99.9-99.9-9.9 9923.4 99 20.0   4  3.0 3.7-9.9
5273320180914 28.2 16.8  0.009999-99.9-99.9-99.9-99.9 4.7 4018.3 70 16.1   4  2.913.1 6.1
5273320180915 32.0 11.9  0.009999-99.9-99.9-99.9-99.9 5.9 4917.0 65 14.9   2  1.714.9 5.7
5273320180916 25.2 17.4  0.519999-99.9-99.9-99.9-99.9 0.6  520.6 91 17.9   4  3.1 7.0 4.0
5273320180917 29.4 10.2  0.009999-99.9-99.9-99.9-99.9 9.1 7615.1 67 13.1   2  1.819.9 6.1
5273320180918 35.3 11.9  0.009999-99.9-99.9-99.9-99.9 9.9 8315.0 45 13.0   5  3.921.311.7
5273320180919 37.0 20.1  0.009999-99.9-99.9-99.9-99.9 6.7 5621.9 56 18.9   6  4.616.512.6
5273320180920 32.5 20.4  0.009999-99.9-99.9-99.9-99.9 5.0 4220.8 61 18.0   5  3.813.9 9.3
5273320180921 38.5 18.7  0.009999-99.9-99.9-99.9-99.9 8.0 6623.5 52 20.1   4  3.218.710.5
5273320180922 42.4 26.6  0.009999-99.9-99.9-99.9-99.9 8.9 7422.8 38 19.5   9  7.420.2-9.9
5273320180923 44.2 28.2  0.009999-99.9-99.9-99.9-99.9 9.5 7920.2 33 17.5   8  6.321.2-9.9
5273320180924 37.8 26.6  5.819999-99.9-99.9-99.9-99.9 8.1 6621.7 48 18.7   6  5.019.018.4
5273320180925 30.4 20.7  0.009999-99.9-99.9-99.9-99.9 0.4  327.2 90 22.5   2  1.3 6.9 2.7
5273320180926 33.4 21.4  0.009999-99.9-99.9-99.9-99.9 3.2 2627.3 81 22.5   3  2.211.4 4.9
5273320180927 31.0 20.8  0.009999-99.9-99.9-99.9-99.9 1.5 1326.4 86 22.0   3  2.3 8.8 3.7
5273320180928 36.8 20.6  0.009999-99.9-99.9-99.9-99.9 9.0 7425.4 56 21.3   6  5.120.813.4
5273320180929 41.3 25.9  0.009999-99.9-99.9-99.9-99.9 9.4 7723.2 41 19.7  10  8.221.5-9.9
5273320180930 37.5 26.1  0.009999-99.9-99.9-99.9-99.9 8.6 7023.6 51 20.1   6  5.120.317.7
5273320181001 39.9 17.0  0.009999-99.9-99.9-99.9-99.9 7.4 6023.5 71 19.7   8  6.218.414.0
5273320181002 17.6 13.5  0.219999-99.9-99.9-99.9-99.9-9.9 9914.8 92 12.8   6  4.4 2.8-9.9
5273320181003 18.2 13.6  0.009999-99.9-99.9-99.9-99.9-9.9 9917.6 97 15.4   1  0.8 2.4-9.9
5273320181004 23.9 17.0  0.009999-99.9-99.9-99.9-99.9-9.9 9917.0 67 14.7   1  1.2 4.3-9.9
5273320181005 30.7 17.9  0.009999-99.9-99.9-99.9-99.9 6.7 5410.8 36  7.8   3  2.417.510.2
5273320181006 33.6 12.4  0.009999-99.9-99.9-99.9-99.9 6.9 5611.2 40  8.5   2  1.518.0 7.7
5273320181007 36.9 18.1  0.009999-99.9-99.9-99.9-99.9 6.7 5417.9 47 15.5   3  2.617.710.2
5273320181008 40.6 20.8  0.009999-99.9-99.9-99.9-99.9 8.4 6726.3 59 21.9   4  3.520.511.8
5273320181009 40.0 21.1 31.219999-99.9-99.9-99.9-99.9 9.3 7425.9 53 21.6   5  4.022.114.3
5273320181010 30.8 19.0 23.819999-99.9-99.9-99.9-99.9-9.9 9925.6100 21.4   3  2.4 1.8-9.9
5273320181011 23.3 17.3  2.819999-99.9-99.9-99.9-99.9-9.9 9922.8100 19.5   0  0.4 5.7-9.9
5273320181012 20.1 13.6  4.219999-99.9-99.9-99.9-99.9-9.9 9917.2100 15.1   2  1.9 2.5-9.9
5273320181013 17.3 13.4-99.999999-99.9-99.9-99.9-99.9-9.9 99-9.9100-99.9 -99-99.9-9.9-9.9
5273320181014-99.9-99.9-99.999999-99.9-99.9-99.9-99.9-9.9 99-9.9 92-99.9 -99-99.9-9.9-9.9
5273320181015-99.9-99.9  0.009999-99.9-99.9-99.9-99.9-9.9 99-9.9 67-99.9 -99-99.9-9.9-9.9
5273320181016 34.7 14.2  0.009999-99.9-99.9-99.9-99.9 9.2 7221.1 61 18.2   3  2.522.3 8.6
5273320181017 39.8 21.6  0.009999-99.9-99.9-99.9-99.9 8.6 6827.4 59 22.6   3  2.221.5 9.9
5273320181018 42.1 24.6 12.219999-99.9-99.9-99.9-99.9 8.4 6728.6 50 23.2   5  3.721.213.5
5273320181019 30.3 22.9  5.219999-99.9-99.9-99.9-99.9 0.9  731.1 98 24.7   0  0.4 8.5 2.6
5273320181020 33.6 20.8  0.009999-99.9-99.9-99.9-99.9 6.1 4824.9 78 21.0   1  0.917.4 5.8
5273320181021 36.1 22.9  0.009999-99.9-99.9-99.9-99.9 7.0 5525.1 64 21.2   3  2.819.0 9.6
5273320181022 33.5 24.9 41.819999-99.9-99.9-99.9-99.9 0.1  126.8 71 22.2   4  2.8 7.3 6.3
5273320181023 27.9 19.9  5.219999-99.9-99.9-99.9-99.9-9.9 9924.8100 20.9   1  1.1 1.9-9.9
5273320181024 29.8 20.1  0.009999-99.9-99.9-99.9-99.9 2.6 2026.9 91 22.2   0  0.111.5 3.0
5273320181025 28.6 21.9  3.019999-99.9-99.9-99.9-99.9 0.1  029.0 92 23.5   0  0.4 7.3 2.2
5273320181026 29.6 20.6  0.009999-99.9-99.9-99.9-99.9 2.5 1927.1 92 22.4   3  2.311.4 3.6
5273320181027 30.5 16.8  0.009999-99.9-99.9-99.9-99.910.2 7919.5 68 17.0   2  1.524.7 7.8
5273320181028 30.0 18.4  0.009999-99.9-99.9-99.9-99.9 3.8 3019.4 76 16.9   1  1.113.8 5.0
5273320181029 33.5 15.6  0.009999-99.9-99.9-99.9-99.9 9.9 7618.6 54 16.3   3  2.224.2 9.5
5273320181030 36.6 21.6  0.009999-99.9-99.9-99.9-99.9 5.4 4128.8 71 23.1   5  3.816.6 9.4
5273320181031 32.5 21.9  5.519999-99.9-99.9-99.9-99.9 6.6 5029.2 78 23.6   5  4.418.6 9.3
5273320181101 23.0 20.5  6.519999-99.9-99.9-99.9-99.9-9.9 9925.6100 21.5   1  0.8 3.3-9.9
5273320181102 29.6 21.5  0.009999-99.9-99.9-99.9-99.9 0.8  629.6 96 23.8   1  0.7 8.8 2.5
5273320181103 36.6 23.5 15.019999-99.9-99.9-99.9-99.9 5.1 3932.4 83 25.4   2  1.616.3 6.1
5273320181104 31.7 22.1  0.009999-99.9-99.9-99.9-99.9 2.1 1629.0 89 23.5   1  0.811.1 3.4
5273320181105 35.5 20.5 68.019999-99.9-99.9-99.9-99.9 8.2 6229.4 82 23.7   2  1.621.6 7.3
5273320181106 28.9 20.5  2.219999-99.9-99.9-99.9-99.9 1.1  827.2 91 22.4   3  2.6 9.3 3.8
5273320181107 32.7 20.2  0.009999-99.9-99.9-99.9-99.9 9.2 7023.5 79 20.0   3  2.623.5 8.9
5273320181108 33.7 17.2  0.009999-99.9-99.9-99.9-99.9 8.9 6725.1 76 21.1   2  1.322.9 7.3
5273320181109 34.3 21.4  0.009999-99.9-99.9-99.9-99.9 9.6 7326.5 67 22.0   5  3.724.311.1
5273320181110 35.5 23.6  0.009999-99.9-99.9-99.9-99.910.5 7929.0 66 23.5   7  5.525.814.0
5273320181111 37.6 26.1  0.009999-99.9-99.9-99.9-99.910.4 7930.5 60 24.3   9  7.325.719.0
5273320181112 37.3 27.9  0.519999-99.9-99.9-99.9-99.9 8.4 6430.3 58 24.2   8  6.722.318.8
5273320181113 32.6 21.5  1.019999-99.9-99.9-99.9-99.9 0.3  227.3 92 22.5   4  3.4 8.1 5.7
5273320181114 32.6 19.7  0.009999-99.9-99.9-99.9-99.9 9.3 7018.7 60 16.3   3  2.123.810.2
5273320181115 33.7 12.5  0.009999-99.9-99.9-99.9-99.911.6 8716.7 50 14.7   3  2.127.910.1
5273320181116 34.7 18.7  0.009999-99.9-99.9-99.9-99.9 3.9 3024.9 66 20.9   1  1.114.5 5.6
5273320181117 38.7 27.3 22.219999-99.9-99.9-99.9-99.9 8.6 6529.8 64 24.0   6  4.722.715.0
5273320181118 31.1 19.0  0.819999-99.9-99.9-99.9-99.9-9.9 9924.2100 20.4   3  2.7 4.1-9.9
5273320181119 30.5 15.3  0.009999-99.9-99.9-99.9-99.911.7 8819.2 71 16.8   2  1.828.2 8.7
5273320181120 33.5 15.1  0.009999-99.9-99.9-99.9-99.910.5 7921.8 66 18.8   2  1.826.1 8.4
5273320181121 35.7 19.8  0.009999-99.9-99.9-99.9-99.9 9.5 7125.7 60 21.6   4  3.524.411.5
5273320181122 36.4 19.8 41.819999-99.9-99.9-99.9-99.9 5.2 3829.1 83 23.4   7  5.916.811.7
5273320181123 27.8 19.0  0.009999-99.9-99.9-99.9-99.9 3.3 2523.8 85 20.3   7  5.313.6 5.7
5273320181124 26.6 18.6  0.009999-99.9-99.9-99.9-99.9 2.0 1522.9 91 19.7   2  2.011.3 3.7
5273320181125 31.8 17.0  0.009999-99.9-99.9-99.9-99.9 7.4 5523.9 78 20.2   2  1.620.8 6.5
5273320181126 34.2 19.5  0.009999-99.9-99.9-99.9-99.9 8.1 6025.8 68 21.6   2  1.321.9 7.4
5273320181127 34.0 22.7  5.819999-99.9-99.9-99.9-99.9 2.6 1931.4 90 24.8   1  0.912.3 3.9
5273320181128 27.4 20.1  0.519999-99.9-99.9-99.9-99.9-9.9 9927.5100 22.6   0  0.1 5.0-9.9
5273320181129 31.9 21.0  0.009999-99.9-99.9-99.9-99.9 3.1 2327.7 86 22.8   0  0.413.3 4.0
5273320181130 34.8 21.8  0.009999-99.9-99.9-99.9-99.9 8.3 6225.0 75 21.0   0  0.322.5 6.6
5273320181201 33.4 20.0  0.009999-99.9-99.9-99.9-99.910.2 7520.9 54 18.1   2  1.525.7 9.1
5273320181202 30.7 18.8  0.009999-99.9-99.9-99.9-99.911.7 8715.1 51 12.9   4  3.228.513.7
5273320181203 31.7 11.9  0.009999-99.9-99.9-99.9-99.911.4 8413.7 52 11.6   2  1.628.0 9.2
5273320181204 34.4 11.7  0.009999-99.9-99.9-99.9-99.911.9 8815.9 47 13.9   2  1.528.8 9.5
5273320181205 36.1 15.8  0.009999-99.9-99.9-99.9-99.9 9.8 7219.0 54 16.7   2  1.325.1 9.0
5273320181206 29.0 19.5  1.019999-99.9-99.9-99.9-99.9 1.5 1120.6 65 17.9   4  3.310.5 6.8
5273320181207 31.1 17.3  0.009999-99.9-99.9-99.9-99.9 8.6 6319.0 69 16.6   1  0.923.0 6.9
5273320181208 33.2 13.0  0.009999-99.9-99.9-99.9-99.911.9 8715.9 44 13.9   3  2.628.811.4
5273320181209 35.8 17.8  0.009999-99.9-99.9-99.9-99.9 7.2 5321.0 54 18.0   4  3.320.611.3
5273320181210 39.1 24.5  0.009999-99.9-99.9-99.9-99.9 6.2 4526.3 54 21.9   6  4.418.814.0
5273320181211 41.2 27.0  0.009999-99.9-99.9-99.9-99.910.8 8025.5 44 21.4   9  7.327.0-9.9
5273320181212 40.1 27.4  0.009999-99.9-99.9-99.9-99.9 7.2 5326.0 54 21.7   8  6.320.620.5
5273320181213 40.8 25.3  0.009999-99.9-99.9-99.9-99.9 9.3 6826.6 47 22.1   9  7.324.322.1
5273320181214 42.1 28.0  0.009999-99.9-99.9-99.9-99.911.1 8124.2 43 20.5   8  6.427.5-9.9
5273320181215 35.0 24.8  0.009999-99.9-99.9-99.9-99.9 9.1 6725.5 62 21.4   6  4.624.015.3
5273320181216 39.4 24.4  0.009999-99.9-99.9-99.9-99.9 8.6 6326.8 53 22.1   6  4.723.115.7
5273320181217 41.6 27.4  0.009999-99.9-99.9-99.9-99.910.4 7624.4 42 20.6   8  6.626.224.9
5273320181218 36.1 24.0 34.819999-99.9-99.9-99.9-99.9 3.1 2326.0 71 21.7   5  3.813.411.0
5273320181219 32.2 21.4  0.009999-99.9-99.9-99.9-99.9 2.7 2029.5 93 23.7   0  0.112.7 3.6
5273320181220 36.3 23.0  0.009999-99.9-99.9-99.9-99.9 9.0 6629.5 69 23.8   0  0.423.8 7.4
5273320181221 27.9 21.7  0.009999-99.9-99.9-99.9-99.9-9.9 9929.6 95 23.8   1  0.8 5.9-9.9
5273320181222 34.7 20.9  0.009999-99.9-99.9-99.9-99.9 8.6 6324.2 70 20.5   0  0.023.1 6.4
5273320181223 36.4 21.7  0.009999-99.9-99.9-99.9-99.9 9.1 6725.0 57 21.0   0  0.024.0 6.9
5273320181224 37.4 20.6  0.009999-99.9-99.9-99.9-99.910.7 7822.7 53 19.5   0  0.026.8 7.6
5273320181225 39.8 20.7  0.219999-99.9-99.9-99.9-99.9 8.7 6425.7 59 21.5   0  0.123.4 7.0
5273320181226 41.3 23.7  0.009999-99.9-99.9-99.9-99.9 9.9 7226.3 50 21.8   0  0.225.4 8.2
5273320181227 43.0 27.8  0.009999-99.9-99.9-99.9-99.9 9.2 6726.8 44 22.1   2  1.424.111.0
5273320181228 34.8 24.0  0.219999-99.9-99.9-99.9-99.9 3.9 2930.9 84 24.5   1  1.114.8 6.1
5273320181229 40.3 22.9  0.009999-99.9-99.9-99.9-99.9 7.9 5828.8 59 23.4   1  0.721.9 7.9
5273320181230 38.7 25.8  0.219999-99.9-99.9-99.9-99.9 3.2 2331.5 80 24.9   1  0.813.5 5.5
5273320181231 32.9 23.6  0.219999-99.9-99.9-99.9-99.9 3.6 2731.4 97 24.8   0  0.114.3 4.3
5273320190101 39.7 23.7  0.009999-99.9-99.9-99.9-99.9 8.2 6029.4 56 23.7   2  1.322.3 8.8
5273320190102 41.0 27.2  0.009999-99.9-99.9-99.9-99.910.8 8028.3 47 23.0   6  4.627.118.5
5273320190103 37.8 27.0  0.519999-99.9-99.9-99.9-99.9 4.3 3229.5 64 23.7   1  0.515.5 6.1
5273320190104 35.9 24.5189.819999-99.9-99.9-99.9-99.9 1.7 1331.5 85 24.9  13 10.510.9 9.4
5273320190105 32.3 22.6  4.219999-99.9-99.9-99.9-99.9 2.1 1532.6 93 25.4  11  9.011.6 4.0
5273320190106 34.3 25.8  0.009999-99.9-99.9-99.9-99.9 4.6 3433.9 85 26.1  22 17.216.017.3
5273320190107 32.2 21.6  3.819999-99.9-99.9-99.9-99.9 3.1 2329.7 92 23.9   3  2.113.3 5.0
5273320190108 31.7 23.4  0.009999-99.9-99.9-99.9-99.9 3.7 2733.7 94 26.0   2  1.414.4 4.4
5273320190109 36.0 25.8  0.009999-99.9-99.9-99.9-99.910.0 7430.4 67 24.2   4  3.125.511.7
5273320190110 31.1 19.4 63.819999-99.9-99.9-99.9-99.9-9.9 9926.1 88 21.7   2  1.2 5.7-9.9
5273320190111 22.1 18.3  5.019999-99.9-99.9-99.9-99.9-9.9 9923.4100 20.0   0  0.2 4.6-9.9
5273320190112 31.0 20.1  1.219999-99.9-99.9-99.9-99.9 5.1 3827.2 90 22.4   0  0.116.8 4.5
5273320190113 35.3 22.6  9.019999-99.9-99.9-99.9-99.9 8.1 6031.6 87 24.9   0  0.122.1 6.4
5273320190114 33.6 23.3  0.519999-99.9-99.9-99.9-99.9 4.3 3232.6 88 25.5   0  0.215.4 4.7
5273320190115 36.3 26.0  0.219999-99.9-99.9-99.9-99.9 7.1 5332.6 75 25.5   1  0.620.4 7.0
5273320190116 35.3 24.7  0.009999-99.9-99.9-99.9-99.9 6.0 4433.7 85 26.0   0  0.218.4 5.7
5273320190117 38.4 24.2  0.009999-99.9-99.9-99.9-99.9 9.1 6730.2 68 24.1   3  2.323.810.6
5273320190118 25.4 17.2  0.009999-99.9-99.9-99.9-99.9-9.9 9921.7 97 18.8   3  2.7 6.2-9.9
5273320190119 29.1 18.6  0.009999-99.9-99.9-99.9-99.9 6.2 4621.5 76 18.6   0  0.318.7 5.2
5273320190120 32.4 14.8  0.009999-99.9-99.9-99.9-99.911.5 8621.2 71 18.4   0  0.028.0 6.9
5273320190121 37.6 18.9  0.009999-99.9-99.9-99.9-99.9 9.7 7225.7 60 21.5   1  0.524.8 7.6
5273320190122 39.8 25.7  0.009999-99.9-99.9-99.9-99.910.7 8027.1 54 22.4   3  2.226.512.6
5273320190123 40.5 24.3  0.009999-99.9-99.9-99.9-99.910.5 7926.3 55 21.9   2  1.626.311.3
5273320190124 42.0 25.2  0.009999-99.9-99.9-99.9-99.9 9.3 7027.0 47 22.3   1  0.724.2 9.2
5273320190125 42.4 27.0  0.009999-99.9-99.9-99.9-99.910.7 8027.9 53 22.8   2  1.226.511.1
5273320190126 43.6 26.1  0.009999-99.9-99.9-99.9-99.9 9.5 7128.0 53 22.9   1  0.724.4 9.2
5273320190127 32.8 23.7  0.009999-99.9-99.9-99.9-99.9 1.7 1332.0 84 25.1   0  0.110.6 3.4
5273320190128 39.3 23.4  0.009999-99.9-99.9-99.9-99.910.0 7528.0 57 22.9   1  0.625.2 8.4
5273320190129 37.7 24.3  0.009999-99.9-99.9-99.9-99.9 6.8 5127.6 54 22.6   3  2.219.510.1
5273320190130 38.3 25.1  0.009999-99.9-99.9-99.9-99.910.3 7825.7 57 21.5   3  2.025.711.6
5273320190131 39.5 23.1  0.009999-99.9-99.9-99.9-99.910.5 8025.7 52 21.5   2  1.826.111.3
5273320190201 39.8 23.0 15.219999-99.9-99.9-99.9-99.9 6.8 5226.6 65 22.0   0  0.219.6 6.5
5273320190202 29.6 23.8  9.819999-99.9-99.9-99.9-99.9-9.9 9932.3 98 25.3   0  0.4 7.3-9.9
5273320190203 25.9 22.1  9.519999-99.9-99.9-99.9-99.9-9.9 9929.0100 23.5   1  0.5 6.8-9.9
5273320190204 30.4 20.8  0.219999-99.9-99.9-99.9-99.9 8.4 6424.3 81 20.6   0  0.422.2 6.1
5273320190205 31.9 17.3  0.009999-99.9-99.9-99.9-99.910.5 8021.8 70 18.9   0  0.125.9 6.7
5273320190206 34.5 16.8  0.009999-99.9-99.9-99.9-99.910.8 8322.3 70 19.2   0  0.026.4 6.8
5273320190207 39.0 16.6  0.009999-99.9-99.9-99.9-99.911.2 8622.8 61 19.4   0  0.127.0 7.4
5273320190208 41.7 19.3  0.009999-99.9-99.9-99.9-99.9 8.6 6625.3 51 21.2   0  0.222.5 6.9
5273320190209 41.7 25.1  3.019999-99.9-99.9-99.9-99.9 6.7 5128.0 66 22.9   1  0.819.0 7.3
5273320190210 34.8 23.7  0.009999-99.9-99.9-99.9-99.9 4.7 3633.5 86 25.9   0  0.215.5 4.6
5273320190211 39.6 25.7 64.819999-99.9-99.9-99.9-99.9 8.8 6831.3 62 24.7   3  2.422.710.6
5273320190212 29.8 17.8 13.819999-99.9-99.9-99.9-99.9-9.9 9923.8100 20.2   2  1.4 3.0-9.9
5273320190213 29.5 17.5  0.009999-99.9-99.9-99.9-99.9 6.1 4723.6 88 20.1   8  6.617.8 6.8
5273320190214 32.3 19.5  0.009999-99.9-99.9-99.9-99.9 6.4 4926.0 83 21.7   6  4.518.4 8.0
5273320190215 31.7 19.6  0.009999-99.9-99.9-99.9-99.9 9.2 7223.9 67 20.3   0  0.023.3 6.2
5273320190216 32.4 17.7  0.009999-99.9-99.9-99.9-99.9 9.6 7522.7 68 19.5   0  0.023.8 6.1
5273320190217 34.4 18.7  0.009999-99.9-99.9-99.9-99.910.1 7925.6 76 21.4   0  0.124.6 6.6
5273320190218 37.6 20.3  0.009999-99.9-99.9-99.9-99.9 8.4 6527.0 71 22.3   0  0.221.6 6.3
5273320190219 38.2 20.6  0.009999-99.9-99.9-99.9-99.910.5 8226.9 67 22.2   0  0.025.3 7.1
5273320190220 38.9 21.2  0.009999-99.9-99.9-99.9-99.910.5 8226.2 64 21.8   0  0.025.2 7.1
5273320190221 40.1 21.8  0.009999-99.9-99.9-99.9-99.9 8.9 7028.0 62 22.9   0  0.022.4 6.6
5273320190222 40.7 24.9  0.009999-99.9-99.9-99.9-99.9 9.2 7227.6 60 22.7   0  0.022.8 7.0
5273320190223 40.5 26.4  0.009999-99.9-99.9-99.9-99.9 9.9 7825.5 53 21.3   0  0.024.0 7.2
5273320190224 38.5 27.1  0.009999-99.9-99.9-99.9-99.9 7.9 6227.1 60 22.3   0  0.020.5 6.4
5273320190225 33.1 22.5 15.219999-99.9-99.9-99.9-99.9 4.5 3527.6 78 22.6   0  0.014.7 4.4
5273320190226 26.8 18.3  6.019999-99.9-99.9-99.9-99.9 1.7 1324.2 92 20.5   0  0.0 9.9 2.6
5273320190227 31.5 17.8  0.009999-99.9-99.9-99.9-99.9 9.7 7722.2 75 19.1   0  0.023.3 5.8
5273320190228 33.8 16.8  0.009999-99.9-99.9-99.9-99.910.5 8419.2 66 16.8   0  0.024.7 6.0
5273320190301 35.5 14.2  0.009999-99.9-99.9-99.9-99.910.2 8119.4 65 16.9   0  0.024.2 5.9
5273320190302 39.3 19.2  1.819999-99.9-99.9-99.9-99.9 6.6 5327.1 71 22.3   0  0.018.0 4.9
5273320190303 38.4 22.9  0.009999-99.9-99.9-99.9-99.9 8.4 6726.9 56 22.2   0  0.021.0 6.1
5273320190304 39.8 25.1  0.009999-99.9-99.9-99.9-99.9 9.7 7724.4 55 20.7   0  0.023.0 6.8
5273320190305 31.2 23.4  0.009999-99.9-99.9-99.9-99.9 2.6 2127.6 86 22.7   0  0.011.2 3.6
5273320190306 34.1 21.5  0.009999-99.9-99.9-99.9-99.9 7.4 5929.6 81 23.8   0  0.019.0 5.2
5273320190307 39.5 24.4  0.009999-99.9-99.9-99.9-99.9 8.2 6629.4 61 23.7   0  0.020.4 6.2
5273320190308 31.7 19.2 82.819999-99.9-99.9-99.9-99.9-9.9 9926.4 89 21.9   0  0.0 3.2-9.9
5273320190309 23.2 18.8  3.219999-99.9-99.9-99.9-99.9-9.9 9924.1 97 20.5   0  0.0 4.0-9.9
5273320190310 26.8 17.6  4.019999-99.9-99.9-99.9-99.9 1.8 1523.5 91 20.0   0  0.0 9.6 2.4
5273320190311 27.3 19.6  1.019999-99.9-99.9-99.9-99.9 1.5 1225.9 95 21.6   0  0.0 9.1 2.3
5273320190312 24.1 20.8-99.999999-99.9-99.9-99.9-99.9-9.9 9927.0100 22.3   0  0.0 3.4-9.9
5273320190313-99.9-99.9  0.009999-99.9-99.9-99.9-99.9-9.9 99-9.9 87-99.9 -99-99.9-9.9-9.9
5273320190314 30.7 18.6  0.009999-99.9-99.9-99.9-99.9 5.5 4526.1 89 21.7   0  0.015.4 4.0
5273320190315 31.5 20.8  2.219999-99.9-99.9-99.9-99.9 3.7 3030.6 92 24.4   0  0.012.5 3.4
5273320190316 25.5 21.8  2.819999-99.9-99.9-99.9-99.9-9.9 9928.7100 23.3   0  0.0 4.7-9.9
5273320190317 24.5 21.1  3.819999-99.9-99.9-99.9-99.9-9.9 9926.8100 22.2   0  0.0 4.6-9.9
5273320190318 31.4 19.3  0.009999-99.9-99.9-99.9-99.9 9.0 7425.1 86 21.1   0  0.020.8 5.2
5273320190319 29.7 17.8  0.009999-99.9-99.9-99.9-99.9 2.9 2426.3 87 21.8   0  0.011.0 2.9
5273320190320 24.7 16.7  0.009999-99.9-99.9-99.9-99.9-9.9 9922.4 98 19.2   0  0.0 4.0-9.9
5273320190321 27.0 17.0  0.219999-99.9-99.9-99.9-99.9 5.0 4120.6 80 17.9   0  0.014.2 3.3
5273320190322 30.4 15.3  0.009999-99.9-99.9-99.9-99.9 8.6 7221.1 74 18.2   0  0.019.9 4.7
5273320190323 31.4 15.5  0.009999-99.9-99.9-99.9-99.9 7.6 6320.9 74 18.2   0  0.018.2 4.4
5273320190324 32.2 19.0  0.009999-99.9-99.9-99.9-99.9 2.3 1927.0 83 22.3   0  0.0 9.7 2.7
5273320190325 25.2 20.5  2.819999-99.9-99.9-99.9-99.9-9.9 9925.7100 21.6   0  0.0 4.5-9.9
5273320190326 20.5 16.2  2.219999-99.9-99.9-99.9-99.9-9.9 9920.5100 17.9   0  0.0 2.7-9.9
5273320190327 29.2 14.8  0.009999-99.9-99.9-99.9-99.9 7.0 5819.7 82 17.3   0  0.016.9 3.7
5273320190328 32.0 14.6  0.009999-99.9-99.9-99.9-99.9 9.2 7720.4 81 17.7   0  0.020.2 4.5
5273320190329 34.3 17.2  3.819999-99.9-99.9-99.9-99.9 7.2 6126.6 85 21.9   0  0.017.1 4.3
5273320190330 35.1 22.7  0.219999-99.9-99.9-99.9-99.9 6.5 5531.0 79 24.6   0  0.015.9 4.6
5273320190331 28.4 23.3  0.009999-99.9-99.9-99.9-99.9-9.9 9931.9100 25.1   0  0.0 2.9-9.9
5273320190401 27.4 22.8104.519999-99.9-99.9-99.9-99.9-9.9 9931.0100 24.6   0  0.0 5.5-9.9
5273320190402 27.1 21.9-99.999999-99.9-99.9-99.9-99.9-9.9 9928.5100 23.2   0  0.0 5.2-9.9
5273320190403-99.9-99.9  0.009999-99.9-99.9-99.9-99.9-9.9 99-9.9 88-99.9 -99-99.9-9.9-9.9
5273320190404 31.2 21.5 20.019999-99.9-99.9-99.9-99.9 4.3 3731.1 90 24.6   0  0.012.3 3.4
5273320190405 26.0 15.0  0.219999-99.9-99.9-99.9-99.9 4.6 4017.5 87 15.4   0  0.012.7 2.9
5273320190406 26.6 11.6  0.009999-99.9-99.9-99.9-99.9 9.6 8215.6 80 13.6   0  0.020.0 3.9
5273320190407 28.3  9.6  0.009999-99.9-99.9-99.9-99.9 9.8 8415.4 79 13.3   0  0.020.2 3.9
5273320190408 29.1 10.4  0.009999-99.9-99.9-99.9-99.9 9.7 8416.7 82 14.6   0  0.020.0 3.9
5273320190409 29.4 10.5  0.009999-99.9-99.9-99.9-99.9 9.8 8417.3 79 15.1   1  0.820.0 4.6
5273320190410 31.8 13.3  0.009999-99.9-99.9-99.9-99.9 9.1 7919.9 83 17.3   0  0.418.9 4.3
5273320190411 31.9 14.7  0.009999-99.9-99.9-99.9-99.9 8.0 6921.1 82 18.3   1  0.517.2 4.2
5273320190412 29.5 15.4  0.009999-99.9-99.9-99.9-99.9 4.7 4120.6 85 17.9   0  0.412.3 3.1
5273320190413 29.8 16.3  0.009999-99.9-99.9-99.9-99.9 3.6 3123.5 88 19.9   1  0.910.6 2.7
5273320190414 34.6 19.6  0.009999-99.9-99.9-99.9-99.9 7.1 6228.4 85 23.1   1  1.015.6 4.6
5273320190415 34.9 22.2  0.219999-99.9-99.9-99.9-99.9 6.3 5530.3 86 24.2   3  2.414.3 5.6
5273320190416 23.8 20.1  0.219999-99.9-99.9-99.9-99.9-9.9 9924.7 95 20.9   2  1.8 5.3-9.9
5273320190417 28.6 16.2  0.009999-99.9-99.9-99.9-99.9 5.5 4823.7 90 20.1   1  0.713.1 3.2
5273320190418 30.8 17.9  0.009999-99.9-99.9-99.9-99.9 5.5 4826.6 87 22.0   2  1.612.9 3.8
5273320190419 34.2 23.3  2.819999-99.9-99.9-99.9-99.9 5.1 4532.7 87 25.5   3  2.012.4 4.3
5273320190420 34.7 23.4133.219999-99.9-99.9-99.9-99.9 3.9 3533.3 87 25.8   2  1.410.7 3.9
5273320190421 27.1 22.6  3.519999-99.9-99.9-99.9-99.9-9.9 9929.1100 23.6   2  1.4 4.4-9.9
5273320190422 29.0 19.7 20.019999-99.9-99.9-99.9-99.9 2.7 2426.5 97 21.9   2  1.5 8.8 2.5
5273320190423 19.6 16.8  2.519999-99.9-99.9-99.9-99.9-9.9 9920.3100 17.7   3  2.1 2.7-9.9
5273320190424-99.9-99.9-99.999999-99.9-99.9-99.9-99.9-9.9 99-9.9-99-99.9 -99-99.9-9.9-9.9
5273320190425-99.9-99.9-99.999999-99.9-99.9-99.9-99.9-9.9 99-9.9-99-99.9 -99-99.9-9.9-9.9
5273320190426-99.9-99.9-99.999999-99.9-99.9-99.9-99.9-9.9 99-9.9-99-99.9 -99-99.9-9.9-9.9
5273320190427-99.9-99.9-99.999999-99.9-99.9-99.9-99.9-9.9 99-9.9 95-99.9 -99-99.9-9.9-9.9
5273320190428-99.9-99.9  0.219999-99.9-99.9-99.9-99.9-9.9 99-9.9 87-99.9 -99-99.9-9.9-9.9
5273320190429 29.2 15.3 10.819999-99.9-99.9-99.9-99.9 6.5 5823.6 87 20.0   1  1.113.5 3.0
5273320190430 23.3 19.4  1.019999-99.9-99.9-99.9-99.9-9.9 9923.5100 20.1   2  1.6 2.6-9.9
5273320190501 27.2 14.4  0.009999-99.9-99.9-99.9-99.9 7.9 7119.9 88 17.4   2  1.415.3 3.7
5273320190502 25.4 13.8  0.009999-99.9-99.9-99.9-99.9 2.1 1823.6 95 19.8   1  1.1 7.5 1.6
5273320190503 29.1 22.1  0.819999-99.9-99.9-99.9-99.9 2.1 1930.2 94 24.1   2  1.6 7.5 1.9
5273320190504 29.8 22.7  9.019999-99.9-99.9-99.9-99.9 1.3 1232.0100 25.1   2  1.5 6.4 1.7
5273320190505 31.0 23.5  9.819999-99.9-99.9-99.9-99.9 2.6 2331.8 93 25.0   3  2.3 8.1 2.6
5273320190506 25.4 20.8  2.519999-99.9-99.9-99.9-99.9-9.9 9927.7100 22.7   4  3.4 4.4-9.9
5273320190507 25.2 19.5-99.999999-99.9-99.9-99.9-99.9 1.0  926.1 99 21.7   1  0.5 5.9 1.4
5273320190508-99.9-99.9-99.999999-99.9-99.9-99.9-99.9-9.9 99-9.9-99-99.9 -99-99.9-9.9-9.9
5273320190509-99.9-99.9-99.999999-99.9-99.9-99.9-99.9-9.9 99-9.9-99-99.9 -99-99.9-9.9-9.9
5273320190510-99.9-99.9-99.999999-99.9-99.9-99.9-99.9-9.9 99-9.9-99-99.9 -99-99.9-9.9-9.9
5273320190511-99.9-99.9-99.999999-99.9-99.9-99.9-99.9-9.9 99-9.9-99-99.9 -99-99.9-9.9-9.9
5273320190512-99.9-99.9  0.219999-99.9-99.9-99.9-99.9-9.9 99-9.9-99-99.9 -99-99.9-9.9-9.9
5273320190513 25.0  9.6  0.009999-99.9-99.9-99.9-99.9 7.4 6815.4 86 13.3   0  0.313.7 2.3
5273320190514 24.2  9.3  0.009999-99.9-99.9-99.9-99.9 8.6 7913.9 83 11.7   1  1.015.2 3.0
5273320190515 25.4  9.4  0.009999-99.9-99.9-99.9-99.9 8.1 7516.0 86 13.9   1  0.514.5 2.5
5273320190516 25.8 11.1  0.009999-99.9-99.9-99.9-99.9 7.7 7117.3 88 15.1   1  0.613.9 2.7
5273320190517 27.7 12.5  0.009999-99.9-99.9-99.9-99.9 7.2 6719.1 86 16.6   2  1.913.2 3.1
5273320190518 23.3 14.8  2.219999-99.9-99.9-99.9-99.9-9.9 9923.0 99 19.5   0  0.2 3.0-9.9
5273320190519-99.9-99.9-99.999999-99.9-99.9-99.9-99.9-9.9 99-9.9-99-99.9 -99-99.9-9.9-9.9
5273320190520-99.9-99.9-99.999999-99.9-99.9-99.9-99.9-9.9 99-9.9-99-99.9 -99-99.9-9.9-9.9
5273320190521-99.9-99.9-99.999999-99.9-99.9-99.9-99.9-9.9 99-9.9-99-99.9 -99-99.9-9.9-9.9
5273320190523-99.9-99.9-99.999999-99.9-99.9-99.9-99.9-9.9 99-9.9-99-99.9 -99-99.9-9.9-9.9
5273320190524-99.9-99.9  0.219999-99.9-99.9-99.9-99.9-9.9 99-9.9 83-99.9 -99-99.9-9.9-9.9
5273320190525 23.0  6.9  0.009999-99.9-99.9-99.9-99.9 8.5 7913.9 84 11.7   2  1.814.3 2.6
5273320190526 24.2 11.5  0.009999-99.9-99.9-99.9-99.9 3.4 3219.0 89 16.6   2  1.8 8.2 1.7
5273320190527 22.9 14.8  0.009999-99.9-99.9-99.9-99.9 0.4  420.4 98 17.7   1  0.5 4.7 1.1
5273320190528 23.8 12.9  0.009999-99.9-99.9-99.9-99.9 4.7 4417.2 89 15.1   1  1.0 9.7 2.0
5273320190529 19.6 12.0-99.999999-99.9-99.9-99.9-99.9-9.9 9918.8100 16.4   0  0.1 2.5-9.9
5273320190530-99.9-99.9-99.999999-99.9-99.9-99.9-99.9-9.9 99-9.9-99-99.9 -99-99.9-9.9-9.9
5273320190531-99.9-99.9-99.999999-99.9-99.9-99.9-99.9-9.9 99-9.9-99-99.9 -99-99.9-9.9-9.9
5273320190601-99.9-99.9  0.009999-99.9-99.9-99.9-99.9 3.9 3715.7 91 13.7 -99-99.9 8.6-9.9
5273320190602 19.9 10.1-99.999999-99.9-99.9-99.9-99.9-9.9 9915.7 94 13.5   0  0.0 3.4-9.9
5273320190603-99.9-99.9  0.009999-99.9-99.9-99.9-99.9 6.2 5916.1 87 14.0 -99-99.911.2-9.9
5273320190604 24.0  8.5  0.009999-99.9-99.9-99.9-99.9 6.4 6014.3 85 12.1   1  1.111.4 2.1
5273320190605 26.2 10.3  0.219999-99.9-99.9-99.9-99.9 5.9 5617.5 83 15.2   4  3.510.8 3.1
5273320190606 28.4 14.3  0.009999-99.9-99.9-99.9-99.9 6.4 6118.5 80 16.2   5  3.811.4 5.3
5273320190607 22.1 12.5  0.009999-99.9-99.9-99.9-99.9 2.2 2118.2 96 15.9   2  1.9 6.5 1.4
5273320190608 19.8 14.7  0.009999-99.9-99.9-99.9-99.9 0.3  318.2 95 16.0   1  0.9 4.4 1.1
5273320190609 22.9 13.9  0.009999-99.9-99.9-99.9-99.9 3.3 3119.2 90 16.8   1  0.6 7.7 1.5
5273320190610 28.7 18.7  0.009999-99.9-99.9-99.9-99.9 3.0 2823.8 86 20.3   3  2.1 7.3 2.7
5273320190611 26.9 15.8  0.009999-99.9-99.9-99.9-99.9 0.9  923.7 93 20.1   0  0.2 5.0 1.2
5273320190612 27.5 18.4-99.999999-99.9-99.9-99.9-99.9-9.9 9926.3 94 21.8   2  1.4 3.0-9.9
5273320190613-99.9-99.9  0.009999-99.9-99.9-99.9-99.9-9.9 99-9.9-99-99.9 -99-99.9-9.9-9.9
5273320190614-99.9-99.9-99.999999-99.9-99.9-99.9-99.9-9.9 99-9.9-99-99.9 -99-99.9-9.9-9.9
5273320190615-99.9-99.9-99.999999-99.9-99.9-99.9-99.9-9.9 99-9.9-99-99.9 -99-99.9-9.9-9.9
5273320190726-99.9-99.9-99.999999-99.9-99.9-99.9-99.9-9.9 99-9.9-99-99.9 -99-99.9-9.9-9.9
5273320190727-99.9-99.9  0.009999-99.9-99.9-99.9-99.9-9.9 99-9.9 81-99.9 -99-99.9-9.9-9.9
5273320190728 19.5  5.9  0.009999-99.9-99.9-99.9-99.9 4.5 4112.2 88  9.9   1  0.7 9.8 1.7
5273320190729 25.6  7.2  0.009999-99.9-99.9-99.9-99.9 7.5 6914.4 79 12.2   1  1.113.6 2.6
5273320190730 26.7  8.4  0.009999-99.9-99.9-99.9-99.9 8.7 8014.6 84 12.5   1  0.615.1 2.9
5273320190731 30.4  8.8  0.009999-99.9-99.9-99.9-99.9 8.1 7418.2 83 15.6   3  2.714.5 3.6
5273320190801 27.8 13.5  0.009999-99.9-99.9-99.9-99.9 1.2 1115.7 77 13.0   7  5.7 6.0 7.4
5273320190802 21.6  7.2  0.009999-99.9-99.9-99.9-99.9 7.7 70 8.1 61  3.9   4  2.914.1 7.3
5273320190803 22.7  0.2  0.009999-99.9-99.9-99.9-99.9 9.3 85 7.7 73  3.1   1  0.916.2 3.0
5273320190804 22.8 -0.2  0.009999-99.9-99.9-99.9-99.9 9.3 85 7.8 71  3.3   2  1.516.3 3.5
5273320190805 26.0  0.2  0.009999-99.9-99.9-99.9-99.9 9.4 85 8.7 66  4.8   3  2.516.4 5.0
5273320190806 29.2  6.7  0.009999-99.9-99.9-99.9-99.9 9.2 8311.6 60  9.1   5  3.716.3 7.8
5273320190807 31.3 11.1  0.009999-99.9-99.9-99.9-99.9 7.9 7116.2 65 14.1   4  3.114.7 6.5
5273320190808 22.4 12.5  0.009999-99.9-99.9-99.9-99.9 4.2 3812.7 68 10.4   5  4.410.0 8.0
5273320190809 15.2  8.1  0.009999-99.9-99.9-99.9-99.9-9.9 99 9.9 79  6.8   4  3.2 3.7-9.9
5273320190810 22.9 -0.3  0.009999-99.9-99.9-99.9-99.9 9.3 84 8.4 72  4.3   1  0.916.8 3.1
5273320190811 24.8  5.0  0.009999-99.9-99.9-99.9-99.9 6.2 5613.1 83 10.7   3  2.112.9 2.9
5273320190812 26.0 10.6  0.009999-99.9-99.9-99.9-99.9 8.2 7414.1 67 11.9   5  3.615.5 6.6
5273320190813 21.6  8.6  0.009999-99.9-99.9-99.9-99.9 9.0 80 9.0 56  5.3   4  2.916.6 7.1
5273320190814 20.8  0.9  0.009999-99.9-99.9-99.9-99.9 8.9 79 7.6 67  3.0   1  1.016.5 3.5
5273320190815 26.5  4.3  0.009999-99.9-99.9-99.9-99.9 7.1 6310.7 66  7.7   2  1.514.3 3.8
5273320190816 33.9 10.4  0.009999-99.9-99.9-99.9-99.9 6.6 5915.8 61 13.7   5  4.213.7 8.7
5273320190817 33.5 20.0  0.009999-99.9-99.9-99.9-99.9 5.8 5216.6 49 14.6   4  3.212.710.2
5273320190818 25.1 16.4  0.009999-99.9-99.9-99.9-99.9 5.5 4914.5 58 12.0   7  5.812.411.5
5273320190819 24.4  8.7  0.009999-99.9-99.9-99.9-99.9 9.2 8110.3 57  7.4   3  2.817.4 7.1
5273320190820 26.2  5.7  0.009999-99.9-99.9-99.9-99.9 9.2 82 9.2 58  5.7   2  1.617.6 5.2
5273320190821 27.8  3.6  0.009999-99.9-99.9-99.9-99.9 8.6 7611.2 63  8.4   1  0.916.8 3.8
5273320190822 27.9 11.2  0.009999-99.9-99.9-99.9-99.9 2.6 2312.6 62 10.4   2  1.5 8.7 4.3
5273320190823 27.9  3.8  0.009999-99.9-99.9-99.9-99.9 9.1 80 9.9 61  6.8   1  1.117.7 4.6
5273320190824 30.5  8.7  0.009999-99.9-99.9-99.9-99.9 7.7 6813.3 54 11.1   2  1.915.9 5.6
5273320190825 33.7 14.5  0.009999-99.9-99.9-99.9-99.9 5.6 4916.7 52 14.6   4  3.212.9 8.5
5273320190826 30.1 15.3  0.009999-99.9-99.9-99.9-99.9 7.3 6419.6 69 17.2   4  2.915.4 6.9
5273320190827 32.5 14.8  0.009999-99.9-99.9-99.9-99.9 7.3 6420.3 72 17.7   2  1.515.5 5.1
5273320190828 36.3 16.6  0.009999-99.9-99.9-99.9-99.9 8.3 7219.5 52 17.0   5  4.216.911.6
5273320190829 38.0 20.3  0.009999-99.9-99.9-99.9-99.9 8.7 7518.5 48 16.3   5  4.117.613.6
5273320190830 33.1 17.9  1.819999-99.9-99.9-99.9-99.9 8.3 7218.0 58 15.8   5  4.417.112.1
5273320190831 25.4 14.0  0.009999-99.9-99.9-99.9-99.9 6.9 6010.8 54  7.9   6  5.015.312.3
5273320190901 25.6 11.3  0.009999-99.9-99.9-99.9-99.9 8.8 76 9.0 49  5.2   3  2.018.2 7.5
5273320190902 27.1  5.4  0.009999-99.9-99.9-99.9-99.9 9.9 85 9.3 51  5.9   2  1.619.7 6.0
5273320190903 26.0  8.2  0.009999-99.9-99.9-99.9-99.9 8.8 7610.6 55  7.8   2  1.718.3 5.9
5273320190904 23.1  9.5  0.009999-99.9-99.9-99.9-99.9 4.9 4211.3 54  8.8   3  2.512.7 6.2
5273320190905 25.9 11.0  0.009999-99.9-99.9-99.9-99.9 6.5 56 9.5 49  6.1   2  1.815.1 6.7
5273320190906 29.8  8.3  0.009999-99.9-99.9-99.9-99.9 8.4 7212.5 60 10.1   2  1.317.9 5.2
5273320190907 30.7 14.8  0.009999-99.9-99.9-99.9-99.9 6.1 5219.2 67 16.8   3  2.414.6 5.7
5273320190908 26.6 17.2  0.009999-99.9-99.9-99.9-99.9 1.9 1618.7 73 16.3   2  1.3 8.5 3.8
5273320190909 35.6 17.3  0.009999-99.9-99.9-99.9-99.9 8.0 6820.9 64 18.1   4  3.117.7 8.4
5273320190910 24.9 17.4  0.009999-99.9-99.9-99.9-99.9-9.9 9917.9 85 15.8   6  5.0 5.5-9.9
5273320190911 22.9 15.5  0.009999-99.9-99.9-99.9-99.9 1.1  915.9 73 13.9   5  4.2 7.4 5.3
5273320190912 25.8 12.5  0.009999-99.9-99.9-99.9-99.9 8.6 7212.5 65 10.2   3  2.718.7 8.1
5273320190913 27.5  5.1  0.009999-99.9-99.9-99.9-99.9 9.7 8211.1 54  8.5   1  1.120.6 5.2
5273320190914 34.0 10.6  0.009999-99.9-99.9-99.9-99.9 9.2 7715.9 53 13.7   3  2.519.8 8.2
5273320190915 41.6 20.6  0.009999-99.9-99.9-99.9-99.9 8.5 7118.4 38 16.0   7  6.018.819.7
5273320190916 33.9 17.3  0.009999-99.9-99.9-99.9-99.9 3.4 2916.1 62 14.0   9  6.911.216.1
5273320190917 21.0 15.7  0.009999-99.9-99.9-99.9-99.9 0.3  312.8 61 10.3   3  2.8 6.5 5.8
5273320190918 29.8 11.6  0.009999-99.9-99.9-99.9-99.9 8.7 7212.4 54 10.0   1  1.019.4 5.9
5273320190919 34.6  9.6  0.009999-99.9-99.9-99.9-99.9 9.0 7514.0 44 11.9   4  3.220.0 9.5
5273320190920 26.6 12.0  0.009999-99.9-99.9-99.9-99.9 8.1 68 9.5 39  6.1   6  5.018.714.8
5273320190921 29.7 15.2  0.009999-99.9-99.9-99.9-99.9 9.4 78 8.2 39  3.9   1  1.120.7 7.1
5273320190922 31.7 10.2  0.009999-99.9-99.9-99.9-99.9 9.6 79 8.7 34  4.7   2  2.021.2 9.1
5273320190923 33.9 12.7  0.009999-99.9-99.9-99.9-99.9 9.4 7711.1 41  8.3   2  1.920.9 9.3
5273320190924 34.5 16.0  0.009999-99.9-99.9-99.9-99.9 4.8 3913.9 37 11.7   2  1.513.8 7.5
5273320190925 32.4 17.4  0.009999-99.9-99.9-99.9-99.9 4.2 3414.6 54 12.6   1  1.012.9 5.8
5273320190926 36.0  7.9  0.009999-99.9-99.9-99.9-99.910.1 8311.2 36  8.4   1  1.222.4 7.4
5273320190927 36.7 10.1  0.009999-99.9-99.9-99.9-99.910.1 8311.6 34  9.1   3  2.522.411.0
5273320190928 38.6 16.8  0.009999-99.9-99.9-99.9-99.9 9.4 7714.9 37 12.9   3  2.621.311.7
5273320190929 40.4 17.1  0.009999-99.9-99.9-99.9-99.9 8.5 7016.7 37 14.6   4  3.420.114.2
5273320190930 42.2 25.1  0.219999-99.9-99.9-99.9-99.9 8.0 6520.0 36 17.5  10  7.619.3-9.9
5273320191001 40.3 19.8 15.219999-99.9-99.9-99.9-99.9 4.7 3821.4 58 18.4   9  7.114.021.7
5273320191002 19.9 12.9  0.009999-99.9-99.9-99.9-99.9-9.9 9914.9 82 12.9   4  3.6 3.5-9.9
5273320191003 19.9 14.6-99.999999-99.9-99.9-99.9-99.9-9.9 9918.9 96 16.5 -99-99.9 4.0-9.9
5273320191004-99.9-99.9 13.219999-99.9-99.9-99.9-99.9-9.9 99-9.9 82-99.9 -99-99.9-9.9-9.9
5273320191005-99.9-99.9-99.999999-99.9-99.9-99.9-99.9-9.9 99-9.9-99-99.9 -99-99.9-9.9-9.9
