5296620241114-99.9-99.9-99.999999-99.9-99.9-99.9-99.9-9.9 99-9.9-99-99.9 -99-99.9-9.9-9.9
5296620241115 16.7  6.7  0.009999-99.9-99.9-99.9-99.913.8 92 7.2 53  2.0   3  2.228.6 7.9
5296620241116 17.6  7.2  0.009999-99.9-99.9-99.9-99.912.9 86 6.1 36 -0.1   4  2.827.2 9.4
5296620241117 19.7  8.6  0.009999-99.9-99.9-99.9-99.9 9.2 61 6.9 44  1.6   3  2.621.7 8.4
5296620241118 23.0  2.1  0.009999-99.9-99.9-99.9-99.913.4 89 8.7 56  4.9   0  0.328.2 5.5
5296620241119 23.2  3.2  0.009999-99.9-99.9-99.9-99.9 8.1 54 8.6 50  4.7   1  0.820.2 4.9
5296620241120 21.3  7.1  0.009999-99.9-99.9-99.9-99.911.9 79 8.7 53  4.9   1  1.126.1 6.6
5296620241121 19.3  3.1  0.009999-99.9-99.9-99.9-99.9 7.7 51 9.2 55  5.7   1  0.819.6 4.8
5296620241122 22.5  5.9  0.009999-99.9-99.9-99.9-99.911.7 77 8.8 51  5.2   2  1.725.9 7.4
5296620241123 19.7 10.1  0.009999-99.9-99.9-99.9-99.915.0 98 6.4 31  0.5   3  2.231.1 9.8
5296620241124 20.6  1.7  0.009999-99.9-99.9-99.9-99.9 8.7 57 7.4 52  2.5   1  0.821.3 5.1
5296620241125 19.4  4.8  5.019999-99.9-99.9-99.9-99.9 0.3  210.6 70  7.8   0  0.1 8.3 2.0
5296620241126 16.6  8.3 10.019999-99.9-99.9-99.9-99.9 2.6 1711.4 90  8.9   1  0.611.9 2.6
5296620241127 16.1  8.2  1.019999-99.9-99.9-99.9-99.9 2.1 1412.3 88  9.9   0  0.211.2 2.4
5296620241128 18.5  9.8  0.009999-99.9-99.9-99.9-99.9 3.3 2111.1 74  8.5   2  1.213.0 3.9
5296620241129 20.7  7.2  0.009999-99.9-99.9-99.9-99.912.0 78 8.4 44  4.4   3  2.626.7 9.2
5296620241130 22.1  6.5  0.009999-99.9-99.9-99.9-99.912.6 81 7.9 42  3.4   3  2.427.7 9.4
5296620241201 17.2  5.9  0.009999-99.9-99.9-99.9-99.9 8.7 56 5.7 37 -1.0   2  1.821.6 7.4
5296620241202 20.3  6.7  0.009999-99.9-99.9-99.9-99.913.3 86 6.2 39  0.2   3  2.828.910.1
5296620241203 19.5  9.6  0.009999-99.9-99.9-99.9-99.9 5.1 32 8.4 50  4.4   3  2.816.0 7.6
5296620241204 20.6 12.0  5.519999-99.9-99.9-99.9-99.9 4.6 2910.3 60  7.3   1  1.015.2 4.8
5296620241205 14.1  5.7 15.519999-99.9-99.9-99.9-99.9-9.9 9910.1 98  7.1   0  0.1 4.4-9.9
5296620241206 17.9  4.7  0.009999-99.9-99.9-99.9-99.915.8 99 8.7 59  4.9   1  0.832.9-9.9
5296620241207 20.9  3.5  0.009999-99.9-99.9-99.9-99.912.1 77 7.5 40  2.8   2  1.627.2 7.6
5296620241208 20.6  3.5  0.009999-99.9-99.9-99.9-99.913.7 88 7.4 41  2.7   2  1.529.7 8.1
5296620241209 21.2  9.3  0.009999-99.9-99.9-99.9-99.910.5 67 7.2 40  2.2   3  2.624.7 9.5
5296620241210 21.6 11.3  0.009999-99.9-99.9-99.9-99.9 6.4 41 9.6 52  6.3   2  1.818.2 6.6
5296620241211 22.8  6.6  0.009999-99.9-99.9-99.9-99.915.5 98 9.1 48  5.5   3  2.332.610.2
5296620241212 23.0 12.0  0.009999-99.9-99.9-99.9-99.915.4 98 8.8 43  5.1   3  2.732.511.3
5296620241213 21.2 10.1  0.009999-99.9-99.9-99.9-99.913.5 86 7.6 43  3.1   4  2.929.511.0
5296620241214 23.3 12.4  0.009999-99.9-99.9-99.9-99.911.2 71 8.9 41  5.2   4  3.125.811.2
5296620241215 27.4  9.0  0.009999-99.9-99.9-99.9-99.915.3 9710.3 40  7.4   2  1.832.410.4
5296620241216 28.7  8.6  0.009999-99.9-99.9-99.9-99.913.2 8412.5 52 10.2   1  0.529.1 7.1
5296620241217 25.9 13.5  0.009999-99.9-99.9-99.9-99.9 8.7 5510.9 40  7.6   3  2.521.910.0
5296620241218 18.5 10.5  0.009999-99.9-99.9-99.9-99.915.3 97 5.9 41 -0.4   5  4.432.514.7
5296620241219 19.0 10.3  0.009999-99.9-99.9-99.9-99.910.9 69 6.4 41  0.6   3  2.725.4 9.8
5296620241220 19.3  8.7  0.009999-99.9-99.9-99.9-99.911.3 72 6.1 37  0.0   4  2.926.110.2
5296620241221 23.0  8.2  0.009999-99.9-99.9-99.9-99.915.0 95 7.6 41  2.9   3  2.631.911.1
5296620241222 24.0 13.4  0.009999-99.9-99.9-99.9-99.9 7.0 4410.7 61  7.9   3  2.519.3 8.1
5296620241223 23.3 13.7  0.009999-99.9-99.9-99.9-99.914.7 93 8.8 41  5.1   4  3.431.413.5
5296620241224 27.3 11.1  0.009999-99.9-99.9-99.9-99.915.0 95 9.6 41  6.2   2  1.931.910.5
5296620241225 28.7  7.5  0.009999-99.9-99.9-99.9-99.915.4 9811.9 54  9.4   1  0.632.6 7.7
5296620241226 26.0 13.6  0.009999-99.9-99.9-99.9-99.9 8.3 5310.0 43  6.6   3  2.421.310.0
5296620241227 23.2  5.9  0.009999-99.9-99.9-99.9-99.916.0 99 7.3 43  2.4   1  0.633.4-9.9
5296620241228 26.7  8.5  0.009999-99.9-99.9-99.9-99.913.0 82 9.5 44  6.1   1  0.428.7 6.7
5296620241229 28.2  7.9  0.009999-99.9-99.9-99.9-99.914.4 9210.5 43  7.5   1  0.731.0 7.8
5296620241230 21.3 13.3  0.219999-99.9-99.9-99.9-99.9 4.4 28 9.8 57  6.4   2  1.615.1 6.6
5296620241231 20.0 10.6  0.009999-99.9-99.9-99.9-99.9 0.2  1 9.5 55  6.1   3  2.8 8.4 6.0
5296620250101 24.1 12.0  0.009999-99.9-99.9-99.9-99.911.1 71 9.8 45  6.7   3  2.725.710.4
5296620250102 25.8 14.0  0.009999-99.9-99.9-99.9-99.912.6 8111.5 51  8.9   4  3.228.111.8
5296620250103 28.4  7.5  0.009999-99.9-99.9-99.9-99.914.4 9210.7 44  7.9   2  1.430.9 9.3
5296620250104 26.5  8.5  0.009999-99.9-99.9-99.9-99.910.1 6511.4 53  8.9   2  1.624.1 7.7
5296620250105 28.4  8.6  0.009999-99.9-99.9-99.9-99.915.6100 9.3 41  5.8   2  1.832.710.9
5296620250106 29.8 12.2  0.009999-99.9-99.9-99.9-99.912.3 7911.0 43  8.3   2  2.027.410.4
5296620250107 27.7 13.3  0.009999-99.9-99.9-99.9-99.915.4 9911.3 47  8.6   2  1.732.410.4
5296620250108 22.9 13.6  0.009999-99.9-99.9-99.9-99.913.4 86 9.2 43  5.3   3  2.729.111.5
5296620250109 23.5  5.7  0.009999-99.9-99.9-99.9-99.915.4100 7.3 38  2.5   2  1.532.3 8.8
5296620250110 25.1  3.9  0.009999-99.9-99.9-99.9-99.910.1 65 8.6 48  4.8   1  1.123.9 6.8
5296620250111 27.5 13.4  0.009999-99.9-99.9-99.9-99.911.0 7110.9 47  8.1   2  1.825.3 9.0
5296620250112 25.5 13.7  0.009999-99.9-99.9-99.9-99.913.7 89 9.2 40  5.2   5  4.329.415.5
5296620250113 20.5  8.0  0.009999-99.9-99.9-99.9-99.913.1 85 7.3 48  2.4   3  2.428.5 9.5
5296620250114 21.8  8.0  0.009999-99.9-99.9-99.9-99.914.8 97 7.8 43  3.3   3  2.531.110.3
5296620250115 21.2  9.8  0.009999-99.9-99.9-99.9-99.915.3100 7.2 36  2.2   4  3.631.713.4
5296620250116 21.1  5.7  0.009999-99.9-99.9-99.9-99.914.1 92 7.6 42  2.9   3  2.629.910.0
5296620250117 22.7 11.5  0.009999-99.9-99.9-99.9-99.914.5 95 8.6 42  4.7   4  3.230.411.9
5296620250118 25.1 12.1  0.009999-99.9-99.9-99.9-99.914.9 98 9.1 39  5.6   4  3.231.012.6
5296620250119 28.7  6.3  0.009999-99.9-99.9-99.9-99.913.3 88 9.4 46  6.0   2  1.228.5 8.3
5296620250120 23.6 14.3  0.009999-99.9-99.9-99.9-99.9 5.4 3510.5 52  7.6   1  1.116.0 5.9
5296620250121 24.2 13.2  0.009999-99.9-99.9-99.9-99.910.0 6610.6 52  7.8   3  2.123.2 8.6
5296620250122 19.1 11.9  0.219999-99.9-99.9-99.9-99.9 0.8  611.5 67  9.0   1  0.8 8.9 3.3
5296620250123 24.0 11.9  0.009999-99.9-99.9-99.9-99.912.3 82 9.5 44  6.1   3  2.326.7 9.3
5296620250124 22.1 12.5  0.009999-99.9-99.9-99.9-99.911.1 74 9.1 50  5.6   4  3.124.610.4
5296620250125 24.6 11.6  0.009999-99.9-99.9-99.9-99.9 4.9 3310.6 50  7.7   2  1.415.1 5.9
5296620250126 22.0 13.9  0.009999-99.9-99.9-99.9-99.9 3.3 2211.6 66  9.1   2  1.812.5 5.7
5296620250127 20.9  9.8  0.009999-99.9-99.9-99.9-99.913.7 92 7.7 41  3.2   4  3.228.510.6
5296620250128 24.4 13.0  0.009999-99.9-99.9-99.9-99.912.6 85 9.9 50  6.7   4  3.326.710.9
5296620250129 27.2 15.4  0.009999-99.9-99.9-99.9-99.9 9.8 6612.2 57  9.8   4  3.322.310.0
5296620250130 26.7 14.7  0.009999-99.9-99.9-99.9-99.913.6 9211.4 47  8.9   3  2.428.010.1
5296620250131 21.7 10.0  0.009999-99.9-99.9-99.9-99.914.4 98 7.7 42  3.2   3  2.629.210.4
5296620250201 20.9 10.2  0.009999-99.9-99.9-99.9-99.9 9.4 64 9.0 50  5.5   3  2.321.6 8.1
5296620250202 19.2 10.8  0.009999-99.9-99.9-99.9-99.914.2 97 7.7 48  3.2   4  3.128.610.3
5296620250203 20.2  8.5  0.009999-99.9-99.9-99.9-99.914.2 98 7.4 45  2.6   2  2.028.6 8.3
5296620250204 21.8  1.5  0.009999-99.9-99.9-99.9-99.914.3 99 7.0 44  1.9   2  2.028.6 8.0
5296620250205 22.6  9.5  2.519999-99.9-99.9-99.9-99.9 8.8 61 9.8 56  6.5   2  1.920.3 6.5
5296620250206 19.1  9.5  0.009999-99.9-99.9-99.9-99.914.1 98 6.2 36  0.2   4  3.328.111.0
5296620250207 13.9  7.6  7.219999-99.9-99.9-99.9-99.9 1.7 12 9.9 85  6.6   0  0.4 9.5 2.2
5296620250208 21.2  6.1  0.009999-99.9-99.9-99.9-99.913.5 94 8.2 49  4.0   2  1.926.9 7.7
5296620250209 15.6  9.9 18.019999-99.9-99.9-99.9-99.9-9.9 9911.0 90  8.3   0  0.2 3.6-9.9
5296620250210 18.5  6.9  0.009999-99.9-99.9-99.9-99.913.2 93 8.4 46  4.1   4  2.926.3 8.2
5296620250211 20.5  9.7  0.009999-99.9-99.9-99.9-99.913.6 96 7.6 46  3.0   3  2.726.8 9.1
5296620250212 22.8  9.6  0.009999-99.9-99.9-99.9-99.910.4 74 9.6 49  6.3   2  1.722.0 6.8
5296620250213 26.3  5.3  0.009999-99.9-99.9-99.9-99.911.6 8310.9 62  8.1   1  0.523.7 5.1
5296620250214 25.3  6.5  0.009999-99.9-99.9-99.9-99.913.4 9610.3 58  7.2   2  1.526.2 7.1
5296620250215 20.8 10.7  0.009999-99.9-99.9-99.9-99.9 4.8 34 7.9 45  3.6   4  3.013.5 8.8
5296620250216 20.8 12.2  0.009999-99.9-99.9-99.9-99.9 5.1 37 7.6 43  3.0   4  3.013.9 8.3
5296620250217 18.8  4.5  0.009999-99.9-99.9-99.9-99.9 3.1 22 9.6 63  6.3   2  1.911.0 4.0
5296620250218 21.7 14.5  0.009999-99.9-99.9-99.9-99.9 1.6 1211.5 55  9.0   4  3.3 8.8 7.0
5296620250219 24.7 15.5  0.009999-99.9-99.9-99.9-99.911.7 8511.8 51  9.4   4  3.523.110.2
5296620250220-99.9-99.9-99.999999-99.9-99.9-99.9-99.9-9.9 99-9.9-99-99.9 -99-99.9-9.9-9.9
5296620250221-99.9-99.9  0.819999-99.9-99.9-99.9-99.9-9.9 99-9.9 46-99.9 -99-99.9-9.9-9.9
5296620250222 21.8 14.2  0.009999-99.9-99.9-99.9-99.911.6 8610.4 45  7.3   4  3.422.610.5
5296620250223 22.2 12.0  0.009999-99.9-99.9-99.9-99.911.5 85 8.7 43  4.9   4  3.422.310.5
5296620250224 21.7 12.2  0.009999-99.9-99.9-99.9-99.9 6.1 45 8.0 39  3.7   6  4.914.612.7
5296620250225 19.8 10.1  0.009999-99.9-99.9-99.9-99.9 8.4 62 7.4 53  2.6   2  1.717.7 6.4
5296620250226 21.2  0.9  0.009999-99.9-99.9-99.9-99.911.5 86 7.6 58  2.7   1  0.421.8 3.8
5296620250227 22.1  1.8  0.009999-99.9-99.9-99.9-99.911.3 85 8.1 64  3.8   1  0.421.4 4.1
5296620250228 24.6  5.2  0.009999-99.9-99.9-99.9-99.9 9.3 70 8.7 56  4.9   2  1.318.6 4.8
5296620250301 22.3 12.9  0.009999-99.9-99.9-99.9-99.9 4.8 3710.9 62  8.2   2  1.312.4 4.3
5296620250302 19.9  8.0  0.009999-99.9-99.9-99.9-99.9 3.2 2511.0 76  8.2   2  1.410.1 3.0
5296620250303 19.5  9.4  1.019999-99.9-99.9-99.9-99.910.7 82 7.7 49  3.1   3  2.520.2 7.1
5296620250304 17.7  6.3  0.519999-99.9-99.9-99.9-99.9 4.5 35 9.4 73  5.9   2  1.811.8 3.8
5296620250305 15.9  9.2 14.019999-99.9-99.9-99.9-99.9 2.7 21 8.3 65  4.1   1  1.2 9.2 3.4
5296620250306 17.9  8.8  3.219999-99.9-99.9-99.9-99.9 2.6 2012.7 94 10.4   0  0.2 9.1 1.6
5296620250307 19.4  5.7  0.009999-99.9-99.9-99.9-99.9 8.8 69 9.1 55  5.5   2  1.517.1 4.5
5296620250308 18.2  5.9  0.009999-99.9-99.9-99.9-99.9 9.8 77 7.4 50  2.7   3  2.518.2 6.6
5296620250309 21.6  9.0  0.009999-99.9-99.9-99.9-99.9 9.6 75 9.7 54  6.5   4  3.217.8 7.3
5296620250310 18.3  8.3  0.009999-99.9-99.9-99.9-99.9 9.4 74 6.3 41  0.2   4  2.817.4 7.9
5296620250311 21.8  3.5  0.009999-99.9-99.9-99.9-99.9 9.7 77 8.1 67  3.8   1  0.517.7 3.4
5296620250312 20.7  1.9  0.009999-99.9-99.9-99.9-99.9 9.5 75 9.3 74  5.7   1  0.417.3 2.8
5296620250313 21.2 10.2  0.009999-99.9-99.9-99.9-99.910.0 80 8.9 46  5.1   3  2.617.9 7.7
5296620250314 20.6  3.1  0.009999-99.9-99.9-99.9-99.9 9.9 80 8.8 73  4.9   0  0.417.5 3.0
5296620250315 22.1  3.2  0.009999-99.9-99.9-99.9-99.9 6.4 5210.5 69  7.5   1  1.013.1 2.6
5296620250316 21.2 10.7  0.009999-99.9-99.9-99.9-99.9 5.6 4511.9 64  9.6   2  1.511.9 3.9
5296620250317 21.1 11.1  0.009999-99.9-99.9-99.9-99.9 9.1 74 8.9 50  4.7   4  3.216.2 8.2
5296620250318 22.6  1.8  0.009999-99.9-99.9-99.9-99.9 6.7 55 7.8 55  3.2   1  1.213.1 3.5
5296620250319 25.0 14.5  0.009999-99.9-99.9-99.9-99.9 9.5 7810.5 42  7.6   5  4.316.411.5
5296620250320 23.6 15.6  0.009999-99.9-99.9-99.9-99.9 9.5 7810.1 47  7.0   3  2.716.2 7.7
5296620250321 18.1  7.0  0.009999-99.9-99.9-99.9-99.9 5.8 48 7.3 52  2.5   2  1.411.6 4.4
5296620250322 18.5  5.0  0.009999-99.9-99.9-99.9-99.9 9.5 79 7.5 64  2.8   0  0.415.9 2.6
5296620250323 21.7  0.8  0.009999-99.9-99.9-99.9-99.9 8.8 74 7.9 67  3.5   1  0.515.0 2.3
5296620250324 22.9  3.8  0.009999-99.9-99.9-99.9-99.9 6.4 5411.1 76  8.3   0  0.212.0 1.9
5296620250325 25.9  7.1  0.009999-99.9-99.9-99.9-99.9 8.7 7312.9 79 10.6   0  0.214.5 2.4
5296620250326 26.9  6.0  0.009999-99.9-99.9-99.9-99.9 8.3 7111.4 71  8.7   2  1.414.0 3.3
5296620250327 21.2 12.6  0.009999-99.9-99.9-99.9-99.9 9.1 77 9.2 49  5.7   3  2.214.7 6.2
5296620250328 19.4  8.7  0.009999-99.9-99.9-99.9-99.9 4.4 38 8.4 56  4.5   2  1.6 9.3 3.9
5296620250329 18.1  7.5 13.819999-99.9-99.9-99.9-99.9 0.1  011.2 92  8.5   0  0.3 4.3 1.1
5296620250330 16.1  3.8  0.009999-99.9-99.9-99.9-99.9 7.8 67 8.1 64  3.7   3  2.212.8 3.5
5296620250331 15.6  9.0  0.009999-99.9-99.9-99.9-99.9 3.0 26 7.5 57  2.8   3  2.2 7.4 4.5
5296620250401 17.8  8.5  4.519999-99.9-99.9-99.9-99.9 5.7 50 8.5 64  4.5   3  2.610.3 5.1
5296620250402 15.6  3.0  0.009999-99.9-99.9-99.9-99.9 6.4 56 6.5 59  0.7   2  1.411.0 2.7
5296620250403 14.4 -2.3  0.009999-99.9-99.9-99.9-99.9 8.9 78 5.3 67 -1.9   0  0.213.5 1.5
5296620250404 14.7 -2.1  0.009999-99.9-99.9-99.9-99.9 7.6 67 6.0 74 -0.3   0  0.212.0 1.3
5296620250405 18.0  0.2  0.009999-99.9-99.9-99.9-99.9 6.1 54 8.3 82  4.0   0  0.210.3 1.1
5296620250406 20.7  0.8  0.009999-99.9-99.9-99.9-99.9 6.5 58 9.1 81  5.4   0  0.210.7 1.3
5296620250407 21.9  6.2  0.009999-99.9-99.9-99.9-99.9 6.8 61 8.6 49  4.6   2  1.810.8 4.4
5296620250408 18.8  1.5  0.009999-99.9-99.9-99.9-99.9 6.2 56 8.4 73  4.4   0  0.210.1 1.5
5296620250409 19.9  4.7  0.219999-99.9-99.9-99.9-99.9 2.5 23 9.6 73  6.4   0  0.2 6.2 1.2
5296620250410 11.7  7.5 17.819999-99.9-99.9-99.9-99.9-9.9 9911.8 99  9.3   0  0.0 0.6-9.9
5296620250411 13.0  4.6  0.219999-99.9-99.9-99.9-99.9 2.6 2410.9 86  8.1   1  0.5 6.2 1.0
5296620250412 15.8  8.3  0.009999-99.9-99.9-99.9-99.9 0.7  710.0 66  7.0   2  1.6 4.2 2.7
5296620250413 13.2  8.1 13.219999-99.9-99.9-99.9-99.9-9.9 9910.8 95  8.1   0  0.4 1.8-9.9
5296620250414-99.9-99.9-99.999999-99.9-99.9-99.9-99.9-9.9 99-9.9-99-99.9 -99-99.9-9.9-9.9
5296620250415-99.9-99.9  0.519999-99.9-99.9-99.9-99.9-9.9 99-9.9 87-99.9 -99-99.9-9.9-9.9
5296620250416 16.6  6.7  0.009999-99.9-99.9-99.9-99.9 5.2 4910.3 75  7.3   1  0.7 8.3 1.3
5296620250417 15.6  2.9  0.009999-99.9-99.9-99.9-99.9 5.5 52 9.0 76  5.3   1  0.8 8.5 1.2
5296620250418 16.2  0.9  0.009999-99.9-99.9-99.9-99.9 7.6 72 7.9 72  3.4   1  1.010.3 1.6
5296620250419 14.3  1.2  0.009999-99.9-99.9-99.9-99.9 5.5 52 8.2 87  4.0   0  0.2 8.2 0.8
5296620250420 13.3  3.2  0.009999-99.9-99.9-99.9-99.9 1.1 10 9.9 94  6.6   0  0.1 4.1 0.5
5296620250421 16.2  2.6  0.009999-99.9-99.9-99.9-99.9 7.4 72 7.1 70  2.0   1  1.0 9.8 1.9
5296620250422 13.8  1.8  0.009999-99.9-99.9-99.9-99.9 3.0 29 8.3 84  4.3   0  0.2 5.7 0.7
5296620250423 18.1  2.5  0.009999-99.9-99.9-99.9-99.9 6.6 64 8.7 61  4.9   2  1.5 8.8 1.9
5296620250424 17.8  5.8  5.519999-99.9-99.9-99.9-99.9 2.0 19 9.9 74  6.8   0  0.4 4.7 1.0
5296620250425 13.6  6.7  0.219999-99.9-99.9-99.9-99.9 7.5 73 6.6 48  0.6   4  3.1 9.4 4.6
5296620250426 14.6  8.0  0.009999-99.9-99.9-99.9-99.9 1.6 15 6.3 45  0.3   4  3.3 4.2 6.0
5296620250427 18.1 11.1  0.009999-99.9-99.9-99.9-99.9 4.3 43 8.1 51  3.9   5  3.9 6.5 6.9
5296620250428 18.2  7.7  0.009999-99.9-99.9-99.9-99.9 7.1 70 8.7 56  4.9   4  3.3 8.7 5.2
5296620250429 19.3  7.4  0.009999-99.9-99.9-99.9-99.9 5.1 51 9.7 65  6.5   1  1.2 7.0 2.2
5296620250430 18.2  3.6  0.009999-99.9-99.9-99.9-99.9 5.2 52 9.3 80  5.8   0  0.2 7.0 0.7
5296620250501 14.3  3.3  0.009999-99.9-99.9-99.9-99.9 3.2 32 9.3 90  5.9   0  0.2 5.2 0.6
5296620250502 16.0  3.2  0.009999-99.9-99.9-99.9-99.9 2.6 26 9.2 75  5.7   1  0.9 4.7 1.1
5296620250503 12.9  1.9  0.009999-99.9-99.9-99.9-99.9 4.4 45 5.8 61 -0.8   1  1.1 6.1 2.0
5296620250504 12.3 -2.7  0.009999-99.9-99.9-99.9-99.9 4.5 46 5.6 73 -1.2   1  0.4 6.1 0.6
5296620250505 13.1 -0.2  0.009999-99.9-99.9-99.9-99.9 0.9  9 8.2 87  4.0   0  0.1 3.2 0.4
5296620250506 12.8  3.1 10.219999-99.9-99.9-99.9-99.9 4.6 48 8.0 77  3.7   1  1.0 6.1 1.1
5296620250507 11.0  0.1  3.519999-99.9-99.9-99.9-99.9 2.2 23 8.4 92  4.4   0  0.2 4.1 0.3
5296620250508  9.0  0.5  0.009999-99.9-99.9-99.9-99.9 1.8 19 8.1 91  3.9   0  0.1 3.8 0.3
5296620250509 12.0  1.1  0.009999-99.9-99.9-99.9-99.9 0.4  4 7.2 63  2.3   1  1.2 2.7 1.5
5296620250510 19.9  1.7  0.009999-99.9-99.9-99.9-99.9 6.3 66 8.3 63  4.2   2  1.8 7.1 1.6
5296620250511 15.5  4.7  0.009999-99.9-99.9-99.9-99.9 1.3 14 8.0 69  3.6   1  0.6 3.3 1.5
5296620250512 18.3  1.8  0.009999-99.9-99.9-99.9-99.9 4.4 47 8.0 68  3.4   2  1.2 5.5 1.3
5296620250513 16.0  0.0  0.519999-99.9-99.9-99.9-99.9 5.3 56 7.1 69  1.8   1  1.1 6.1 1.0
5296620250514 14.9  6.7  1.219999-99.9-99.9-99.9-99.9 5.1 54 6.7 48  1.0   4  3.3 5.9 4.9
5296620250515 15.1  4.1  0.009999-99.9-99.9-99.9-99.9 6.2 67 6.5 56  0.7   3  2.2 6.6 3.7
5296620250516  9.3 -0.8 11.019999-99.9-99.9-99.9-99.9-9.9 99 7.3 88  2.2   0  0.2 1.7-9.9
5296620250517  6.2  0.5  1.519999-99.9-99.9-99.9-99.9-9.9 99 7.4 96  2.6   0  0.3 1.7-9.9
5296620250518  9.8 -2.5  0.009999-99.9-99.9-99.9-99.9 5.4 59 5.3 64 -2.0   2  1.5 5.9 1.4
5296620250519 11.4 -0.1  0.009999-99.9-99.9-99.9-99.9 7.1 78 5.8 67 -0.8   1  1.0 7.0 1.1
5296620250520  7.2 -2.0  0.009999-99.9-99.9-99.9-99.9 1.2 13 5.6 74 -1.3   0  0.3 2.8 0.5
5296620250521  7.8  0.1  0.009999-99.9-99.9-99.9-99.9 4.4 48 5.5 74 -1.5   0  0.3 5.0 0.5
5296620250522 12.2 -2.0  0.009999-99.9-99.9-99.9-99.9 5.3 58 6.8 86  1.4   0  0.2 5.5 0.1
5296620250523 13.8  0.8  0.009999-99.9-99.9-99.9-99.9 5.7 64 7.1 72  2.0   2  1.3 5.8 0.9
5296620250524 13.4  0.9  0.009999-99.9-99.9-99.9-99.9 3.4 38 7.6 77  2.9   1  0.6 4.2 0.7
5296620250525 11.5  2.9  0.009999-99.9-99.9-99.9-99.9-9.9 99 8.6 85  4.8   0  0.0 1.2-9.9
5296620250526  8.4  3.6  4.819999-99.9-99.9-99.9-99.9-9.9 99 8.3 87  4.2   0  0.2 1.6-9.9
5296620250527  9.0  0.7  0.219999-99.9-99.9-99.9-99.9 4.3 49 7.4 92  2.6   0  0.1 4.7 0.1
5296620250528 17.2  0.9  0.009999-99.9-99.9-99.9-99.9 5.4 61 7.2 60  2.2   3  2.4 5.3 2.4
5296620250529 14.4  2.0  0.009999-99.9-99.9-99.9-99.9 3.3 37 7.2 68  2.2   2  1.8 3.9 2.4
5296620250530 13.3  2.4  0.009999-99.9-99.9-99.9-99.9 6.2 71 5.9 49 -0.4   3  2.7 5.8 3.8
5296620250531 12.3  6.5  0.519999-99.9-99.9-99.9-99.9 4.3 49 6.0 55 -0.4   3  2.4 4.5 3.8
5296620250601 14.1  2.7  0.819999-99.9-99.9-99.9-99.9 2.5 29 7.8 73  2.9   1  1.0 3.4 0.9
5296620250602 11.2 -1.2  0.009999-99.9-99.9-99.9-99.9 3.0 34 5.8 76 -0.8   1  0.5 3.6 0.7
5296620250603 13.8 -2.7  0.009999-99.9-99.9-99.9-99.9 4.8 55 5.8 67 -0.9   2  1.6 4.7 1.3
5296620250604 10.9  1.9  0.009999-99.9-99.9-99.9-99.9 3.5 40 5.6 54 -1.2   3  2.3 3.9 3.2
5296620250605 14.0  6.3  0.009999-99.9-99.9-99.9-99.9 3.2 37 7.7 59  3.2   4  3.2 3.7 4.0
5296620250606 13.3  1.0  0.009999-99.9-99.9-99.9-99.9 4.9 56 7.7 82  3.1   1  0.4 4.7 0.6
5296620250607  9.4 -0.3  0.009999-99.9-99.9-99.9-99.9 1.4 16 7.5 96  2.7   0  0.1 2.6 0.1
5296620250608 10.0 -1.2  0.009999-99.9-99.9-99.9-99.9 2.9 34 7.5 95  2.5   0  0.1 3.4 0.0
5296620250609 12.2  1.9  0.009999-99.9-99.9-99.9-99.9 3.2 38 8.2 91  4.0   0  0.1 3.6 0.1
5296620250610 10.2  3.3  0.009999-99.9-99.9-99.9-99.9 0.3  4 8.9 92  5.2   0  0.0 1.9 0.2
5296620250611  9.9  3.3  0.219999-99.9-99.9-99.9-99.9 0.3  4 8.0 86  3.7   0  0.1 1.9 0.3
5296620250612  7.9  2.2  1.019999-99.9-99.9-99.9-99.9-9.9 99 8.4 94  4.4   0  0.3 0.5-9.9
5296620250613 11.7  1.3  0.009999-99.9-99.9-99.9-99.9 5.4 63 7.0 67  1.8   2  1.5 4.9 1.3
5296620250614  9.2  2.1 10.219999-99.9-99.9-99.9-99.9-9.9 99 8.0 88  3.6   0  0.4 1.2-9.9
5296620250615  6.8  3.3  1.019999-99.9-99.9-99.9-99.9-9.9 99 8.4100  4.4   0  0.1 1.3-9.9
5296620250616  8.9 -1.2  0.009999-99.9-99.9-99.9-99.9-9.9 99 6.8 92  1.3   0  0.1 1.6-9.9
5296620250617 10.8 -1.1  0.009999-99.9-99.9-99.9-99.9 5.0 59 6.1 59 -0.0   2  1.6 4.6 1.4
5296620250618 11.3  1.1  0.519999-99.9-99.9-99.9-99.9 1.3 15 7.5 75  2.8   1  0.8 2.4 0.7
5296620250619 14.0  4.5  0.009999-99.9-99.9-99.9-99.9 2.0 24 8.1 71  3.9   1  1.1 2.8 1.3
5296620250620  9.6  4.3  0.009999-99.9-99.9-99.9-99.9 2.4 28 6.2 62  0.2   2  1.8 3.0 2.1
5296620250621 16.0  3.9  0.009999-99.9-99.9-99.9-99.9 5.7 67 6.5 49  0.5   3  2.1 4.9 2.9
5296620250622 10.4 -1.6  0.009999-99.9-99.9-99.9-99.9 5.2 61 4.6 55 -4.0   2  1.6 4.6 2.1
5296620250623 15.8  3.4  0.009999-99.9-99.9-99.9-99.9 4.6 54 6.3 46  0.2   5  4.2 4.3 5.8
5296620250624 11.5  1.0  0.009999-99.9-99.9-99.9-99.9 4.5 53 5.9 57 -0.9   2  1.9 4.3 2.6
5296620250625  7.7 -1.5  0.009999-99.9-99.9-99.9-99.9 1.0 12 4.8 59 -3.6   3  2.0 2.2 2.1
5296620250626  8.6 -1.0  0.009999-99.9-99.9-99.9-99.9 5.4 63 3.7 48 -6.8   1  1.0 4.8 1.6
5296620250627  6.6 -3.2  0.009999-99.9-99.9-99.9-99.9 2.3 27 4.2 66 -5.0   0  0.4 3.0 0.6
5296620250628  5.6 -4.0  0.009999-99.9-99.9-99.9-99.9 5.2 61 3.6 61 -7.2   1  0.6 4.7 0.8
5296620250629  5.9 -7.2  0.009999-99.9-99.9-99.9-99.9 5.6 65 3.0 57 -9.6   0  0.3 4.9 0.6
5296620250630  4.9 -7.9  0.009999-99.9-99.9-99.9-99.9 2.9 34 3.7 70 -7.3   0  0.1 3.4 0.2
5296620250701  7.5 -5.0  0.009999-99.9-99.9-99.9-99.9 4.9 57 5.1 83 -2.8   0  0.1 4.6 0.2
5296620250702 10.8 -1.7  0.009999-99.9-99.9-99.9-99.9 1.0 11 7.1 94  1.9   0  0.0 2.2 0.1
5296620250703 11.8  0.0  0.009999-99.9-99.9-99.9-99.9 5.3 62 5.7 54 -1.1   1  1.2 4.9 1.5
5296620250704  8.6 -4.1  0.009999-99.9-99.9-99.9-99.9 5.3 61 5.3 83 -2.2   0  0.1 4.9 0.2
5296620250705  5.7 -3.1  0.009999-99.9-99.9-99.9-99.9 1.9 22 5.8 86 -0.8   0  0.1 2.9 0.1
5296620250706  7.9 -2.3  0.009999-99.9-99.9-99.9-99.9 2.3 26 6.0 93 -0.4   0  0.1 3.1 0.1
5296620250707  6.0 -3.0  0.009999-99.9-99.9-99.9-99.9 1.5 17 6.5 90  0.7   0  0.2 2.6 0.0
5296620250708 11.3  0.8  0.009999-99.9-99.9-99.9-99.9 5.2 60 5.9 56 -0.5   3  2.3 4.9 2.8
5296620250709 13.3  1.5  0.009999-99.9-99.9-99.9-99.9 5.7 65 7.3 63  2.4   2  1.8 5.3 2.0
5296620250710 17.4  3.7  1.819999-99.9-99.9-99.9-99.9 2.8 32 8.1 60  3.8   5  4.2 3.5 5.5
5296620250711 13.7  1.8  2.519999-99.9-99.9-99.9-99.9 3.4 38 7.5 69  2.3   1  0.8 3.9 0.9
5296620250712 13.9  5.4  0.219999-99.9-99.9-99.9-99.9 3.4 3910.2 84  7.2   1  1.0 3.9 0.5
5296620250713 14.7  5.7  0.009999-99.9-99.9-99.9-99.9-9.9 99 7.9 81  3.4   1  0.7 1.7-9.9
5296620250714 11.9  2.1  0.009999-99.9-99.9-99.9-99.9 2.0 22 8.3 93  4.1   0  0.1 3.1 0.1
5296620250715 12.3  0.8  0.009999-99.9-99.9-99.9-99.9 4.9 56 6.5 60  0.8   2  1.4 5.0 1.4
5296620250716 17.0  5.1  0.009999-99.9-99.9-99.9-99.9 4.2 47 7.5 54  2.8   4  3.5 4.5 4.8
5296620250717 13.1  6.0  4.519999-99.9-99.9-99.9-99.9 0.0  010.0 97  7.0   1  0.5 1.9 0.6
5296620250718 13.5  5.5  7.819999-99.9-99.9-99.9-99.9 1.3 15 9.5 79  5.8   3  2.0 2.8 1.7
5296620250719 10.4  1.4  0.009999-99.9-99.9-99.9-99.9 3.8 42 6.0 69 -0.2   3  2.1 4.4 2.4
5296620250720  9.2 -1.5  0.009999-99.9-99.9-99.9-99.9 6.0 66 5.1 63 -2.5   2  1.3 5.9 1.5
5296620250721  9.0 -5.4  0.009999-99.9-99.9-99.9-99.9 6.1 67 4.7 74 -3.6   1  0.5 6.0 0.4
5296620250722  9.0 -4.3  0.009999-99.9-99.9-99.9-99.9 5.1 56 5.1 77 -2.6   1  0.6 5.5 0.6
5296620250723  6.4 -3.8  0.009999-99.9-99.9-99.9-99.9 2.4 27 5.0 81 -2.9   0  0.1 3.7 0.2
5296620250724  5.0 -1.6  1.219999-99.9-99.9-99.9-99.9-9.9 99 6.9 99  1.5   0  0.2 0.7-9.9
5296620250725  3.5 -3.1  0.009999-99.9-99.9-99.9-99.9 6.8 74 3.9 66 -6.3   1  0.7 6.8 0.8
5296620250726  3.9 -7.5  0.009999-99.9-99.9-99.9-99.9 6.5 70 3.4 65 -7.8   0  0.3 6.6 0.4
5296620250727  4.4 -1.8  0.009999-99.9-99.9-99.9-99.9-9.9 99 5.2 75 -2.4   0  0.4 2.1-9.9
5296620250728  4.1  1.1  1.519999-99.9-99.9-99.9-99.9-9.9 99 6.5 93  0.9   0  0.2 1.3-9.9
5296620250729  8.6 -0.8  6.219999-99.9-99.9-99.9-99.9 1.5 16 7.6 98  2.9   0  0.1 3.2 0.2
5296620250730  9.5  2.6  0.519999-99.9-99.9-99.9-99.9 0.8  9 8.4100  4.3   0  0.1 2.8 0.2
5296620250731  8.5 -0.6  2.519999-99.9-99.9-99.9-99.9-9.9 99 8.2100  3.9   0  0.0 1.8-9.9
5296620250801  9.6  3.4  0.519999-99.9-99.9-99.9-99.9-9.9 99 9.2 98  5.7   0  0.2 2.3-9.9
5296620250802  8.2  1.5  4.219999-99.9-99.9-99.9-99.9-9.9 99 8.3 95  4.2   0  0.2 2.2-9.9
5296620250803  8.7  2.2  0.009999-99.9-99.9-99.9-99.9 2.6 28 7.9 97  3.5   0  0.2 4.3 0.2
5296620250804  8.7 -1.3  0.009999-99.9-99.9-99.9-99.9 5.1 54 6.8 85  1.4   1  0.4 6.3 0.3
5296620250805  8.2 -1.5  0.009999-99.9-99.9-99.9-99.9 1.7 18 7.3 93  2.2   0  0.1 3.7 0.3
5296620250806 15.1 -1.6  0.009999-99.9-99.9-99.9-99.9 7.1 74 6.9 75  1.4   1  0.6 8.0 0.5
5296620250807 13.9 -1.4  0.009999-99.9-99.9-99.9-99.9 7.1 73 6.6 78  0.9   0  0.3 8.0 0.5
5296620250808 10.3 -2.4  0.009999-99.9-99.9-99.9-99.9 6.1 62 6.4 87  0.4   0  0.2 7.3 0.3
5296620250809  7.3 -1.6  0.009999-99.9-99.9-99.9-99.9 1.5 15 7.2 94  2.1   0  0.2 3.8 0.3
5296620250810  9.9 -0.4  0.519999-99.9-99.9-99.9-99.9-9.9 99 7.2 92  2.2   0  0.1 2.4-9.9
5296620250811  7.0 -0.6  0.519999-99.9-99.9-99.9-99.9-9.9 99 7.8 98  3.2   0  0.0 1.8-9.9
5296620250812 13.3  1.9  0.009999-99.9-99.9-99.9-99.9 4.4 44 8.6 92  4.6   0  0.2 6.3 0.4
5296620250813 12.5 -2.2  0.009999-99.9-99.9-99.9-99.9 7.6 76 6.9 89  1.5   0  0.3 9.0 0.4
5296620250814 14.4 -3.2  0.009999-99.9-99.9-99.9-99.9 7.6 75 6.6 76  0.7   0  0.3 9.1 0.4
5296620250815 11.0  2.1  0.009999-99.9-99.9-99.9-99.9 5.3 53 7.6 84  3.1   0  0.3 7.3 0.8
5296620250816 16.7 -2.1  0.009999-99.9-99.9-99.9-99.9 7.3 72 7.2 79  2.0   1  0.5 9.1 0.7
5296620250817 13.1  2.4  0.009999-99.9-99.9-99.9-99.9 3.1 30 7.8 85  3.4   0  0.2 5.5 0.7
5296620250818 12.4 -0.7  0.009999-99.9-99.9-99.9-99.9 5.9 58 8.0 90  3.5   0  0.4 8.1 0.5
5296620250819 13.5  3.8  0.009999-99.9-99.9-99.9-99.9 4.6 45 7.6 65  2.9   2  1.5 7.0 2.1
5296620250820 15.0 -1.6  0.009999-99.9-99.9-99.9-99.9 5.6 54 6.3 71  0.2   2  1.5 8.0 2.1
5296620250821 10.4  0.0  0.009999-99.9-99.9-99.9-99.9 4.8 47 6.2 72  0.0   1  0.7 7.4 1.0
5296620250822 10.5 -0.7  0.009999-99.9-99.9-99.9-99.9 6.2 60 4.8 52 -3.2   2  1.9 8.7 2.7
5296620250823 14.6  4.3  3.819999-99.9-99.9-99.9-99.9 1.7 16 7.1 52  2.0   4  3.0 4.7 4.4
5296620250824 14.6  7.5  0.009999-99.9-99.9-99.9-99.9 8.9 84 7.0 50  1.8   4  3.111.4 4.9
5296620250825 14.4  4.4  0.009999-99.9-99.9-99.9-99.9 5.1 49 7.3 63  2.3   2  1.9 8.0 3.2
5296620250826 17.1  3.2  0.009999-99.9-99.9-99.9-99.9 5.9 55 7.8 61  3.2   2  1.5 8.8 2.9
5296620250827 15.6  7.1  0.009999-99.9-99.9-99.9-99.9 1.5 14 8.5 66  4.7   1  1.2 4.8 2.4
5296620250828 11.7  3.5  1.819999-99.9-99.9-99.9-99.9 1.0  9 9.1 91  5.6   0  0.2 4.3 0.7
5296620250829 13.7 -0.1  0.009999-99.9-99.9-99.9-99.9 8.7 81 7.1 75  1.8   0  0.411.9 1.3
5296620250830 15.5 -1.6  0.009999-99.9-99.9-99.9-99.9 9.4 86 5.0 54 -2.8   0  0.412.6 1.5
5296620250831 10.9  2.3  0.009999-99.9-99.9-99.9-99.9 2.7 25 5.9 69 -0.4   0  0.3 6.2 1.3
5296620250901 13.9 -1.4  0.009999-99.9-99.9-99.9-99.9 9.1 83 5.6 61 -1.5   2  1.512.6 2.5
5296620250902 11.8  2.8  0.009999-99.9-99.9-99.9-99.9 9.7 88 4.9 46 -3.1   3  2.613.4 4.6
5296620250903 10.8  0.3  0.009999-99.9-99.9-99.9-99.9 8.1 73 4.2 49 -5.3   2  1.311.8 2.7
5296620250904 16.2 -3.3  0.009999-99.9-99.9-99.9-99.9 9.2 83 5.0 62 -2.9   1  0.813.1 1.9
5296620250905 15.1 -2.5  0.009999-99.9-99.9-99.9-99.9 8.8 79 6.1 68 -0.3   1  0.412.8 1.4
5296620250906 15.7 -1.5  0.009999-99.9-99.9-99.9-99.9 8.9 79 6.8 73  1.2   1  0.413.1 1.5
5296620250907 19.4 -1.5  0.009999-99.9-99.9-99.9-99.9 8.6 76 6.9 66  1.4   2  1.212.9 2.2
5296620250908 16.9  4.1  0.009999-99.9-99.9-99.9-99.9 7.6 67 6.9 53  1.7   1  1.012.0 2.9
5296620250909 15.5  4.7  1.519999-99.9-99.9-99.9-99.9 4.1 36 8.9 74  5.2   1  0.5 8.4 1.6
5296620250910 18.6  2.0  0.219999-99.9-99.9-99.9-99.9 8.8 77 7.9 62  3.5   3  2.113.6 3.6
5296620250911 16.9  2.2  0.009999-99.9-99.9-99.9-99.9 5.7 50 7.2 70  2.3   1  0.510.3 1.9
5296620250912 16.8  2.5  0.009999-99.9-99.9-99.9-99.9 2.0 17 7.0 58  1.8   1  0.4 6.3 1.6
5296620250913 15.7  1.1  0.009999-99.9-99.9-99.9-99.9 9.0 78 7.1 58  2.0   3  2.214.2 4.0
5296620250914 18.2  5.0  0.009999-99.9-99.9-99.9-99.9 8.7 75 7.3 52  2.4   2  1.813.9 4.0
5296620250915 15.3  6.7  0.009999-99.9-99.9-99.9-99.9 7.1 61 8.2 63  4.0   3  2.512.3 4.5
5296620250916 15.8  1.1  0.009999-99.9-99.9-99.9-99.9 9.8 83 6.0 52 -0.6   2  1.815.4 4.4
5296620250917 13.5  3.0  1.519999-99.9-99.9-99.9-99.9 3.9 33 7.5 72  2.7   1  0.6 8.9 1.8
5296620250918 12.7  5.1  0.519999-99.9-99.9-99.9-99.9 3.8 32 9.1 88  5.5   1  0.5 8.8 1.4
5296620250919 18.8  1.0  0.009999-99.9-99.9-99.9-99.9 9.6 80 7.8 70  3.3   1  0.815.6 2.5
5296620250920 14.3  1.8  0.009999-99.9-99.9-99.9-99.9 2.1 17 8.5 83  4.4   0  0.3 7.0 1.2
5296620250921 15.6  1.5  0.009999-99.9-99.9-99.9-99.9 7.5 62 6.9 55  1.4   3  2.313.4 4.5
5296620250922 15.8  6.9  0.009999-99.9-99.9-99.9-99.910.2 85 5.1 40 -2.6   3  2.516.8 6.4
5296620250923 14.3 -0.2  0.009999-99.9-99.9-99.9-99.9 9.2 75 5.1 55 -2.6   1  0.615.7 2.7
5296620250924 14.6  3.2  0.009999-99.9-99.9-99.9-99.9 3.2 26 6.5 58  0.8   0  0.3 8.6 1.8
5296620250925 20.9  2.6  0.009999-99.9-99.9-99.9-99.9 9.2 75 8.1 66  3.9   1  0.516.0 2.7
5296620250926 18.4  4.4  0.009999-99.9-99.9-99.9-99.9 8.2 67 7.4 58  2.5   2  1.914.9 4.5
5296620250927 17.7  5.1  0.819999-99.9-99.9-99.9-99.9 6.1 49 8.4 55  4.3   3  2.312.4 4.7
5296620250928 13.7  4.5  0.009999-99.9-99.9-99.9-99.9 6.4 51 6.9 67  1.6   4  3.412.9 5.3
5296620250929 11.5  5.5  0.819999-99.9-99.9-99.9-99.9 2.3 18 7.7 72  3.2   4  3.0 7.9 3.9
5296620250930 16.9  2.4  0.009999-99.9-99.9-99.9-99.9 9.9 79 7.0 54  1.8   4  3.117.6 6.0
5296620251001 18.1  9.0  0.009999-99.9-99.9-99.9-99.9 9.5 76 7.1 45  2.1   8  6.717.214.1
5296620251002 18.1  6.6 17.019999-99.9-99.9-99.9-99.9 9.6 76 8.4 60  4.3   5  3.917.4 8.3
5296620251003 10.3  0.5  6.819999-99.9-99.9-99.9-99.9 2.7 21 7.7 89  3.1   1  0.5 8.8 1.4
5296620251004 14.9  2.3  0.009999-99.9-99.9-99.9-99.9 9.2 72 7.1 65  1.9   1  0.717.2 2.9
5296620251005 13.3 -1.8  0.009999-99.9-99.9-99.9-99.9 9.7 76 5.4 53 -1.8   3  2.117.9 4.4
5296620251006 17.7  5.3  0.009999-99.9-99.9-99.9-99.9 7.2 56 6.8 47  1.5   4  3.214.8 6.8
5296620251007 19.0  8.1  1.819999-99.9-99.9-99.9-99.910.7 83 7.4 50  2.7   5  3.719.5 8.6
5296620251008 16.1  6.2  6.019999-99.9-99.9-99.9-99.9-9.9 99 9.0 80  5.3   4  3.5 2.5-9.9
5296620251009 14.2  4.0  0.009999-99.9-99.9-99.9-99.910.5 81 6.6 52  0.8   4  3.219.5 6.2
5296620251010 16.1  5.1  0.009999-99.9-99.9-99.9-99.911.0 84 5.4 38 -1.8   3  2.220.3 6.6
5296620251011 17.0 -0.3  0.009999-99.9-99.9-99.9-99.9 6.4 49 6.6 49  0.9   3  2.714.3 5.4
5296620251012 18.4  9.9  0.009999-99.9-99.9-99.9-99.9 8.8 67 7.8 50  3.3   3  2.517.7 6.6
5296620251013 17.2  3.7  0.009999-99.9-99.9-99.9-99.911.0 83 6.7 49  1.2   4  2.920.7 7.1
5296620251014 15.8  3.2  0.009999-99.9-99.9-99.9-99.9 8.1 61 7.4 60  2.7   2  1.717.0 4.6
5296620251015 16.2  3.1  0.519999-99.9-99.9-99.9-99.911.4 85 6.7 52  1.2   3  2.421.5 6.2
5296620251016 14.7  4.3  0.009999-99.9-99.9-99.9-99.911.8 88 6.5 48  0.7   3  2.622.2 6.5
5296620251017 15.0  0.0  0.009999-99.9-99.9-99.9-99.9 2.3 17 5.8 47 -0.8   2  1.8 9.3 4.1
5296620251018 25.0  5.4  0.009999-99.9-99.9-99.9-99.911.6 86 7.8 47  3.3   2  1.322.2 5.8
5296620251019 20.8  4.0  0.009999-99.9-99.9-99.9-99.910.5 77 7.9 56  3.4   2  1.720.8 5.9
5296620251020 17.9  8.0  0.009999-99.9-99.9-99.9-99.912.1 89 7.4 48  2.4   3  2.523.2 7.4
5296620251021 17.4  3.1  0.009999-99.9-99.9-99.9-99.911.8 86 6.2 43  0.0   2  1.622.9 5.8
5296620251022 18.8  2.3  0.009999-99.9-99.9-99.9-99.910.2 74 7.7 52  3.1   3  2.220.7 6.0
5296620251023 17.6  4.2  0.009999-99.9-99.9-99.9-99.913.3 97 6.6 51  0.9   2  1.925.3 6.6
5296620251024 15.0  4.4  0.009999-99.9-99.9-99.9-99.911.6 84 5.9 42 -0.6   4  2.823.0 7.4
5296620251025 15.4  1.4  0.009999-99.9-99.9-99.9-99.913.4 96 4.9 41 -2.9   2  2.025.7 7.0
5296620251026 14.6 -0.9  0.009999-99.9-99.9-99.9-99.910.5 76 5.7 49 -1.2   1  0.621.7 3.8
5296620251027 19.0 -2.6  0.009999-99.9-99.9-99.9-99.914.0100 5.4 54 -1.7   0  0.426.8 4.4
5296620251028 20.3  0.7  0.009999-99.9-99.9-99.9-99.9 9.7 69 6.4 49  0.4   0  0.420.6 3.9
5296620251029 22.0  9.3  0.009999-99.9-99.9-99.9-99.913.0 92 7.9 43  3.5   2  1.825.6 7.9
5296620251030 20.1 10.3  0.009999-99.9-99.9-99.9-99.9 8.2 58 8.0 52  3.6   3  2.218.8 7.0
5296620251031 18.3  5.0  0.009999-99.9-99.9-99.9-99.910.9 77 7.3 48  2.5   4  2.822.8 7.8
5296620251101 19.0  4.1  0.009999-99.9-99.9-99.9-99.913.8 97 6.2 37  0.1   4  3.027.1 9.9
5296620251102 18.8  8.0  0.009999-99.9-99.9-99.9-99.9 3.0 21 5.4 38 -1.7   3  2.511.4 7.0
5296620251103 21.1 -0.9  0.009999-99.9-99.9-99.9-99.914.4100 5.6 38 -1.2   2  1.628.2 7.3
5296620251104 23.5  0.4  0.009999-99.9-99.9-99.9-99.914.6 99 6.4 39  0.4   1  0.828.6-9.9
5296620251105 20.2  2.3  0.009999-99.9-99.9-99.9-99.913.8 96 7.6 53  3.0   1  0.527.5 5.3
5296620251106 24.0  3.2  0.009999-99.9-99.9-99.9-99.911.7 81 8.4 55  4.3   1  0.424.6 4.9
5296620251107 23.5  7.0  0.009999-99.9-99.9-99.9-99.912.5 86 8.5 47  4.5   1  0.525.8 5.6
5296620251108 23.9  5.9  0.009999-99.9-99.9-99.9-99.913.4 9210.0 56  6.9   1  0.527.3 5.8
5296620251109 26.4  5.4  0.009999-99.9-99.9-99.9-99.913.9 95 9.9 54  6.8   1  0.428.2 5.9
5296620251110 25.0  6.6  0.009999-99.9-99.9-99.9-99.910.9 7510.3 55  7.4   2  1.823.7 7.0
5296620251111 20.6 12.2  0.009999-99.9-99.9-99.9-99.9 9.8 67 9.0 46  5.3   4  3.122.1 9.5
5296620251112 19.2 10.9  0.009999-99.9-99.9-99.9-99.913.8 93 7.4 42  2.7   5  3.628.211.5
5296620251113 19.5 11.4  0.009999-99.9-99.9-99.9-99.913.2 89 7.9 47  3.6   5  3.727.311.3
5296620251114 24.4 12.5  0.009999-99.9-99.9-99.9-99.913.2 88 9.8 46  6.6   7  5.727.416.6
5296620251115 16.7 10.3  0.009999-99.9-99.9-99.9-99.914.4 96 6.1 38 -0.2   6  4.529.414.4
5296620251116 15.6  7.1  6.019999-99.9-99.9-99.9-99.9 4.1 27 6.0 46 -0.3   4  3.513.7 7.9
5296620251117 16.8  8.8  0.009999-99.9-99.9-99.9-99.913.7 91 7.4 45  2.0   6  4.428.511.7
5296620251118 16.8  7.6  0.009999-99.9-99.9-99.9-99.9 7.6 50 5.8 43 -0.8   4  3.519.2 9.3
5296620251119 17.5  8.7  0.009999-99.9-99.9-99.9-99.9 4.0 27 7.8 61  3.3   1  0.713.8 3.8
5296620251120 22.9  3.7  0.009999-99.9-99.9-99.9-99.914.4 95 9.3 53  5.9   2  1.729.8 7.3
5296620251121 22.4 12.3  0.009999-99.9-99.9-99.9-99.914.4 95 8.7 42  4.9   3  2.829.911.2
5296620251122 25.1  4.8  0.009999-99.9-99.9-99.9-99.912.2 81 9.0 50  5.5   2  1.826.6 8.1
5296620251123 26.1 13.2  0.009999-99.9-99.9-99.9-99.913.3 87 9.5 40  6.1   3  2.728.311.7
5296620251124 25.3 10.4  0.009999-99.9-99.9-99.9-99.913.7 90 9.6 43  6.3   3  2.529.010.9
5296620251125 25.2 12.2  0.009999-99.9-99.9-99.9-99.912.2 8010.6 51  7.8   3  2.126.8 9.4
5296620251126 22.9 14.3  0.009999-99.9-99.9-99.9-99.910.1 66 9.6 45  6.2   3  2.723.510.2
5296620251127 22.4  5.6  0.009999-99.9-99.9-99.9-99.914.9 97 7.0 42  1.9   1  0.731.1 7.2
5296620251128 26.3  5.2  1.819999-99.9-99.9-99.9-99.913.2 86 9.7 54  6.3   1  0.528.5 6.3
5296620251129 28.5  8.9  0.009999-99.9-99.9-99.9-99.914.6 9411.2 51  8.5   0  0.330.7 7.1
5296620251130 27.8  9.1  0.819999-99.9-99.9-99.9-99.911.5 7411.7 56  9.1   1  0.925.9 7.0
5296620251201 21.1 14.4  0.009999-99.9-99.9-99.9-99.9 1.4  910.5 57  7.6   3  2.310.1 6.3
5296620251202 23.9 13.2  0.009999-99.9-99.9-99.9-99.915.2 98 8.5 38  4.4   4  3.131.812.5
5296620251203 19.7 12.9  0.009999-99.9-99.9-99.9-99.913.0 83 7.0 42  1.7   5  3.828.313.2
5296620251204 18.7 10.2  0.009999-99.9-99.9-99.9-99.914.6 94 5.8 39 -0.8   5  3.930.913.4
5296620251205 21.7 11.1  0.009999-99.9-99.9-99.9-99.913.7 88 8.2 46  4.1   5  3.729.511.9
5296620251206 24.1 13.3  0.009999-99.9-99.9-99.9-99.910.9 7010.2 50  7.3   4  3.325.210.8
5296620251207 25.4 13.2  0.009999-99.9-99.9-99.9-99.9 8.9 5712.2 57  9.9   3  2.522.0 8.8
5296620251208 27.9 13.5  0.009999-99.9-99.9-99.9-99.912.3 7913.2 55 11.0   3  2.127.5 9.5
5296620251209 25.4 16.6  0.009999-99.9-99.9-99.9-99.912.6 8010.8 43  7.8   4  3.028.012.2
5296620251210 21.7 11.9  0.009999-99.9-99.9-99.9-99.914.8 94 9.1 50  5.6   4  3.331.511.5
5296620251211 23.4 13.2  0.009999-99.9-99.9-99.9-99.913.3 85 9.8 50  6.7   5  4.129.113.1
5296620251212 15.9  8.1  0.009999-99.9-99.9-99.9-99.913.2 84 6.5 52  0.7   4  3.529.110.9
5296620251213 16.4  7.2  0.009999-99.9-99.9-99.9-99.913.9 89 5.8 43 -0.8   5  3.830.211.3
5296620251214 17.8  9.1  0.009999-99.9-99.9-99.9-99.915.6 99 6.3 41  0.3   4  3.532.911.9
5296620251215 21.0  9.3  0.009999-99.9-99.9-99.9-99.914.5 92 6.6 37  1.0   4  3.431.112.1
5296620251216 23.5 12.7  0.009999-99.9-99.9-99.9-99.913.8 87 9.3 48  5.9   5  4.030.013.8
5296620251217 20.0 12.9  0.009999-99.9-99.9-99.9-99.915.4 98 6.6 37  1.0   5  3.832.614.4
5296620251218 19.9  9.3  0.009999-99.9-99.9-99.9-99.913.5 86 7.0 45  1.8   4  2.929.610.7
5296620251219 18.8  7.9  0.009999-99.9-99.9-99.9-99.9 3.9 25 8.3 47  4.2   3  2.514.4 7.3
5296620251220 23.2  8.6  0.009999-99.9-99.9-99.9-99.9 9.6 6110.0 53  7.0   3  2.123.5 7.9
5296620251221 19.8 12.2  0.009999-99.9-99.9-99.9-99.915.4 98 6.9 38  1.6   5  4.332.614.9
5296620251222 21.7 11.8  0.009999-99.9-99.9-99.9-99.910.8 69 7.7 37  3.2   5  3.925.412.7
5296620251223 20.0 11.0  0.009999-99.9-99.9-99.9-99.912.0 76 7.0 38  1.9   4  3.227.211.4
5296620251224 19.0 10.9  0.009999-99.9-99.9-99.9-99.912.5 79 6.7 40  1.3   5  3.628.012.1
5296620251225 21.6 10.9  0.009999-99.9-99.9-99.9-99.9 7.0 44 8.4 47  4.2   4  2.919.3 8.9
5296620251226 23.3 10.9  0.009999-99.9-99.9-99.9-99.910.7 68 9.5 48  6.0   3  2.525.1 9.4
5296620251227 22.9 12.5  0.009999-99.9-99.9-99.9-99.912.5 79 8.2 41  4.0   5  3.827.913.1
5296620251228 25.3 12.3  0.009999-99.9-99.9-99.9-99.911.0 70 8.9 45  5.2   4  3.125.611.7
5296620251229 26.1 14.0  0.009999-99.9-99.9-99.9-99.9 9.6 6111.7 56  9.2   4  3.023.410.0
5296620251230 24.4 15.6  0.009999-99.9-99.9-99.9-99.910.4 6610.9 48  8.2   4  3.324.511.5
5296620251231 25.0 12.6  0.009999-99.9-99.9-99.9-99.915.5 99 8.7 37  4.9   4  3.032.712.9
5296620260101 24.5 11.2  0.009999-99.9-99.9-99.9-99.915.8 99 7.8 33  3.4   4  3.133.1-9.9
5296620260102 26.8 15.2  0.009999-99.9-99.9-99.9-99.914.9 9510.7 42  7.8   5  3.931.715.1
5296620260103 30.3  9.7  0.009999-99.9-99.9-99.9-99.914.5 9212.5 56 10.1   1  0.531.0 7.9
5296620260104 34.8 11.6  0.009999-99.9-99.9-99.9-99.914.7 9412.4 44  9.8   1  0.831.4 9.0
5296620260105 32.1 11.0  0.009999-99.9-99.9-99.9-99.914.8 9510.7 39  7.9   2  1.831.411.5
5296620260106 25.8 11.8  0.009999-99.9-99.9-99.9-99.915.6100 7.8 32  3.2   3  2.332.712.5
5296620260107 21.5  7.9  0.009999-99.9-99.9-99.9-99.9 6.2 4010.0 61  6.9   1  0.417.8 4.6
5296620260108 27.2  7.0  0.009999-99.9-99.9-99.9-99.9 9.6 6212.1 61  9.7   2  1.723.1 6.7
5296620260109 26.3 15.3  0.009999-99.9-99.9-99.9-99.9 4.6 3014.2 57 12.2   2  1.815.2 6.5
5296620260110 27.2 12.8  0.009999-99.9-99.9-99.9-99.911.3 7312.1 49  9.5   2  1.825.7 9.2
5296620260111 20.3 11.6  0.009999-99.9-99.9-99.9-99.9 6.7 43 7.7 40  3.2   3  2.418.5 9.1
5296620260112 22.1 11.6  0.009999-99.9-99.9-99.9-99.913.1 85 8.7 44  4.9   3  2.628.410.1
5296620260113 23.7 13.7  0.009999-99.9-99.9-99.9-99.9 6.0 3910.5 53  7.6   4  3.217.4 9.0
5296620260114 21.5 12.5  0.009999-99.9-99.9-99.9-99.9 9.1 59 9.8 53  6.5   3  2.422.1 8.8
5296620260115 21.2  9.2  1.019999-99.9-99.9-99.9-99.9 7.5 49 8.1 50  3.6   4  2.819.5 8.3
5296620260116 20.5 12.2  0.519999-99.9-99.9-99.9-99.913.8 90 9.2 51  5.5   5  4.029.412.7
5296620260117 20.2  9.8  0.009999-99.9-99.9-99.9-99.915.2100 7.0 44  1.8   4  2.931.611.0
5296620260118 23.0  2.5  0.009999-99.9-99.9-99.9-99.914.6 96 8.3 51  4.1   1  0.630.5 6.4
5296620260119 27.5  6.5  0.009999-99.9-99.9-99.9-99.914.1 9310.3 43  7.3   3  2.329.710.1
5296620260120 28.7 14.5  0.009999-99.9-99.9-99.9-99.913.6 8913.1 51 11.0   3  2.628.811.2
5296620260121 30.2 10.5  0.009999-99.9-99.9-99.9-99.912.8 8512.9 57 10.7   1  0.527.6 7.0
5296620260122 28.0 14.0  0.009999-99.9-99.9-99.9-99.912.8 8510.9 50  8.1   1  0.527.4 6.9
5296620260123 28.8  9.6  0.009999-99.9-99.9-99.9-99.914.3 9510.3 48  7.0   2  1.729.7 9.2
5296620260124 24.1 13.4  0.009999-99.9-99.9-99.9-99.9 6.9 46 9.2 39  5.6   3  2.318.2 8.9
5296620260125 25.8 13.6  0.009999-99.9-99.9-99.9-99.9 8.9 6010.4 53  7.6   3  2.421.3 8.6
5296620260126 23.4  8.7  0.009999-99.9-99.9-99.9-99.913.0 87 8.1 48  3.7   1  1.027.4 7.2
5296620260127 27.3 12.6  0.009999-99.9-99.9-99.9-99.912.9 8713.6 56 11.5   2  1.727.2 8.5
5296620260128 29.1 10.8  0.009999-99.9-99.9-99.9-99.913.5 9114.5 60 12.5   1  1.128.1 7.8
5296620260129 32.9 12.8  0.009999-99.9-99.9-99.9-99.913.1 8916.5 62 14.4   1  1.027.4 8.0
5296620260130 32.5 12.1  0.009999-99.9-99.9-99.9-99.912.9 8815.6 57 13.5   2  1.627.0 9.0
5296620260131 29.2 18.4  0.009999-99.9-99.9-99.9-99.912.3 8413.1 43 10.8   3  2.526.011.7
5296620260201 23.2  9.2  0.009999-99.9-99.9-99.9-99.9 6.7 4611.1 61  8.3   1  0.817.5 4.9
5296620260202 24.1  9.3  9.019999-99.9-99.9-99.9-99.9 6.8 4613.4 70 11.2   1  0.917.5 4.5
5296620260203 22.2 12.3  0.219999-99.9-99.9-99.9-99.9 9.1 6314.2 77 12.1   1  0.520.9 4.5
5296620260204 19.1  8.6  4.219999-99.9-99.9-99.9-99.9 1.6 1110.2 81  7.3   1  0.6 9.6 2.8
5296620260205 21.6  3.1  0.009999-99.9-99.9-99.9-99.911.1 77 9.0 52  5.4   4  2.923.8 7.1
5296620260206 24.3 14.3  0.009999-99.9-99.9-99.9-99.914.0 9710.4 48  7.6   5  3.628.012.1
5296620260207 29.1 14.1  0.009999-99.9-99.9-99.9-99.910.0 7012.6 53 10.3   2  1.222.0 7.4
5296620260208 23.1 10.5  0.009999-99.9-99.9-99.9-99.9 6.2 4312.2 63  9.7   1  1.116.2 4.9
5296620260209 20.1 13.2  0.009999-99.9-99.9-99.9-99.913.4 94 7.2 40  2.1   4  3.526.712.2
5296620260210 16.9  8.9  0.009999-99.9-99.9-99.9-99.9 6.2 44 8.5 60  4.4   3  2.216.0 5.7
5296620260211 18.2  8.7  0.009999-99.9-99.9-99.9-99.9 7.8 55 6.7 45  1.3   3  2.718.3 7.4
5296620260212 20.0  9.1  0.009999-99.9-99.9-99.9-99.913.2 94 7.2 44  2.1   4  2.926.1 9.3
5296620260213 22.6  3.1  0.009999-99.9-99.9-99.9-99.912.6 89 9.2 59  5.6   1  0.825.1 5.3
5296620260214 21.0  9.1  0.009999-99.9-99.9-99.9-99.913.0 93 7.5 41  2.8   3  2.425.6 9.2
5296620260215 22.4  7.2  0.009999-99.9-99.9-99.9-99.911.9 85 7.6 45  3.0   2  1.623.9 7.2
5296620260216 23.1  9.8  0.009999-99.9-99.9-99.9-99.9 6.3 4611.3 63  8.7   1  1.115.7 4.8
5296620260217 20.2  9.9  0.009999-99.9-99.9-99.9-99.912.3 89 8.7 46  4.7   4  2.924.2 9.2
5296620260218 20.5  7.6  0.009999-99.9-99.9-99.9-99.9 5.4 39 8.7 53  4.8   3  2.214.1 6.0
5296620260219 23.5 13.9  0.009999-99.9-99.9-99.9-99.9 6.8 4911.9 59  9.4   5  3.916.1 8.6
5296620260220 27.2 16.6  0.009999-99.9-99.9-99.9-99.9 7.3 5313.1 50 10.9   3  2.516.7 7.9
5296620260221 30.5  8.3  0.009999-99.9-99.9-99.9-99.910.9 8011.8 57  9.3   3  2.221.7 8.4
5296620260222 24.8 15.0  0.009999-99.9-99.9-99.9-99.9 5.7 4212.1 51  9.7   2  1.914.2 6.7
5296620260223 23.1 12.0  0.219999-99.9-99.9-99.9-99.9 6.7 50 9.2 56  5.1   3  2.315.6 7.3
5296620260224 20.9  0.7  0.009999-99.9-99.9-99.9-99.910.5 78 7.3 58  2.4   1  0.520.7 3.9
5296620260225 22.8  3.6  0.009999-99.9-99.9-99.9-99.9 8.5 64 9.5 69  6.1   0  0.317.9 3.3
5296620260226 24.2  6.5  0.009999-99.9-99.9-99.9-99.9 8.3 6210.9 67  8.2   2  1.617.6 5.0
5296620260227 21.8 10.5  0.009999-99.9-99.9-99.9-99.9 1.6 1213.7 77 11.6   1  0.4 8.2 2.4
5296620260228 20.9 11.4  1.519999-99.9-99.9-99.9-99.9 5.5 4111.0 63  8.2   1  1.213.4 4.3
5296620260301 23.8  8.9  0.219999-99.9-99.9-99.9-99.9 5.8 4411.3 68  8.5   1  0.613.7 3.3
5296620260302 20.9  9.6  0.009999-99.9-99.9-99.9-99.9 7.6 58 8.5 44  4.5   3  2.216.1 6.4
5296620260303 18.8  7.6  0.819999-99.9-99.9-99.9-99.9 8.9 68 8.7 63  4.7   2  2.017.7 5.3
5296620260304 17.6  8.5  0.009999-99.9-99.9-99.9-99.9 8.9 69 6.4 47  0.7   4  3.117.7 7.7
5296620260305 22.7  4.4  0.009999-99.9-99.9-99.9-99.9 9.7 75 7.9 53  3.6   1  1.018.5 4.5
5296620260306 23.0  3.8  0.009999-99.9-99.9-99.9-99.9 9.4 73 9.4 65  6.0   1  0.418.0 3.2
5296620260307 19.7 10.4  0.009999-99.9-99.9-99.9-99.9 3.8 2912.9 77 10.7   0  0.210.5 2.4
5296620260308 27.2 12.3  2.019999-99.9-99.9-99.9-99.9 1.1  817.8 95 15.6   0  0.3 6.9 1.7
5296620260309 24.6 12.5  0.009999-99.9-99.9-99.9-99.9 8.7 6914.7 67 12.3   1  1.116.8 4.2
5296620260310 26.4  6.6  0.009999-99.9-99.9-99.9-99.9 9.0 7111.3 66  8.7   1  0.716.9 3.9
5296620260311 24.6 11.2  0.009999-99.9-99.9-99.9-99.9 6.3 5011.2 63  8.1   2  1.413.3 4.5
5296620260312 20.3 11.0  0.009999-99.9-99.9-99.9-99.9 4.7 37 8.4 53  4.4   2  1.811.2 5.3
5296620260313 19.0  8.9  0.009999-99.9-99.9-99.9-99.9 8.3 66 7.9 49  3.5   2  1.515.6 4.9
5296620260314 18.9  3.3  0.009999-99.9-99.9-99.9-99.9 1.6 13 9.4 79  5.9   0  0.1 7.1 1.5
5296620260315 18.1  5.9  0.009999-99.9-99.9-99.9-99.9 5.4 43 8.4 55  4.4   2  1.411.8 3.6
5296620260316 18.6  5.1  0.219999-99.9-99.9-99.9-99.9 4.0 32 9.3 74  5.9   1  0.7 9.9 2.3
5296620260317 16.9  6.9  1.519999-99.9-99.9-99.9-99.9 8.4 68 7.1 59  2.0   3  2.415.3 5.3
5296620260318 19.5  5.7  0.519999-99.9-99.9-99.9-99.9 6.5 5310.4 77  7.5   1  0.612.9 2.4
5296620260319 20.7  4.2  0.219999-99.9-99.9-99.9-99.9 7.1 5910.1 77  7.0   1  0.513.5 2.3
5296620260320 18.0  7.0  0.009999-99.9-99.9-99.9-99.9 7.8 6510.5 75  7.7   1  0.514.2 2.4
5296620260321 13.6  8.7  5.519999-99.9-99.9-99.9-99.9-9.9 99 9.6 79  6.3   1  0.9 3.8-9.9
5296620260322 14.9  4.1  0.009999-99.9-99.9-99.9-99.9 8.4 70 8.2 76  4.1   0  0.314.6 2.1
5296620260323 18.3  3.2  0.819999-99.9-99.9-99.9-99.9 0.9  7 8.7 69  4.8   3  2.5 5.6 3.5
5296620260324 13.6  0.4  0.009999-99.9-99.9-99.9-99.9 8.5 72 5.9 48 -0.6   4  2.814.5 5.3
5296620260325 17.2 10.6  0.009999-99.9-99.9-99.9-99.9 8.2 69 6.9 46  1.6   5  4.414.0 8.9
5296620260326 18.2  8.9  0.009999-99.9-99.9-99.9-99.9 4.5 38 8.3 60  4.0   3  2.1 9.6 4.4
5296620260327 21.5  9.2  0.009999-99.9-99.9-99.9-99.9 8.6 7310.4 60  7.5   2  1.914.2 4.5
5296620260328 22.5  7.0  0.009999-99.9-99.9-99.9-99.9 3.4 2911.2 67  8.6   1  0.9 8.1 2.5
5296620260329 20.6  8.2  0.009999-99.9-99.9-99.9-99.9 8.4 73 8.9 52  5.2   3  2.513.8 5.8
5296620260330 23.8 12.8  0.219999-99.9-99.9-99.9-99.9 5.2 4510.5 60  7.7   2  1.310.0 4.0
5296620260331 17.7  8.5  0.009999-99.9-99.9-99.9-99.9 8.0 69 7.5 49  2.5   4  3.313.0 7.0
5296620260401 18.0 11.7  0.009999-99.9-99.9-99.9-99.9 8.0 70 7.1 45  2.0   4  3.312.9 7.5
5296620260402 21.0 11.0  4.819999-99.9-99.9-99.9-99.9 3.6 32 9.7 62  6.3   4  3.3 8.0 5.9
5296620260403 15.3  4.1  0.009999-99.9-99.9-99.9-99.9 7.9 69 5.9 50 -0.6   2  1.812.5 4.1
5296620260404 18.5  0.1  0.009999-99.9-99.9-99.9-99.9 7.5 67 7.8 78  3.3   0  0.212.0 1.4
5296620260405 19.3  0.4  0.009999-99.9-99.9-99.9-99.9 7.6 67 8.4 80  4.3   0  0.211.9 1.3
5296620260406 20.5  4.0  0.009999-99.9-99.9-99.9-99.9 7.6 68 9.5 53  6.1   2  1.811.8 3.3
5296620260407 19.1  1.5  0.009999-99.9-99.9-99.9-99.9 7.7 69 8.6 77  4.6   1  0.611.8 1.8
5296620260408 18.5 -0.3  0.009999-99.9-99.9-99.9-99.9 7.1 64 8.4 69  4.2   1  0.811.0 1.6
5296620260409 18.3  8.6  0.219999-99.9-99.9-99.9-99.9 4.3 39 9.6 60  6.2   4  3.5 8.0 5.1
5296620260410 20.6  5.3  0.009999-99.9-99.9-99.9-99.9 4.3 3912.4 77  9.9   1  1.1 8.0 1.9
5296620260411 18.2  9.4  0.219999-99.9-99.9-99.9-99.9-9.9 9912.5 86 10.0   2  1.3 3.0-9.9
5296620260412 15.8  5.1  0.009999-99.9-99.9-99.9-99.9 3.8 35 6.8 56  1.5   3  2.0 7.3 3.6
5296620260413 19.2  9.0  0.519999-99.9-99.9-99.9-99.9 3.9 36 8.6 59  4.8   2  1.7 7.4 3.1
5296620260414 15.0  9.0  0.009999-99.9-99.9-99.9-99.9 7.3 68 7.7 52  2.9   3  2.710.5 4.4
5296620260415 19.5  6.8  0.009999-99.9-99.9-99.9-99.9 6.6 62 8.3 62  4.2   2  1.3 9.8 3.0
5296620260416 19.8  5.9  0.009999-99.9-99.9-99.9-99.9 1.7 16 9.6 66  6.0   2  1.3 4.9 2.1
5296620260417 18.1  6.6  0.009999-99.9-99.9-99.9-99.9 5.8 54 6.9 52  1.5   2  1.3 8.7 3.0
5296620260418 11.3  6.5  3.019999-99.9-99.9-99.9-99.9 0.2  2 9.1 84  5.4   1  0.6 3.4 1.1
5296620260419 14.1  0.4  0.009999-99.9-99.9-99.9-99.9 1.2 11 6.7 64  1.2   2  1.5 4.3 1.9
5296620260420 18.1  8.1  0.009999-99.9-99.9-99.9-99.9 6.3 60 8.0 53  3.7   3  2.1 8.9 4.0
5296620260421 17.8  6.5  0.009999-99.9-99.9-99.9-99.9 1.4 13 9.0 63  5.5   2  1.4 4.4 2.3
5296620260422 14.3  7.0  0.219999-99.9-99.9-99.9-99.9 3.2 31 6.2 40 -0.1   3  2.6 5.9 4.9
5296620260423 14.6  7.1  2.219999-99.9-99.9-99.9-99.9 2.0 19 8.6 74  4.5   4  2.8 4.8 3.7
5296620260424 11.4  2.1  0.009999-99.9-99.9-99.9-99.9 7.5 73 5.1 48 -2.4   3  2.1 9.6 3.2
5296620260425 13.6  2.6  0.009999-99.9-99.9-99.9-99.9 2.9 28 6.8 65  1.2   2  1.6 5.4 2.1
5296620260426 11.1 -1.8  0.009999-99.9-99.9-99.9-99.9 4.8 47 5.2 59 -2.2   1  1.0 7.0 1.3
5296620260427 17.1  1.2  0.009999-99.9-99.9-99.9-99.9 5.7 56 7.8 63  3.2   3  2.0 7.7 2.6
5296620260428 14.9  7.6  0.009999-99.9-99.9-99.9-99.9 4.5 45 9.2 67  5.7   2  1.5 6.6 1.9
5296620260429 15.1  6.7  0.009999-99.9-99.9-99.9-99.9 5.3 52 6.3 51  0.4   4  2.8 7.1 5.2
5296620260430 12.8  4.0  0.009999-99.9-99.9-99.9-99.9 4.9 49 8.4 83  4.4   1  1.1 6.8 1.2
5296620260501 11.1 -1.7  0.009999-99.9-99.9-99.9-99.9 6.2 63 5.6 60 -1.3   2  1.8 7.8 2.0
5296620260502 11.9 -3.3  0.009999-99.9-99.9-99.9-99.9 5.8 59 5.5 69 -1.6   0  0.3 7.4 0.7
5296620260503 14.7  1.7  0.219999-99.9-99.9-99.9-99.9 5.3 54 8.0 79  3.6   0  0.3 6.9 0.6
5296620260504 14.5  3.8  0.009999-99.9-99.9-99.9-99.9 6.5 66 7.4 54  2.6   2  1.8 7.7 2.4
5296620260505 16.8  3.5  0.009999-99.9-99.9-99.9-99.9 6.0 62 7.4 69  2.7   1  1.2 7.2 1.7
5296620260506 13.5 -0.8  0.009999-99.9-99.9-99.9-99.9 5.1 53 7.6 84  2.9   0  0.4 6.5 0.3
5296620260507 12.2 -2.2  0.009999-99.9-99.9-99.9-99.9 5.4 56 5.2 62 -2.4   1  0.8 6.6 1.3
5296620260508 14.1 -2.0  0.009999-99.9-99.9-99.9-99.9 2.8 29 5.2 59 -2.4   0  0.4 4.5 0.8
5296620260509 14.0 -0.9  0.009999-99.9-99.9-99.9-99.9 0.5  5 6.9 80  1.5   1  0.5 2.7 0.6
5296620260510 12.5 -1.2  0.009999-99.9-99.9-99.9-99.9 4.0 43 8.0 88  3.6   0  0.2 5.4 0.2
5296620260511 20.3  3.3  0.009999-99.9-99.9-99.9-99.9 5.9 63 8.9 49  5.0   4  3.0 6.7 4.4
5296620260512 13.2 -1.2  0.009999-99.9-99.9-99.9-99.9 5.9 63 5.7 64 -1.1   1  0.8 6.6 1.4
5296620260513 13.7 -0.5  0.009999-99.9-99.9-99.9-99.9 4.8 51 6.9 85  1.6   0  0.2 5.7 0.3
5296620260514 14.3 -1.5  0.009999-99.9-99.9-99.9-99.9 5.2 56 7.2 80  2.0   1  0.5 6.0 0.3
5296620260515 13.4  1.1  0.009999-99.9-99.9-99.9-99.9 5.2 56 5.8 50 -0.6   2  1.7 5.9 2.3
5296620260516 16.6 -1.6  0.009999-99.9-99.9-99.9-99.9 5.5 59 6.1 70 -0.3   1  0.6 6.1 0.9
5296620260517 14.9 -1.6  0.219999-99.9-99.9-99.9-99.9 5.4 59 7.6 78  2.8   0  0.4 5.9 0.3
5296620260518 20.7  5.6  0.009999-99.9-99.9-99.9-99.9 5.5 60 9.2 62  5.7   1  0.9 5.9 1.3
5296620260519 15.7  1.6  0.009999-99.9-99.9-99.9-99.9 5.0 54 9.2 90  5.5   0  0.2 5.5 0.3
5296620260520 14.3 -0.4  0.009999-99.9-99.9-99.9-99.9 4.8 53 8.3 93  4.0   0  0.1 5.3 0.1
5296620260521 14.7 -0.8  0.009999-99.9-99.9-99.9-99.9 5.0 55 8.0 90  3.3   0  0.1 5.4 0.1
5296620260522 11.4 -0.5  0.009999-99.9-99.9-99.9-99.9 4.4 48 7.9 97  3.3   0  0.2 4.9 0.0
5296620260523  8.3 -0.9  0.009999-99.9-99.9-99.9-99.9 0.1  1 7.8 99  3.0   0  0.1 2.0 0.2
5296620260524 13.7 -0.4  0.009999-99.9-99.9-99.9-99.9 2.5 28 8.4 92  4.1   0  0.1 3.6 0.1
5296620260525 13.3 -0.2  0.009999-99.9-99.9-99.9-99.9 4.1 46 8.2 91  3.8   0  0.1 4.6 0.0
5296620260526  9.9  3.0  1.219999-99.9-99.9-99.9-99.9-9.9 99 9.6 98  6.3   0  0.0 1.1-9.9
5296620260527  8.8  6.7  3.019999-99.9-99.9-99.9-99.9-9.9 9910.4100  7.6   0  0.1 0.4-9.9
5296620260528 10.3  7.1  1.519999-99.9-99.9-99.9-99.9-9.9 9910.8100  8.1   0  0.1 0.9-9.9
5296620260529 14.6  2.9  0.009999-99.9-99.9-99.9-99.9 2.3 2610.3 96  7.1   1  0.4 3.3 0.1
5296620260530 14.3  3.5  0.009999-99.9-99.9-99.9-99.9 1.6 19 9.7 96  6.4   0  0.1 2.9 0.1
5296620260531  8.7  4.4  3.019999-99.9-99.9-99.9-99.9-9.9 99 9.6100  6.3   0  0.2 0.8-9.9
5296620260601  5.7  2.7  1.219999-99.9-99.9-99.9-99.9-9.9 99 8.3100  4.2   0  0.3 0.7-9.9
5296620260602  8.0  2.9  0.009999-99.9-99.9-99.9-99.9-9.9 99 9.3100  5.8   0  0.1 1.4-9.9
5296620260603 16.2  3.1  0.009999-99.9-99.9-99.9-99.9 4.7 54 7.7 66  3.0   1  1.1 4.7 1.3
5296620260604 12.8 -0.8  0.009999-99.9-99.9-99.9-99.9 4.3 50 7.4 91  2.5   0  0.1 4.4 0.1
5296620260605 10.1  0.2  0.009999-99.9-99.9-99.9-99.9 3.7 43 7.8 96  3.2   0  0.1 4.0 0.0
5296620260606 12.5 -0.5  0.009999-99.9-99.9-99.9-99.9 4.3 50 8.4 98  4.0   0  0.2 4.3 0.0
5296620260607  8.5 -1.2  0.009999-99.9-99.9-99.9-99.9 0.4  5 7.6 99  2.8   0  0.1 1.9 0.1
5296620260608  5.8  3.0  0.009999-99.9-99.9-99.9-99.9-9.9 99 8.2100  4.1   0  0.1 0.8-9.9
5296620260609  8.3  1.7  0.009999-99.9-99.9-99.9-99.9-9.9 99 8.5100  4.6   0  0.4 1.6-9.9
5296620260610 10.1  1.3  0.009999-99.9-99.9-99.9-99.9 4.6 54 6.0 52 -0.7   3  2.5 4.4 3.4
5296620260611  9.6 -0.7  1.019999-99.9-99.9-99.9-99.9 1.1 13 7.4 87  2.1   1  1.0 2.3 0.4
5296620260612 10.2  0.9  0.009999-99.9-99.9-99.9-99.9 4.5 53 4.5 52 -4.2   2  1.4 4.3 2.1
5296620260613  8.5 -4.6  0.009999-99.9-99.9-99.9-99.9 1.4 16 4.7 65 -3.6   2  1.8 2.5 1.3
5296620260614 15.0  6.9  0.009999-99.9-99.9-99.9-99.9 3.1 36 7.2 55  2.4   4  2.9 3.5 3.6
5296620260615 14.6  9.3  0.009999-99.9-99.9-99.9-99.9 4.3 51 6.4 46  0.6   5  4.0 4.2 6.8
5296620260616 13.4  4.5  0.009999-99.9-99.9-99.9-99.9 3.1 36 6.8 64  1.4   3  2.4 3.4 3.5
5296620260617  8.1 -1.5  0.009999-99.9-99.9-99.9-99.9 0.7  8 6.9 88  1.4   0  0.2 2.0 0.2
5296620260618 14.2  2.8  0.009999-99.9-99.9-99.9-99.9 4.0 46 6.7 52  1.2   3  2.4 3.9 3.2
5296620260619 13.5  4.6  0.009999-99.9-99.9-99.9-99.9 1.8 21 7.6 68  3.0   1  0.8 2.7 1.0
5296620260620 12.8 -0.5  0.009999-99.9-99.9-99.9-99.9 3.7 44 7.1 66  2.0   2  1.4 3.8 1.2
5296620260621 11.9 -2.0  0.009999-99.9-99.9-99.9-99.9 4.2 50 7.0 82  1.7   1  0.5 4.1 0.5
5296620260622 11.3 -2.9  0.009999-99.9-99.9-99.9-99.9 3.9 45 5.9 68 -0.7   2  1.5 3.9 0.8
5296620260623  9.5  4.8  0.219999-99.9-99.9-99.9-99.9 0.7  8 6.7 69  1.3   2  1.5 2.0 1.9
5296620260624 12.2  0.5  0.009999-99.9-99.9-99.9-99.9 4.6 55 7.9 93  3.5   0  0.2 4.3 0.1
5296620260625  7.2 -0.2  0.009999-99.9-99.9-99.9-99.9-9.9 99 7.8 99  3.3   0  0.0 0.8-9.9
5296620260626 11.4  1.0  0.009999-99.9-99.9-99.9-99.9 2.4 28 7.0 75  1.9   1  0.9 3.0 0.8
5296620260627 10.9 -2.0  0.009999-99.9-99.9-99.9-99.9 5.5 65 6.7 88  1.0   0  0.2 4.9 0.2
5296620260628 12.8 -0.5  0.009999-99.9-99.9-99.9-99.9 5.7 67 5.8 55 -0.9   3  2.1 5.0 2.6
5296620260629 10.9  1.8  0.009999-99.9-99.9-99.9-99.9 2.2 26 5.5 59 -1.5   3  2.1 3.0 2.7
5296620260630  8.3 -3.2  0.009999-99.9-99.9-99.9-99.9 5.0 59 3.2 38 -9.3   1  1.2 4.6 2.0
5296620260701  7.1 -4.3  0.009999-99.9-99.9-99.9-99.9 6.1 71 3.2 54 -9.1   0  0.2 5.3 0.6
5296620260702  7.9 -4.1  0.009999-99.9-99.9-99.9-99.9 6.3 73 5.3 86 -2.3   0  0.1 5.4 0.1
5296620260703  7.8 -4.6  0.009999-99.9-99.9-99.9-99.9 5.3 62 4.8 84 -3.4   0  0.1 4.9 0.2
5296620260704  7.5 -4.4  0.009999-99.9-99.9-99.9-99.9 7.0 81 5.5 90 -1.8   0  0.1 5.9 0.1
5296620260705  9.6 -5.1  0.009999-99.9-99.9-99.9-99.9 7.1 82 5.5 84 -1.6   1  0.8 6.0 0.3
5296620260706 11.4 -1.9  0.009999-99.9-99.9-99.9-99.9 0.3  4 6.7 71  1.1   2  1.5 1.9 1.0
5296620260707 15.1  4.0  0.009999-99.9-99.9-99.9-99.9 7.1 82 7.3 64  1.9   3  2.0 6.0 2.8
5296620260708  8.6 -3.0  0.009999-99.9-99.9-99.9-99.9 7.0 80 4.5 70 -4.2   0  0.2 6.0 0.5
5296620260709  6.9 -5.2  0.009999-99.9-99.9-99.9-99.9 7.5 86 4.8 83 -3.6   0  0.1 6.3 0.2
5296620260710  6.2 -6.8  0.009999-99.9-99.9-99.9-99.9 7.2 83 4.9 83 -3.3   0  0.2 6.2 0.1
5296620260711  7.2 -3.7  0.009999-99.9-99.9-99.9-99.9 4.3 50 5.5 89 -1.7   0  0.2 4.5 0.2
5296620260712  5.5 -1.8  5.519999-99.9-99.9-99.9-99.9-9.9 99 7.2100  2.0   0  0.0 1.4-9.9
5296620260713  7.6  1.1  0.009999-99.9-99.9-99.9-99.9 0.6  6 8.3100  4.3   0  0.1 2.2 0.1
5296620260714 10.9  0.0  0.819999-99.9-99.9-99.9-99.9 6.6 75 8.0 99  3.5   0  0.1 6.0 0.0
5296620260715 12.7  1.1  0.009999-99.9-99.9-99.9-99.9 5.7 64 7.8 79  3.2   1  0.7 5.5 0.3
5296620260716  8.8 -1.4  9.019999-99.9-99.9-99.9-99.9 3.1 35 7.3 91  2.3   0  0.1 3.9 0.1
5296620260717  5.1  0.5  1.019999-99.9-99.9-99.9-99.9 1.1 13 7.0100  1.9   0  0.2 2.6 0.1
5296620260718  6.0 -3.3  0.519999-99.9-99.9-99.9-99.9 7.2 80 5.1 84 -2.9   0  0.3 6.6 0.3
5296620260719  4.5 -7.8  0.009999-99.9-99.9-99.9-99.9 6.0 67 4.0 80 -5.8   0  0.1 5.9 0.2
5296620260720  7.1 -7.0  0.009999-99.9-99.9-99.9-99.9 8.2 91 4.6 83 -3.9   1  0.4 7.4 0.2
5296620260721  4.3 -6.1  0.009999-99.9-99.9-99.9-99.9 7.3 80 4.5 83 -4.3   0  0.2 6.8 0.2
5296620260722 -1.1 -7.7  0.009999-99.9-99.9-99.9-99.9 3.6 40 3.7 85 -6.8   0  0.2 4.4 0.2
5296620260723  1.1 -4.7  0.009999-99.9-99.9-99.9-99.9-9.9 99 5.4100 -1.7   0  0.3 0.2-9.9
5296620260724  8.1 -2.8  8.519999-99.9-99.9-99.9-99.9 4.8 52 6.4100  0.5   0  0.1 5.3 0.0
5296620260725  9.7 -4.0  6.519999-99.9-99.9-99.9-99.9 7.7 83 6.0 88 -0.4   0  0.3 7.4 0.1
5296620260726 10.3 -4.4  2.019999-99.9-99.9-99.9-99.9 8.3 90 4.8 76 -3.4   0  0.3 7.9 0.5
5296620260727  7.5 -3.7  1.019999-99.9-99.9-99.9-99.9 8.2 89 4.6 76 -4.1   0  0.2 7.9 0.3
5296620260728  5.9 -4.0  0.009999-99.9-99.9-99.9-99.9 8.0 86 3.8 67 -6.4   0  0.3 7.8 0.5
5296620260729  7.4 -7.7  0.009999-99.9-99.9-99.9-99.9 8.6 92 4.6 87 -4.1   0  0.2 8.3 0.1
5296620260730 -0.2 -5.0  0.009999-99.9-99.9-99.9-99.9-9.9 99 5.3 99 -2.1   0  0.1 0.3-9.9
5296620260731  2.6 -3.2  1.219999-99.9-99.9-99.9-99.9-9.9 99 5.9100 -0.6   0  0.0 0.4-9.9
5296620260801  3.1 -1.1 25.519999-99.9-99.9-99.9-99.9 1.5 16 6.4100  0.6   0  0.3 3.4 0.2
5296620260802  7.2  0.4 15.019999-99.9-99.9-99.9-99.9 3.4 35 7.4100  2.6   0  0.2 4.8 0.1
5296620260803  6.8 -3.1  3.819999-99.9-99.9-99.9-99.9 3.8 40 6.9 99  1.4   0  0.1 5.2 0.1
5296620260804  7.8 -0.5  0.009999-99.9-99.9-99.9-99.9 1.5 16 7.1100  2.0   0  0.1 3.5 0.2
5296620260805 12.1 -0.8  0.009999-99.9-99.9-99.9-99.9 7.2 75 6.9 92  1.4   0  0.3 7.9 0.2
5296620260806  8.8 -3.4  1.219999-99.9-99.9-99.9-99.9 4.2 43 6.5 92  0.7   1  0.4 5.7 0.2
5296620260807  9.4 -2.1  0.009999-99.9-99.9-99.9-99.910.5 99 5.5 73 -1.8   1  1.010.6-9.9
5296620260808  8.2 -2.5  0.009999-99.9-99.9-99.9-99.9 5.5 56 5.0 72 -2.7   1  0.4 6.8 0.6
5296620260809 10.4 -3.9  0.009999-99.9-99.9-99.9-99.9 9.9 99 4.6 68 -4.0   0  0.310.4-9.9
5296620260810  8.1 -5.0  0.009999-99.9-99.9-99.9-99.9 9.6 98 4.4 70 -5.0   0  0.210.3 0.4
5296620260811  8.5 -5.0  0.009999-99.9-99.9-99.9-99.9 9.8 99 5.1 83 -2.7   0  0.210.6 0.2
5296620260812  8.6 -3.6  0.009999-99.9-99.9-99.9-99.9 8.6 87 5.3 71 -2.0   0  0.4 9.7 0.4
5296620260813  6.4  1.0  0.009999-99.9-99.9-99.9-99.9 5.4 54 7.1 92  2.2   0  0.3 7.1 0.3
5296620260814  6.7  1.0  1.519999-99.9-99.9-99.9-99.9 1.7 17 7.6 99  2.9   0  0.0 4.2 0.3
5296620260815 11.3  0.9  0.009999-99.9-99.9-99.9-99.9 6.5 64 8.0 88  3.6   0  0.3 8.2 0.4
5296620260816 11.7 -2.9  0.009999-99.9-99.9-99.9-99.910.5 99 5.7 77 -1.1   0  0.311.8-9.9
5296620260817 11.4 -2.9  0.009999-99.9-99.9-99.9-99.9 6.9 68 5.8 71 -0.8   1  1.1 8.8 1.0
5296620260818 14.3  5.0  0.009999-99.9-99.9-99.9-99.9 6.3 61 7.4 61  2.3   4  3.3 8.3 4.2
5296620260819 11.7  6.2  0.009999-99.9-99.9-99.9-99.9 0.4  4 5.7 57 -1.6   2  1.9 3.3 3.5
5296620260820  9.8 -1.4  0.009999-99.9-99.9-99.9-99.911.4 99 5.1 68 -2.5   1  0.513.0-9.9
5296620260821  9.8 -4.5  0.009999-99.9-99.9-99.9-99.912.0 99 4.7 70 -3.7   1  0.413.7-9.9
5296620260822 11.3 -3.0  0.009999-99.9-99.9-99.9-99.911.2 99 5.0 70 -2.8   0  0.313.2-9.9
5296620260823  9.3 -3.0  0.009999-99.9-99.9-99.9-99.911.5 99 5.9 83 -0.7   0  0.313.6-9.9
5296620260824  7.3 -3.0  0.009999-99.9-99.9-99.9-99.9 2.4 23 6.6 97  0.9   0  0.1 5.4 0.4
5296620260825  9.1 -2.3  3.819999-99.9-99.9-99.9-99.9 3.6 34 8.0 99  3.3   0  0.3 6.6 0.5
5296620260826 11.7  2.5  0.519999-99.9-99.9-99.9-99.9 6.6 62 9.2 97  5.6   0  0.2 9.5 0.7
5296620260827 13.7  1.5  0.009999-99.9-99.9-99.9-99.9 7.8 73 7.5 71  2.8   2  1.410.7 1.9
5296620260828 15.3  2.6  0.009999-99.9-99.9-99.9-99.9 6.9 64 7.7 66  3.0   2  1.3 9.9 2.1
5296620260829 15.3 -1.6  0.009999-99.9-99.9-99.9-99.912.2 99 6.4 76  0.6   1  0.615.2-9.9
5296620260830 13.2 -0.8  0.009999-99.9-99.9-99.9-99.911.4 99 6.1 71 -0.0   1  0.914.5-9.9
5296620260831 11.9  0.9  0.009999-99.9-99.9-99.9-99.9 6.9 63 6.7 78  1.2   2  1.410.3 1.8
5296620260901  8.6 -3.3  3.019999-99.9-99.9-99.9-99.9 1.4 13 6.1 87 -0.2   1  0.4 4.9 0.8
5296620260902 11.4 -3.4  0.009999-99.9-99.9-99.9-99.912.7 99 5.5 72 -1.5   2  1.816.3-9.9
5296620260903 14.6  4.4  0.009999-99.9-99.9-99.9-99.911.3 99 5.6 50 -1.3   3  2.815.1-9.9
5296620260904 13.4  1.7  0.009999-99.9-99.9-99.9-99.910.1 91 4.9 50 -2.9   2  1.814.0 4.0
5296620260905 10.6 -3.3  0.009999-99.9-99.9-99.9-99.912.9 99 5.1 71 -2.7   1  0.417.0-9.9
5296620260906 13.8 -3.1  0.009999-99.9-99.9-99.9-99.912.6 99 5.3 70 -2.0   0  0.416.9-9.9
