5296820061123-99.9-99.9  0.009999-99.9-99.9-99.9-99.9-9.9 99 5.6 92 -1.2 -99-99.9 3.6-9.9
5296820061124  4.2 -6.6  0.009999-99.9-99.9-99.9-99.9-9.9 99 5.1 93 -2.6  14 11.2 3.7-9.9
5296820061125 -1.9 -9.4  0.009999-99.9-99.9-99.9-99.9-9.9 99 4.3100 -4.9   9  7.1 2.4-9.9
5296820061126  1.1 -5.3  3.519999-99.9-99.9-99.9-99.9-9.9 99 5.3 96 -2.1  11  9.1 1.3-9.9
5296820061127  2.4  0.4  2.819999-99.9-99.9-99.9-99.9-9.9 99 6.8100  1.4  24 19.5 0.5-9.9
5296820061128  3.3 -2.2  0.219999-99.9-99.9-99.9-99.9-9.9 99 6.1100 -0.0   5  3.9 2.3-9.9
5296820061129  4.1 -3.3  0.009999-99.9-99.9-99.9-99.9-9.9 99 6.2100  0.1   8  6.1 2.6-9.9
5296820061130  3.1 -3.1  0.009999-99.9-99.9-99.9-99.9-9.9 99 5.7 94 -1.1  11  8.6 3.8-9.9
5296820061201  0.0 -6.1  0.009999-99.9-99.9-99.9-99.9-9.9 99 4.6 96 -3.9   8  6.6 3.3-9.9
5296820061202 -0.2 -3.0  0.219999-99.9-99.9-99.9-99.9-9.9 99 5.5100 -1.6  11  9.2 1.8-9.9
5296820061203 -0.1-11.7  0.009999-99.9-99.9-99.9-99.9-9.9 99 4.0 96 -5.9  24 19.3 4.1-9.9
5296820061204 -0.1-10.7  0.009999-99.9-99.9-99.9-99.9-9.9 99 3.4100 -7.9  21 16.5 4.5-9.9
5296820061205 -4.5-10.1  0.009999-99.9-99.9-99.9-99.9-9.9 99 3.6100 -7.3  21 16.8 4.6-9.9
5296820061206 -4.0 -9.6  0.009999-99.9-99.9-99.9-99.9-9.9 99 3.7100 -6.8  16 12.8 4.4-9.9
5296820061207 -4.9-16.2  0.219999-99.9-99.9-99.9-99.9-9.9 99 3.1100 -9.7  10  8.0 2.9-9.9
5296820061208  2.0 -4.9  7.019999-99.9-99.9-99.9-99.9-9.9 99 6.5100  0.8  11  8.4 1.9-9.9
5296820061209  1.5 -0.6  1.519999-99.9-99.9-99.9-99.9-9.9 99 6.1100 -0.1   2  1.7 1.7-9.9
5296820061210  0.7 -4.4  1.219999-99.9-99.9-99.9-99.9-9.9 99 5.7100 -0.9   0  0.2 3.5-9.9
5296820061211  1.6 -0.6  3.019999-99.9-99.9-99.9-99.9-9.9 99 6.1100 -0.0   1  1.0 3.0-9.9
5296820061212 -0.2 -6.2  0.009999-99.9-99.9-99.9-99.9-9.9 99 4.9100 -3.1   2  1.3 4.3-9.9
5296820061213 -1.1 -6.2  0.009999-99.9-99.9-99.9-99.9-9.9 99 5.0100 -2.9   4  2.8 4.2-9.9
5296820061214 -3.5 -9.3  0.009999-99.9-99.9-99.9-99.9-9.9 99 3.8100 -6.4   0  0.0 4.3-9.9
5296820061215  1.8 -5.6  2.219999-99.9-99.9-99.9-99.9-9.9 99 5.9100 -0.7  12  9.9 3.3-9.9
5296820061216  1.7 -0.1  0.819999-99.9-99.9-99.9-99.9-9.9 99 6.5100  0.8  20 16.2 3.6-9.9
5296820061217  2.2  0.6  1.219999-99.9-99.9-99.9-99.9-9.9 99 6.8100  1.4  22 17.8 2.3-9.9
5296820061218  3.7  1.4  7.819999-99.9-99.9-99.9-99.9-9.9 99 7.3100  2.4   8  6.8 1.5-9.9
5296820061219  3.4  1.1  7.219999-99.9-99.9-99.9-99.9-9.9 99 7.1100  2.1   4  3.4 1.4-9.9
5296820061220-99.9-99.9-99.999999-99.9-99.9-99.9-99.9-9.9 99-9.9-99-99.9 -99-99.9-9.9-9.9
5296820250513-99.9-99.9-99.999999-99.9-99.9-99.9-99.9-9.9 99-9.9-99-99.9 -99-99.9-9.9-9.9
5296820250514  8.9  1.2  0.009999-99.9-99.9-99.9-99.9 3.0 34 5.8 59 -0.7  32 25.4 3.422.1
5296820250515  9.7  2.6  0.009999-99.9-99.9-99.9-99.9 5.3 61 5.7 59 -1.0  45 36.1 4.7-9.9
5296820250516  6.5 -1.5  0.009999-99.9-99.9-99.9-99.9 4.0 46 5.5 78 -1.5   8  6.7 3.9 3.3
5296820250517  3.7 -2.5  0.009999-99.9-99.9-99.9-99.9 1.6 19 5.7 96 -1.0  11  8.7 2.5 0.8
5296820250518  4.0 -3.1  0.009999-99.9-99.9-99.9-99.9 4.6 53 5.2 85 -2.2  25 20.4 4.1 4.9
5296820250519  4.4 -1.8  0.009999-99.9-99.9-99.9-99.9 2.0 24 5.1 80 -2.4  25 20.2 2.6 6.6
5296820250520  3.5 -4.5  0.009999-99.9-99.9-99.9-99.9 5.0 59 4.5 78 -4.0   5  3.7 4.2 1.6
5296820250521  4.1 -4.5  0.009999-99.9-99.9-99.9-99.9 4.5 53 5.1 89 -2.5  16 13.1 3.9 2.3
5296820250522  8.9 -7.0  0.009999-99.9-99.9-99.9-99.9 2.6 31 5.7 82 -1.3  15 11.7 2.8 0.8
5296820250523  8.8 -2.2  0.009999-99.9-99.9-99.9-99.9 3.3 40 6.4 87  0.5  13 10.6 3.2 3.3
5296820250524  6.2 -0.9  0.819999-99.9-99.9-99.9-99.9 1.1 13 6.4 86  0.4  18 14.2 2.0 4.3
5296820250525  4.5  0.1  6.019999-99.9-99.9-99.9-99.9-9.9 99 7.1100  2.0   9  7.5 1.1-9.9
5296820250526  4.8 -0.1  0.009999-99.9-99.9-99.9-99.9 3.5 42 7.0 97  1.9  16 12.9 3.1 1.3
5296820250527  4.4 -2.0  0.519999-99.9-99.9-99.9-99.9 5.1 62 6.0 95 -0.4   9  7.4 3.9 0.3
5296820250528  5.7 -1.8  0.009999-99.9-99.9-99.9-99.9 3.8 47 7.0 96  1.8  19 15.5 3.2 0.0
5296820250529  7.1 -0.5  0.219999-99.9-99.9-99.9-99.9 1.1 13 7.1 93  2.1  13 10.6 1.8 1.5
5296820250530  5.2 -1.1  0.219999-99.9-99.9-99.9-99.9 4.9 60 7.0 99  1.8  20 16.3 3.7 0.0
5296820250531  7.1 -0.2  0.009999-99.9-99.9-99.9-99.9 4.3 54 7.0 94  1.8  20 15.9 3.4 1.0
5296820250601  5.3  1.0  0.009999-99.9-99.9-99.9-99.9 3.5 44 6.8 90  1.4  20 15.9 3.0 3.9
5296820250602  7.3 -1.5  0.009999-99.9-99.9-99.9-99.9 0.7  9 5.7 76 -0.9  24 19.4 1.6 7.5
5296820250603  9.0  2.8  0.009999-99.9-99.9-99.9-99.9 2.1 27 6.9 81  1.7  23 18.5 2.2 8.9
5296820250604  5.2  0.0  0.009999-99.9-99.9-99.9-99.9 1.1 14 6.6 87  1.0  25 20.3 1.7 2.6
5296820250605  9.1  1.3  0.009999-99.9-99.9-99.9-99.9 3.8 48 8.6 91  4.7  27 22.0 3.0 4.2
5296820250606 11.7  4.9  0.009999-99.9-99.9-99.9-99.9 3.8 47 9.2 84  5.8  21 17.0 2.9 5.0
5296820250607 11.1  1.9  0.009999-99.9-99.9-99.9-99.9 3.7 47 8.9 93  5.2  11  9.0 2.9 1.3
5296820250608  6.3 -1.0  0.009999-99.9-99.9-99.9-99.9 0.9 12 6.7100  1.3   5  3.9 1.6 0.3
5296820250609  5.6  0.0  0.009999-99.9-99.9-99.9-99.9 1.2 16 7.5100  2.8  19 15.0 1.7 0.0
5296820250610  6.3  3.5  0.009999-99.9-99.9-99.9-99.9 1.4 18 8.5100  4.7  12  9.4 1.8 0.0
5296820250611  7.6  2.3  0.009999-99.9-99.9-99.9-99.9-9.9 99 8.9100  5.3  19 15.0 1.2-9.9
5296820250612  6.2  0.9  0.009999-99.9-99.9-99.9-99.9-9.9 99 7.7 94  3.2   7  5.5 1.1-9.9
5296820250613  5.7  0.0  0.009999-99.9-99.9-99.9-99.9 1.2 15 6.6 86  0.9  18 14.7 1.7 4.0
5296820250614  7.8  0.2  0.009999-99.9-99.9-99.9-99.9 2.7 35 6.3 79  0.4  16 12.5 2.4 5.1
5296820250615  4.7  0.2  1.219999-99.9-99.9-99.9-99.9-9.9 99 7.1100  2.0   7  5.5 0.7-9.9
5296820250616  3.3 -0.5  0.009999-99.9-99.9-99.9-99.9 1.5 20 6.6100  1.1  12 10.0 1.8 0.4
5296820250617  4.0 -1.1  0.009999-99.9-99.9-99.9-99.9 2.6 33 6.3 97  0.4  21 16.7 2.3 1.0
5296820250618  3.0 -4.0  1.019999-99.9-99.9-99.9-99.9-9.9 99 6.3 95  0.3  23 18.1 0.9-9.9
5296820250619  5.3  0.6  0.009999-99.9-99.9-99.9-99.9 2.8 36 7.1 96  2.0  18 14.7 2.3 1.7
5296820250620  4.2 -0.9  0.009999-99.9-99.9-99.9-99.9 0.6  7 5.9 82 -0.5  24 19.1 1.4 5.3
5296820250621  6.3  0.0  0.009999-99.9-99.9-99.9-99.9 1.4 19 6.7 89  1.1  27 21.3 1.7 6.7
5296820250622  4.7 -1.2  2.219999-99.9-99.9-99.9-99.9 4.4 57 6.1 90  0.1  24 19.2 3.1 2.1
5296820250623  7.5 -0.2  0.009999-99.9-99.9-99.9-99.9 1.3 17 7.5 96  2.8  20 15.8 1.7 0.2
5296820250624  3.0 -1.7  0.009999-99.9-99.9-99.9-99.9 1.3 17 5.9 96 -0.6  19 15.4 1.7 1.9
5296820250625 -0.5 -4.5  0.009999-99.9-99.9-99.9-99.9 5.1 66 5.2100 -2.3  30 23.6 3.4 0.2
5296820250626  0.4 -4.3  0.009999-99.9-99.9-99.9-99.9 2.6 34 5.1 99 -2.4  20 15.7 2.3 0.0
5296820250627  1.4 -4.9  0.009999-99.9-99.9-99.9-99.9 3.0 39 5.3 99 -2.1  18 14.7 2.5 0.1
5296820250628  0.6 -6.6  0.009999-99.9-99.9-99.9-99.9 5.0 65 4.5 98 -4.3  12  9.7 3.4 0.6
5296820250629 -2.1-11.9  0.009999-99.9-99.9-99.9-99.9 5.2 66 3.0 82 -9.4  13 10.1 3.5 1.7
5296820250630  2.3 -8.9  0.009999-99.9-99.9-99.9-99.9 3.3 42 4.0 80 -6.1   9  6.9 2.6 1.2
5296820250701  1.1 -4.3  0.009999-99.9-99.9-99.9-99.9 3.3 43 5.2 96 -2.1  10  7.8 2.7 0.3
5296820250702  4.1 -2.4  1.519999-99.9-99.9-99.9-99.9 1.2 15 6.6 96  1.0   9  6.8 1.7 0.0
5296820250703  4.3  0.2  0.009999-99.9-99.9-99.9-99.9 4.1 53 6.8100  1.5  14 11.5 3.0 0.4
5296820250704  3.9 -3.2  0.009999-99.9-99.9-99.9-99.9 5.0 63 6.0 93 -0.4  14 11.2 3.4 0.9
5296820250705  0.4 -7.6  0.009999-99.9-99.9-99.9-99.9 5.2 65 4.5 99 -4.4   6  4.7 3.6 0.5
5296820250706 -0.9 -8.0  0.009999-99.9-99.9-99.9-99.9-9.9 99 5.0100 -3.0   4  3.4 0.9-9.9
5296820250707  1.5 -6.6  0.219999-99.9-99.9-99.9-99.9 0.2  3 5.4 98 -2.0  16 12.4 1.3 0.0
5296820250708  4.6 -2.8  0.009999-99.9-99.9-99.9-99.9 2.7 34 6.0 90 -0.2  18 14.1 2.5 0.9
5296820250709  9.6  0.0  0.009999-99.9-99.9-99.9-99.9 3.5 44 6.9 84  1.7  22 17.7 2.9 5.5
5296820250710 10.6  1.1  0.009999-99.9-99.9-99.9-99.9 1.2 14 7.5 96  2.8  33 26.1 1.8 7.9
5296820250711  4.8 -0.8  0.009999-99.9-99.9-99.9-99.9 2.5 30 5.7 76 -0.9  26 21.1 2.4 6.9
5296820250712 10.2 -0.6  0.009999-99.9-99.9-99.9-99.9 4.6 56 6.4 76  0.6  28 22.6 3.5 7.9
5296820250713  7.0 -1.1  0.009999-99.9-99.9-99.9-99.9 4.1 50 5.7 73 -1.0  20 15.7 3.3 7.3
5296820250714  4.2 -0.4  0.009999-99.9-99.9-99.9-99.9-9.9 99 7.2100  2.2  12  9.5 0.5-9.9
5296820250715  6.8  0.8  0.009999-99.9-99.9-99.9-99.9 2.9 36 6.8 93  1.4  19 15.0 2.8 3.5
5296820250716  8.7 -1.5  0.009999-99.9-99.9-99.9-99.9-9.9 99 7.0 81  1.8  21 16.8 0.9-9.9
5296820250717  5.9 -0.6  0.009999-99.9-99.9-99.9-99.9 1.0 12 6.0 84 -0.4  19 15.0 1.9 4.7
5296820250718  4.8 -1.0  6.019999-99.9-99.9-99.9-99.9-9.9 99 6.6 96  1.0  12  9.4 0.3-9.9
5296820250719  4.4 -0.1  0.009999-99.9-99.9-99.9-99.9 5.4 64 6.4 91  0.6  32 25.9 4.2 4.3
5296820250720  5.9  0.0  0.009999-99.9-99.9-99.9-99.9 5.3 64 6.2 84  0.2  27 21.4 4.2 5.5
5296820250721  5.6  0.2  0.009999-99.9-99.9-99.9-99.9 1.9 23 5.9 81 -0.4  29 23.2 2.5 8.9
5296820250722  8.0  1.0  0.009999-99.9-99.9-99.9-99.9 6.2 73 5.7 71 -0.9  24 19.4 4.811.3
5296820250723  4.4 -1.6  0.009999-99.9-99.9-99.9-99.9 0.1  2 5.6 83 -1.2  16 12.8 1.6 3.4
5296820250724  6.4 -4.0  0.009999-99.9-99.9-99.9-99.9 3.7 43 5.2 81 -2.4  22 17.3 3.6 6.9
5296820250725  2.5 -6.3  0.009999-99.9-99.9-99.9-99.9 5.7 67 4.6 87 -4.0  19 15.2 4.7 1.9
5296820250726  2.7 -7.9  0.009999-99.9-99.9-99.9-99.9 5.8 68 4.8 93 -3.5   9  7.4 4.8 0.6
5296820250727  5.3 -7.6  0.009999-99.9-99.9-99.9-99.9 6.0 69 5.0 85 -2.9  12  9.9 5.0 1.0
5296820250728  3.7 -3.4  0.009999-99.9-99.9-99.9-99.9 5.6 64 5.5 95 -1.6  13 10.0 4.8 1.0
5296820250729 -0.5 -5.6  0.009999-99.9-99.9-99.9-99.9 2.2 25 4.9100 -3.0   3  2.7 2.9 0.0
5296820250730  1.1 -8.4  8.819999-99.9-99.9-99.9-99.9-9.9 99 5.2100 -2.6   4  3.0 1.3-9.9
5296820250731  3.6  0.6  1.819999-99.9-99.9-99.9-99.9-9.9 99 6.9100  1.7   1  1.1 1.5-9.9
5296820250801  3.0 -0.3  4.519999-99.9-99.9-99.9-99.9 0.9 10 6.6100  1.0   3  2.5 2.3 0.1
5296820250802  2.7  0.6  0.819999-99.9-99.9-99.9-99.9-9.9 99 6.7100  1.2   7  5.9 1.7-9.9
5296820250803  1.6 -0.7  0.519999-99.9-99.9-99.9-99.9-9.9 99 6.2100  0.2   3  2.7 1.5-9.9
5296820250804  0.8 -0.7  0.219999-99.9-99.9-99.9-99.9 0.6  7 5.7 92 -0.9   7  5.8 2.2 0.7
5296820250805  0.4 -5.1  0.009999-99.9-99.9-99.9-99.9 4.4 49 5.2100 -2.3  14 11.3 4.7 0.2
5296820250806  6.5 -2.5  0.009999-99.9-99.9-99.9-99.9 4.7 51 6.1 81 -0.1  32 25.3 4.9 4.6
5296820250807  6.8  3.2  0.009999-99.9-99.9-99.9-99.9 0.6  6 7.2 84  2.2  32 25.7 2.3 8.8
5296820250808 11.6  2.8  0.009999-99.9-99.9-99.9-99.9 5.6 60 7.6 80  2.9  19 15.5 5.6 7.0
5296820250809  6.1 -1.1  0.009999-99.9-99.9-99.9-99.9 1.0 10 6.6 91  1.1  13 10.4 2.7 2.1
5296820250810  9.0 -1.3  0.009999-99.9-99.9-99.9-99.9 4.9 52 6.8 88  1.5  10  8.1 5.3 1.5
5296820250811 10.7  0.8  0.219999-99.9-99.9-99.9-99.9 4.7 50 8.0 91  3.6  13 10.2 5.3 0.7
5296820250812  5.6 -0.7  0.009999-99.9-99.9-99.9-99.9 6.1 64 6.3 88  0.3  18 14.0 6.3 4.0
5296820250813  7.9  0.3  0.009999-99.9-99.9-99.9-99.9 7.0 73 6.7 87  1.2  29 23.3 7.0 6.2
5296820250814 10.5 -2.9  0.009999-99.9-99.9-99.9-99.9 7.3 76 6.2 80  0.2  12  9.7 7.3 3.2
5296820250815  2.2 -3.2  0.009999-99.9-99.9-99.9-99.9 2.5 25 5.6100 -1.2   7  5.5 4.0 0.5
5296820250816  0.6 -3.4  0.009999-99.9-99.9-99.9-99.9 2.2 22 5.6100 -1.2   1  0.7 3.9 0.2
5296820250817  3.8 -3.0  0.219999-99.9-99.9-99.9-99.9-9.9 99 6.3100  0.4   4  3.2 2.3-9.9
5296820250818  3.8  1.2  0.009999-99.9-99.9-99.9-99.9-9.9  0 7.4100  2.6   8  6.7 2.4 0.3
5296820250819 11.0  1.4  0.009999-99.9-99.9-99.9-99.9 4.0 40 7.1 83  2.1  18 14.1 5.4 4.8
5296820250820 11.7  0.7  0.009999-99.9-99.9-99.9-99.9 6.8 68 6.4 71  0.7  25 19.8 7.611.4
5296820250821  8.0 -1.0  0.009999-99.9-99.9-99.9-99.9 7.0 70 6.2 83  0.3  16 12.6 7.9 5.3
5296820250822  5.7 -2.2  2.519999-99.9-99.9-99.9-99.9 5.3 52 6.0 87 -0.2  19 15.4 6.7 3.0
5296820250823  7.1  0.1  3.819999-99.9-99.9-99.9-99.9 0.9  9 7.9 97  3.4  19 15.4 3.3 0.3
5296820250824  7.6  2.1  0.009999-99.9-99.9-99.9-99.9 5.3 52 7.0 77  1.7  31 24.6 6.9 9.6
5296820250825 10.8 -1.2  0.009999-99.9-99.9-99.9-99.9 6.5 63 6.6 75  1.1  19 15.0 7.9 6.0
5296820250826  7.8  0.2  0.219999-99.9-99.9-99.9-99.9 1.3 12 6.8 79  1.3  22 17.9 3.8 7.3
5296820250827 11.2  2.0  0.009999-99.9-99.9-99.9-99.9 7.6 73 7.0 71  1.9  21 16.6 9.110.7
5296820250828 11.3  1.0  0.009999-99.9-99.9-99.9-99.9 5.8 56 7.2 81  2.3  11  9.0 7.7 3.9
5296820250829  9.6 -2.0  0.009999-99.9-99.9-99.9-99.9 7.6 72 6.7 86  1.2   7  5.5 9.3 1.9
5296820250830 12.6 -0.3  0.009999-99.9-99.9-99.9-99.9 5.7 54 6.1 66 -0.0  31 24.6 7.814.9
5296820250831 11.2  2.5  0.009999-99.9-99.9-99.9-99.9 2.0 19 6.5 70  0.8  25 20.1 4.715.4
5296820250901 11.5 -1.4  0.009999-99.9-99.9-99.9-99.9 7.2 67 5.9 68 -0.4  21 16.6 9.311.0
5296820250902  6.1 -1.3  0.009999-99.9-99.9-99.9-99.9 7.4 68 5.6 84 -1.3  31 24.7 9.610.3
5296820250903  5.4 -2.8  0.009999-99.9-99.9-99.9-99.9 4.0 37 5.5 80 -1.6  31 24.6 6.7 6.5
5296820250904 11.9  0.4  0.009999-99.9-99.9-99.9-99.9 8.2 75 6.9 76  1.6  22 17.810.6 8.5
5296820250905 13.6  4.1  0.009999-99.9-99.9-99.9-99.9 5.4 49 8.3 79  4.3  35 27.7 8.213.4
5296820250906 13.7  4.0  0.009999-99.9-99.9-99.9-99.9 7.5 67 7.9 75  3.6  27 21.310.112.6
5296820250907 11.4  1.8  0.009999-99.9-99.9-99.9-99.9 4.1 37 6.9 71  1.7  23 18.6 7.211.6
5296820250908 11.4  1.8  0.009999-99.9-99.9-99.9-99.9 4.8 43 8.0 87  3.8  14 10.8 7.9 4.0
5296820250909  6.7  3.6  1.219999-99.9-99.9-99.9-99.9-9.9 99 8.7100  4.9  30 24.0 3.2-9.9
5296820250910  7.6  3.3  0.219999-99.9-99.9-99.9-99.9-9.9 99 8.7100  4.9  12  9.7 3.0-9.9
5296820250911 15.5  1.4  0.009999-99.9-99.9-99.9-99.9 5.6 49 8.3 79  4.3  24 19.5 9.0 7.3
5296820250912 14.5  3.7  0.009999-99.9-99.9-99.9-99.9 1.7 15 7.4 70  2.7  23 18.1 5.315.1
5296820250913 16.1  1.8  0.009999-99.9-99.9-99.9-99.9 8.1 70 6.4 61  0.5  20 16.111.619.8
5296820250914 14.4  1.2  0.009999-99.9-99.9-99.9-99.9 3.4 29 6.5 57  0.8  27 21.3 7.118.7
5296820250915 10.0  1.5  0.009999-99.9-99.9-99.9-99.9 3.6 31 6.7 74  1.1  19 14.9 7.411.3
5296820250916  9.8 -3.7  0.009999-99.9-99.9-99.9-99.9 8.3 71 5.4 70 -1.7  23 18.712.310.3
5296820250917  9.9 -2.8  0.009999-99.9-99.9-99.9-99.9 9.3 79 5.2 70 -2.1  18 14.813.4 9.1
5296820250918 10.6 -5.3  0.009999-99.9-99.9-99.9-99.9 9.3 79 5.7 76 -0.9  12  9.413.6 5.6
5296820250919 13.5 -1.3  0.009999-99.9-99.9-99.9-99.9 6.8 57 7.5 80  2.7  19 15.211.1 6.3
5296820250920 13.8  2.7  0.009999-99.9-99.9-99.9-99.9 5.2 43 7.7 72  3.3  15 11.7 9.5 9.2
5296820250921 12.9  1.1  0.009999-99.9-99.9-99.9-99.9 4.7 39 6.8 69  1.3  29 23.2 9.218.9
5296820250922  7.8 -3.1  0.009999-99.9-99.9-99.9-99.9 7.0 58 4.9 66 -3.2  30 24.211.717.4
5296820250923 10.6 -1.4  0.009999-99.9-99.9-99.9-99.9 9.5 78 5.6 74 -1.2  17 13.614.5 9.4
5296820250924 15.4 -0.3  0.009999-99.9-99.9-99.9-99.9 5.6 46 6.1 59 -0.1  17 13.910.512.4
5296820250925 22.4  6.0  0.009999-99.9-99.9-99.9-99.9 6.5 53 8.4 57  4.4  21 16.611.521.5
5296820250926 16.7  5.6  0.009999-99.9-99.9-99.9-99.9 6.8 55 8.0 64  3.6  11  8.711.910.0
5296820250927 19.8  3.1  0.009999-99.9-99.9-99.9-99.9 4.7 38 7.6 51  3.0  25 19.7 9.823.1
5296820250928 14.2  5.0  0.009999-99.9-99.9-99.9-99.9 6.0 48 6.1 55 -0.3  51 40.711.3-9.9
5296820250929 13.9 -0.5  0.009999-99.9-99.9-99.9-99.9 8.7 69 5.1 53 -2.4  39 31.014.5-9.9
5296820250930 15.1 -0.1  7.819999-99.9-99.9-99.9-99.9 8.9 71 6.2 58  0.1  38 30.314.9-9.9
5296820251001  9.3  2.8  1.019999-99.9-99.9-99.9-99.9 3.2 25 7.4 86  2.3  27 21.7 8.5 9.4
5296820251002 13.0 -0.4  0.009999-99.9-99.9-99.9-99.9 6.4 50 5.9 60 -0.6  29 23.112.322.2
5296820251003 12.0  0.3  0.009999-99.9-99.9-99.9-99.9 3.1 24 6.2 64 -0.0  19 15.0 8.512.4
5296820251004 10.7 -1.7  0.009999-99.9-99.9-99.9-99.9 6.9 53 5.7 70 -0.9  16 13.113.0 9.7
5296820251005 13.0 -4.1  0.009999-99.9-99.9-99.9-99.9 7.6 59 5.5 63 -1.7  15 12.214.010.1
5296820251006 14.4  0.2  0.009999-99.9-99.9-99.9-99.9 2.7 20 6.4 57  0.6  21 17.0 8.318.4
5296820251007 17.4  1.8  0.009999-99.9-99.9-99.9-99.9 4.4 34 6.9 57  1.5  28 22.110.522.7
5296820251008 12.4  3.7  0.009999-99.9-99.9-99.9-99.9 7.8 59 7.3 75  2.3  34 27.614.620.8
5296820251009 11.8  1.1  0.009999-99.9-99.9-99.9-99.9 6.5 49 5.7 58 -0.9  43 34.713.1-9.9
5296820251010 13.5  3.1  0.009999-99.9-99.9-99.9-99.9 7.1 53 5.7 53 -0.9  32 26.014.0-9.9
5296820251011 18.7  2.7  0.009999-99.9-99.9-99.9-99.9 6.2 46 5.9 45 -0.6  27 21.913.0-9.9
5296820251012 18.5  3.2  0.009999-99.9-99.9-99.9-99.9 5.5 41 6.8 50  1.3  18 14.212.321.0
5296820251013 14.9  2.8  0.219999-99.9-99.9-99.9-99.9 5.8 43 7.0 61  1.8  28 22.512.8-9.9
5296820251014 16.9  1.5  0.009999-99.9-99.9-99.9-99.9 8.0 59 6.3 49  0.4  16 13.015.616.9
5296820251015 15.2 -0.6  0.009999-99.9-99.9-99.9-99.9 5.5 40 6.0 63 -0.3  12  9.712.510.8
5296820251016 13.0  0.3  0.009999-99.9-99.9-99.9-99.9 9.5 70 6.1 62  0.0  30 24.217.823.4
5296820251017 15.4 -0.4  0.009999-99.9-99.9-99.9-99.9 5.7 42 6.1 54 -0.0  20 16.113.118.0
5296820251018 22.7  5.7  0.009999-99.9-99.9-99.9-99.9 3.1 22 7.3 45  2.4  17 13.9 9.823.2
5296820251019 22.2  7.3  0.009999-99.9-99.9-99.9-99.9 4.6 33 8.2 58  3.8  15 12.111.820.4
5296820251020 17.1  5.5  0.009999-99.9-99.9-99.9-99.9 5.1 37 6.7 56  1.0  20 16.212.622.5
5296820251021 16.2 -1.9  0.009999-99.9-99.9-99.9-99.9 7.8 56 6.0 51 -0.4  17 13.316.216.5
5296820251022 17.9  6.6  0.009999-99.9-99.9-99.9-99.9 7.6 54 5.4 42 -1.7  28 22.416.0-9.9
5296820251023 15.1 -0.9  0.009999-99.9-99.9-99.9-99.9 6.7 47 6.1 52 -0.1  15 11.714.915.1
5296820251024 14.2 -0.3  0.819999-99.9-99.9-99.9-99.9 7.1 50 5.8 70 -0.9  27 21.215.520.2
5296820251025  8.6  0.7  4.019999-99.9-99.9-99.9-99.9 4.0 28 7.1 89  2.0  42 33.411.610.2
5296820251026 11.4 -0.5  0.009999-99.9-99.9-99.9-99.9 8.0 56 5.6 59 -1.3  11  9.116.910.0
5296820251027 20.0 -1.3  0.009999-99.9-99.9-99.9-99.912.3 86 5.6 47 -1.2  23 18.622.9-9.9
5296820251028 25.1  5.0  0.009999-99.9-99.9-99.9-99.911.2 77 5.4 28 -2.0  25 19.821.5-9.9
5296820251029 22.9  7.8  0.009999-99.9-99.9-99.9-99.9 9.5 66 7.8 46  3.3  10  8.019.417.7
5296820251030 19.5  5.6  1.219999-99.9-99.9-99.9-99.9 3.5 24 8.7 57  4.7  10  7.811.311.8
5296820251031 15.3  3.8  0.219999-99.9-99.9-99.9-99.9 1.9 13 8.2 71  3.9  22 18.0 9.114.8
5296820251101 13.7  2.1  0.009999-99.9-99.9-99.9-99.910.9 74 6.1 56 -0.1  47 37.721.6-9.9
5296820251102 12.8  4.2  0.009999-99.9-99.9-99.9-99.910.7 72 6.4 54  0.6  55 44.021.4-9.9
5296820251103 13.5  5.4  0.009999-99.9-99.9-99.9-99.9 6.3 42 6.9 58  1.7  50 40.315.4-9.9
5296820251104 14.4  4.4  0.009999-99.9-99.9-99.9-99.9 9.0 60 6.3 53  0.4  38 30.719.2-9.9
5296820251105 14.0  4.6  0.009999-99.9-99.9-99.9-99.9 3.7 25 8.1 69  4.0  24 19.012.016.5
5296820251106 18.4  6.6  0.009999-99.9-99.9-99.9-99.9 7.5 50 7.8 54  3.3  18 14.617.320.9
5296820251107 19.6  0.6  0.009999-99.9-99.9-99.9-99.911.4 76 7.5 58  2.9  19 15.323.019.7
5296820251108 19.1  5.6  0.009999-99.9-99.9-99.9-99.9 7.6 50 8.6 55  4.8  39 31.017.7-9.9
5296820251109 24.5  9.6  0.009999-99.9-99.9-99.9-99.912.3 81 8.0 38  3.7  31 24.524.4-9.9
5296820251110 23.6  4.1  0.009999-99.9-99.9-99.9-99.9 7.7 50 8.3 48  4.2  14 10.917.920.0
5296820251111 18.3  8.4  0.009999-99.9-99.9-99.9-99.9 2.9 19 8.4 63  4.2  19 15.611.221.6
5296820251112 17.6  5.8  0.009999-99.9-99.9-99.9-99.912.7 83 6.2 40  0.1  42 33.425.2-9.9
5296820251113 20.5  5.2  0.009999-99.9-99.9-99.9-99.9 5.3 34 7.3 47  2.5  34 27.214.8-9.9
5296820251114 15.3  8.6  0.009999-99.9-99.9-99.9-99.9 6.6 43 7.1 46  1.8  30 23.816.8-9.9
5296820251115 15.6  5.7  0.009999-99.9-99.9-99.9-99.9 9.6 62 6.6 52  1.0  41 33.021.1-9.9
5296820251116 13.3  2.2  2.019999-99.9-99.9-99.9-99.9 2.8 18 7.6 69  2.8  30 23.811.316.7
5296820251117 11.5  4.9  1.019999-99.9-99.9-99.9-99.9 9.2 59 8.2 76  3.9  52 41.920.7-9.9
5296820251118 12.8  2.3  1.019999-99.9-99.9-99.9-99.9 2.4 16 7.1 58  2.0  45 36.310.9-9.9
5296820251119 13.6  1.8  0.009999-99.9-99.9-99.9-99.9 1.9 12 7.4 64  2.6  22 17.510.114.9
5296820251120 15.4  3.9  0.219999-99.9-99.9-99.9-99.9 3.5 22 8.1 65  3.9  15 12.012.512.7
5296820251121 19.9  6.2  0.009999-99.9-99.9-99.9-99.9 6.8 43 8.5 61  4.5  21 17.017.422.4
5296820251122 20.5  3.5  0.009999-99.9-99.9-99.9-99.9 5.2 33 8.3 47  4.2  16 12.915.220.7
5296820251123 17.2  7.1  0.009999-99.9-99.9-99.9-99.910.9 69 7.0 40  1.5  30 24.323.6-9.9
5296820251124 18.2  6.9  0.009999-99.9-99.9-99.9-99.910.8 68 6.8 45  1.5  29 23.123.5-9.9
5296820251125 15.3  4.4  0.009999-99.9-99.9-99.9-99.9 2.7 17 7.3 54  2.5  17 13.711.718.9
5296820251126 18.8  8.9  0.009999-99.9-99.9-99.9-99.911.8 73 7.7 48  3.0  33 26.325.0-9.9
5296820251127 16.4  1.7  0.009999-99.9-99.9-99.9-99.910.7 66 6.2 47  0.1  25 20.323.5-9.9
5296820251128 21.8  5.3  0.009999-99.9-99.9-99.9-99.913.7 85 6.9 42  1.6  26 20.528.1-9.9
5296820251129 22.0  2.6  0.009999-99.9-99.9-99.9-99.913.6 85 7.2 44  2.4  15 11.928.021.7
5296820251130 22.9  6.0  0.009999-99.9-99.9-99.9-99.910.6 65 7.9 49  3.6  11  8.523.517.1
5296820251201 22.3  8.8  0.009999-99.9-99.9-99.9-99.9 6.9 42 9.0 49  5.3  11  8.418.116.8
5296820251202 21.9  8.0  0.009999-99.9-99.9-99.9-99.9 9.1 56 7.7 46  2.7  18 14.121.4-9.9
5296820251203 17.0  4.3  0.009999-99.9-99.9-99.9-99.9 9.5 59 5.7 42 -1.2  26 21.122.1-9.9
5296820251204 19.0  4.8  0.009999-99.9-99.9-99.9-99.910.9 67 5.8 41 -0.8  34 26.824.2-9.9
5296820251205 16.6  3.8  0.009999-99.9-99.9-99.9-99.9 7.2 44 6.2 43  0.1  24 19.218.6-9.9
5296820251206 18.3  6.5  0.519999-99.9-99.9-99.9-99.9 0.4  2 9.2 62  5.7  15 12.2 8.513.3
5296820251207 26.2  8.3  0.009999-99.9-99.9-99.9-99.9 4.4 2710.8 46  8.0  18 14.414.623.3
5296820251208 22.5  7.5  0.819999-99.9-99.9-99.9-99.9 7.6 4610.8 60  7.9  14 11.419.417.9
5296820251209 20.6  9.4  0.009999-99.9-99.9-99.9-99.911.8 72 8.3 41  4.0  23 18.125.6-9.9
5296820251210 16.8  6.6  0.009999-99.9-99.9-99.9-99.9-9.9 99 7.5 48  2.7  18 14.2 7.3-9.9
5296820251211 25.0  9.6  0.009999-99.9-99.9-99.9-99.9 8.1 49 8.0 43  3.6  34 26.920.2-9.9
5296820251212 15.5  2.5  0.219999-99.9-99.9-99.9-99.9 9.0 54 5.6 59 -1.2  49 39.221.5-9.9
5296820251213 13.4  5.6  0.009999-99.9-99.9-99.9-99.9 9.3 56 6.3 52  0.4  55 44.322.0-9.9
5296820251214 14.0  3.2  0.009999-99.9-99.9-99.9-99.9 5.4 33 6.3 55  0.4  45 36.016.3-9.9
5296820251215 16.6  2.3  0.219999-99.9-99.9-99.9-99.910.9 66 5.9 45 -0.4  30 23.924.5-9.9
5296820251216 20.3  6.2  0.009999-99.9-99.9-99.9-99.9 6.7 40 8.1 52  3.7  40 31.818.1-9.9
5296820251217 15.4  5.4  0.009999-99.9-99.9-99.9-99.9 7.6 46 6.3 47  0.2  41 32.719.5-9.9
5296820251218 13.5  1.9  0.819999-99.9-99.9-99.9-99.9 6.2 37 6.2 49  0.1  28 22.417.4-9.9
5296820251219 15.9  5.7  0.519999-99.9-99.9-99.9-99.9 3.9 23 9.0 68  5.4  17 13.513.912.8
5296820251220 19.5  3.8  0.009999-99.9-99.9-99.9-99.9 7.1 43 7.7 49  3.1  19 14.918.923.9
5296820251221 21.8  6.6  0.009999-99.9-99.9-99.9-99.9 9.0 54 6.7 35  1.4  32 25.521.7-9.9
5296820251222 19.4 10.7  0.009999-99.9-99.9-99.9-99.9 5.7 34 6.9 43  1.7  36 29.016.7-9.9
5296820251223 17.9  3.9  0.009999-99.9-99.9-99.9-99.9 2.7 16 6.3 43  0.2  23 18.112.2-9.9
5296820251224 15.3  3.9  0.009999-99.9-99.9-99.9-99.911.0 66 6.4 50  0.6  46 36.524.6-9.9
5296820251225 19.9  5.6  0.009999-99.9-99.9-99.9-99.9 6.3 38 7.6 45  3.0  31 24.817.6-9.9
5296820251226 18.9  8.1  0.009999-99.9-99.9-99.9-99.9 8.6 52 7.2 51  2.1  33 26.521.0-9.9
5296820251227 20.1  3.5  0.009999-99.9-99.9-99.9-99.911.6 70 7.9 51  3.5  48 38.425.6-9.9
5296820251228 16.9  8.1  1.019999-99.9-99.9-99.9-99.9 0.6  4 9.7 68  6.3  19 15.5 9.015.9
5296820251229 20.7  8.2  2.219999-99.9-99.9-99.9-99.9 2.4 1412.4 76 10.1  15 11.711.710.4
5296820251230 22.3  9.2  0.009999-99.9-99.9-99.9-99.9 8.3 50 9.9 62  6.6  35 28.020.5-9.9
5296820251231 19.1  5.9  0.009999-99.9-99.9-99.9-99.9 6.7 41 7.7 47  3.2  32 25.918.1-9.9
5296820260101 16.8  4.9  3.819999-99.9-99.9-99.9-99.913.1 80 5.8 38 -0.8  40 32.027.7-9.9
5296820260102 12.4  5.2  3.519999-99.9-99.9-99.9-99.9-9.9 9911.1100  8.2  14 11.4 7.6-9.9
5296820260103 22.3  8.3  0.009999-99.9-99.9-99.9-99.9 2.6 1613.9 77 11.8  32 25.612.014.1
5296820260104 25.2 12.1  0.009999-99.9-99.9-99.9-99.910.2 6211.3 45  8.6  34 27.023.3-9.9
5296820260105 21.0 12.4  0.009999-99.9-99.9-99.9-99.910.4 63 9.0 53  4.6  34 27.323.5-9.9
5296820260106 15.7  6.1  0.009999-99.9-99.9-99.9-99.910.5 64 5.8 46 -0.9  37 29.223.7-9.9
5296820260107 19.6  1.7  0.009999-99.9-99.9-99.9-99.913.8 84 6.3 39  0.3  13 10.528.519.4
5296820260108 22.1  5.3  0.519999-99.9-99.9-99.9-99.9 5.4 3310.1 63  7.0   9  7.016.111.1
5296820260109 23.3  7.1  0.009999-99.9-99.9-99.9-99.913.9 85 9.0 48  5.4  17 13.928.6-9.9
5296820260110 26.3 10.6  3.819999-99.9-99.9-99.9-99.9 6.1 3811.9 68  9.3  27 21.217.0-9.9
5296820260111 19.7  6.5  0.009999-99.9-99.9-99.9-99.9 8.6 53 9.1 60  5.5  22 17.720.625.0
5296820260112 19.7  6.2  0.009999-99.9-99.9-99.9-99.9 7.4 45 7.7 43  2.9  23 18.018.8-9.9
5296820260113 24.4 10.1  0.009999-99.9-99.9-99.9-99.9 3.7 23 8.4 41  4.5  28 22.013.3-9.9
5296820260114 22.6  5.8  1.019999-99.9-99.9-99.9-99.9 6.2 38 8.9 72  5.1  16 12.516.920.8
5296820260115 20.1  3.3  0.009999-99.9-99.9-99.9-99.9 7.6 48 7.3 42  2.2  21 17.019.0-9.9
5296820260116 19.7  9.1  0.009999-99.9-99.9-99.9-99.9 5.3 33 7.2 45  2.2  37 29.215.6-9.9
5296820260117 17.2  6.1  0.009999-99.9-99.9-99.9-99.9 7.3 45 7.0 48  1.9  35 27.618.4-9.9
5296820260118 22.1  4.3  0.009999-99.9-99.9-99.9-99.910.3 65 7.1 42  2.1  23 18.122.8-9.9
5296820260119 22.0  7.8  0.009999-99.9-99.9-99.9-99.9 7.4 47 8.1 46  3.7  18 14.418.5-9.9
5296820260120 27.0  6.7  0.009999-99.9-99.9-99.9-99.9 6.6 42 8.2 41  4.1  19 15.317.2-9.9
5296820260121 21.6  5.1  0.009999-99.9-99.9-99.9-99.913.3 84 7.1 43  2.0  24 18.927.0-9.9
5296820260122 27.1  3.4  0.009999-99.9-99.9-99.9-99.913.4 85 7.4 37  2.6  18 14.727.0-9.9
5296820260123 25.1 10.3  0.009999-99.9-99.9-99.9-99.9 5.1 33 9.8 53  6.6  15 12.015.022.4
5296820260124 25.0 10.4  0.009999-99.9-99.9-99.9-99.9 1.4  910.2 50  7.3  14 11.5 9.520.6
5296820260125 24.7  8.2  3.219999-99.9-99.9-99.9-99.9 3.9 2511.2 69  8.5  15 11.713.113.0
5296820260126 20.6  3.6  0.009999-99.9-99.9-99.9-99.911.5 74 7.6 50  2.8  25 19.924.0-9.9
5296820260127 25.6 11.2  0.009999-99.9-99.9-99.9-99.910.3 66 8.5 41  4.3  38 30.022.1-9.9
5296820260128 24.0  4.5  0.009999-99.9-99.9-99.9-99.913.0 85 7.8 42  3.3  29 23.226.0-9.9
5296820260129 35.6 11.8  0.009999-99.9-99.9-99.9-99.9 9.8 6411.9 35  9.4  18 14.121.2-9.9
5296820260130 31.7 15.6  0.009999-99.9-99.9-99.9-99.9 6.7 4413.4 41 11.2  24 18.916.8-9.9
5296820260131 21.4  9.0  0.009999-99.9-99.9-99.9-99.9 7.0 46 7.9 43  2.9  21 17.017.1-9.9
5296820260201 18.7  3.1  0.009999-99.9-99.9-99.9-99.9 8.2 54 5.5 35 -1.5  18 14.218.7-9.9
5296820260202 18.7  4.4  0.009999-99.9-99.9-99.9-99.9 8.9 59 7.4 49  2.6  17 13.419.621.1
5296820260203 20.5  4.2  0.009999-99.9-99.9-99.9-99.9 8.4 56 8.0 53  3.8  18 14.318.920.6
5296820260204 17.7  3.2  0.819999-99.9-99.9-99.9-99.9 8.1 54 7.7 56  3.2  21 17.118.322.4
5296820260205 18.4  7.6  1.219999-99.9-99.9-99.9-99.9 2.7 18 9.8 62  6.6  41 32.910.7-9.9
5296820260206 23.2  9.2  0.009999-99.9-99.9-99.9-99.9 9.4 6311.1 55  8.4  41 32.720.0-9.9
5296820260207 19.1  8.8  0.009999-99.9-99.9-99.9-99.912.1 82 8.5 46  4.5  35 27.823.7-9.9
5296820260208 20.4  4.9  0.519999-99.9-99.9-99.9-99.9 4.0 27 9.6 68  6.2  21 16.612.319.2
5296820260209 21.5  4.3  0.009999-99.9-99.9-99.9-99.9 8.7 59 6.6 37  0.9  31 25.018.8-9.9
5296820260210 18.6  4.4  0.009999-99.9-99.9-99.9-99.9 9.5 65 6.6 48  0.9  25 20.319.7-9.9
5296820260211 11.0  4.1  0.219999-99.9-99.9-99.9-99.9 2.4 17 6.8 65  1.4  31 24.5 9.921.2
5296820260212 16.5  4.5  0.009999-99.9-99.9-99.9-99.9 7.9 55 7.6 58  3.0  30 24.317.4-9.9
5296820260213 19.3  4.1  0.009999-99.9-99.9-99.9-99.9 9.5 66 7.8 55  3.3  16 13.019.418.7
5296820260214 16.6  6.9  0.009999-99.9-99.9-99.9-99.9 8.9 62 7.2 50  1.9  22 17.618.5-9.9
5296820260215 20.8  0.9  0.009999-99.9-99.9-99.9-99.9 5.0 35 5.6 37 -1.3  22 17.413.0-9.9
5296820260216 27.6 11.6  2.819999-99.9-99.9-99.9-99.9 3.4 2410.0 54  6.5  22 18.010.8-9.9
5296820260217 13.8  7.8  1.019999-99.9-99.9-99.9-99.9 3.1 2210.0 73  6.6  22 17.510.413.3
5296820260218 16.9  5.1  0.009999-99.9-99.9-99.9-99.9 6.2 44 7.8 56  3.4  21 16.714.520.8
5296820260219 22.1 11.0  0.009999-99.9-99.9-99.9-99.911.0 78 9.4 48  6.1  30 24.220.7-9.9
5296820260220 28.5  9.0  0.009999-99.9-99.9-99.9-99.9 6.0 4311.7 53  9.2  17 13.413.923.2
5296820260221 24.6 15.3  0.009999-99.9-99.9-99.9-99.9 8.7 6311.3 51  8.7  16 13.017.4-9.9
5296820260222 22.6  9.0  0.009999-99.9-99.9-99.9-99.9 9.5 68 8.8 45  4.9  20 15.718.3-9.9
5296820260223 15.7  7.7  2.819999-99.9-99.9-99.9-99.9-9.9 99 8.5 74  4.3  21 17.1 5.7-9.9
5296820260224 18.9  2.1  0.009999-99.9-99.9-99.9-99.9 9.1 66 7.3 55  2.5  18 14.617.617.1
5296820260225 24.0  5.3  0.009999-99.9-99.9-99.9-99.9 9.1 66 9.1 58  5.5  13 10.517.416.1
5296820260226 29.1  9.8  0.009999-99.9-99.9-99.9-99.9 8.1 59 8.9 38  5.1  18 14.516.0-9.9
5296820260227 20.8  6.0  1.219999-99.9-99.9-99.9-99.9 5.7 4210.0 69  6.6  16 12.912.815.7
5296820260228 16.9  8.0  2.019999-99.9-99.9-99.9-99.9 3.0 2211.3 90  8.7   8  6.5 9.4 4.4
5296820260301 16.1  3.6 17.819999-99.9-99.9-99.9-99.9 4.1 3010.4 80  7.4  20 16.110.6 6.1
5296820260302 16.2  6.7  0.219999-99.9-99.9-99.9-99.9 6.3 47 9.9 83  6.8  21 16.513.310.9
5296820260303 17.6  6.8  0.519999-99.9-99.9-99.9-99.9 4.8 36 9.3 81  5.7  23 18.511.316.3
5296820260304 13.0  5.4  0.009999-99.9-99.9-99.9-99.9 6.9 52 8.0 70  3.6  45 36.313.8-9.9
5296820260305 14.3  6.7  0.009999-99.9-99.9-99.9-99.9 3.7 28 8.9 72  5.2  31 24.5 9.819.1
5296820260306 16.1  1.1  0.009999-99.9-99.9-99.9-99.9 9.6 74 9.0 77  5.3  13 10.716.9 8.1
5296820260307 15.0  7.2  0.009999-99.9-99.9-99.9-99.9 4.0 3111.8 89  9.4  37 29.610.0 7.2
5296820260308 17.7 10.4  0.219999-99.9-99.9-99.9-99.9 1.0  814.0 98 12.0  35 27.7 6.3 1.1
5296820260309 17.0 11.8  3.819999-99.9-99.9-99.9-99.9 0.4  315.0100 13.0  29 23.3 5.5 1.1
5296820260310 22.9  7.7  0.009999-99.9-99.9-99.9-99.9 9.9 7712.3 61 10.0  18 14.016.614.3
5296820260311 19.1 10.6  0.009999-99.9-99.9-99.9-99.9 6.5 5110.3 64  7.3  14 11.112.414.8
5296820260312 18.5  5.7  0.009999-99.9-99.9-99.9-99.9 6.1 48 8.0 50  3.6  29 23.311.9-9.9
5296820260313 17.5  4.2  0.009999-99.9-99.9-99.9-99.9 8.4 67 6.8 50  1.4  19 15.214.423.3
5296820260314 18.7  5.6  0.009999-99.9-99.9-99.9-99.9 4.4 35 7.9 57  3.3  29 22.9 9.7-9.9
5296820260315 17.3  6.4  0.009999-99.9-99.9-99.9-99.9 7.6 61 7.2 57  2.1  16 12.513.218.0
5296820260316 18.5  2.0  1.019999-99.9-99.9-99.9-99.9 8.1 65 8.4 66  4.2  12  9.713.7 9.9
5296820260317 10.5  3.8  5.519999-99.9-99.9-99.9-99.9-9.9 99 9.4 91  6.0  38 30.7 2.8-9.9
5296820260318 14.7  3.1  0.009999-99.9-99.9-99.9-99.9 8.4 68 8.2 74  4.0  28 22.513.715.2
5296820260319 14.1  2.7  4.019999-99.9-99.9-99.9-99.9 2.2 18 9.7 88  6.4  10  8.1 6.8 2.1
5296820260320 16.8  2.7  0.219999-99.9-99.9-99.9-99.9 7.7 63 9.5 79  6.2  16 13.012.7 7.5
5296820260321 11.6  4.7  0.009999-99.9-99.9-99.9-99.9 7.0 58 7.6 69  2.7  28 22.711.819.2
5296820260322 12.7  0.1  0.009999-99.9-99.9-99.9-99.9 7.9 65 6.8 74  1.4  16 13.212.6 8.7
5296820260323 16.5  5.0  0.009999-99.9-99.9-99.9-99.9 0.1  1 7.7 64  3.1  34 27.1 4.323.5
5296820260324 10.4  2.8  0.219999-99.9-99.9-99.9-99.9 7.3 61 6.4 63  0.5  44 35.311.7-9.9
5296820260325  8.0  0.9  0.009999-99.9-99.9-99.9-99.9 4.9 42 6.8 91  1.4  46 37.0 9.217.7
5296820260326 16.8  0.6  0.009999-99.9-99.9-99.9-99.9 6.8 58 6.8 62  1.5  26 21.111.017.4
5296820260327 20.1  7.2  0.009999-99.9-99.9-99.9-99.9 2.9 25 8.5 56  4.7  23 18.2 6.923.5
5296820260328 19.9  9.2  0.009999-99.9-99.9-99.9-99.9 0.2  2 9.2 64  5.7  33 26.4 4.1-9.9
5296820260329 20.8  5.3  0.009999-99.9-99.9-99.9-99.9 8.7 75 8.1 58  3.9  27 21.912.5-9.9
5296820260330 20.3  4.9  0.009999-99.9-99.9-99.9-99.9 6.0 52 8.8 64  5.1  18 14.2 9.716.5
5296820260331 15.1  5.3  0.219999-99.9-99.9-99.9-99.9 7.3 64 7.1 50  2.0  31 24.810.8-9.9
5296820260401 12.3  2.7  0.009999-99.9-99.9-99.9-99.9 7.5 66 6.3 61  0.4  42 33.810.9-9.9
5296820260402  9.5  2.2  0.519999-99.9-99.9-99.9-99.9-9.9 99 7.4 89  2.5  20 16.0 3.2-9.9
5296820260403 10.5  1.1  0.009999-99.9-99.9-99.9-99.9 5.5 49 7.3 79  2.4  28 22.6 8.8 7.6
5296820260404 14.1  5.8  0.009999-99.9-99.9-99.9-99.9 7.2 64 8.9 73  5.3  24 18.910.213.5
5296820260405 16.5  0.6  0.009999-99.9-99.9-99.9-99.9 7.8 71 8.9 85  5.1  17 13.410.7 5.4
5296820260406 13.4  4.0  0.009999-99.9-99.9-99.9-99.9 8.0 72 7.6 61  2.7  24 19.210.719.6
5296820260407 15.6  2.2  0.009999-99.9-99.9-99.9-99.9 2.7 24 7.1 64  1.9  16 12.7 5.712.2
5296820260408 15.4  5.6  0.009999-99.9-99.9-99.9-99.9 1.8 17 7.4 56  2.6  32 26.0 4.9-9.9
5296820260409 15.6  7.3  0.009999-99.9-99.9-99.9-99.9 3.5 32 8.5 72  4.4  29 23.4 6.324.6
5296820260410 12.6  3.1  0.009999-99.9-99.9-99.9-99.9 1.4 13 7.8 74  3.1  28 22.6 4.316.9
5296820260411 13.1  5.6  0.009999-99.9-99.9-99.9-99.9 0.2  2 8.1 69  3.8  15 11.7 3.312.3
5296820260412 14.4 -0.2  0.009999-99.9-99.9-99.9-99.9 4.4 42 5.9 56 -0.6  33 26.4 6.8-9.9
5296820260413 14.1  7.8  1.819999-99.9-99.9-99.9-99.9 5.9 55 7.5 61  2.7  31 24.6 7.9-9.9
5296820260414 12.8  3.0  0.009999-99.9-99.9-99.9-99.9 5.9 56 7.5 65  2.4  32 26.0 7.922.3
5296820260415 17.2  6.5  0.009999-99.9-99.9-99.9-99.9 0.8  7 7.5 48  2.7  33 26.3 3.5-9.9
5296820260416 15.6  6.1  1.519999-99.9-99.9-99.9-99.9 5.3 51 7.5 64  2.7  21 16.8 7.224.6
5296820260417 13.8  1.1  0.009999-99.9-99.9-99.9-99.9 6.6 64 6.9 70  1.5  22 17.2 8.112.2
5296820260418  7.3  0.2  0.009999-99.9-99.9-99.9-99.9 1.8 18 6.4 82  0.6  12  9.3 4.2 4.8
5296820260419  9.7 -1.9  0.009999-99.9-99.9-99.9-99.9 1.9 19 6.7 76  1.1  17 13.9 4.2 5.4
5296820260420 17.7  5.1  0.009999-99.9-99.9-99.9-99.9 5.7 56 7.1 59  2.1  16 13.0 7.114.3
5296820260421 18.6  3.5  0.009999-99.9-99.9-99.9-99.9 6.1 60 7.2 59  2.1  18 14.1 7.317.4
5296820260422 13.7 -0.9  0.009999-99.9-99.9-99.9-99.9 4.5 45 5.9 56 -0.5  33 26.7 5.9-9.9
5296820260423 10.3  1.3  0.009999-99.9-99.9-99.9-99.9 3.9 39 6.0 74 -0.2  23 18.4 5.415.8
5296820260424  7.0  0.1  0.009999-99.9-99.9-99.9-99.9 6.5 66 5.5 70 -1.5  35 28.1 7.315.7
5296820260425  7.3 -0.4  0.009999-99.9-99.9-99.9-99.9 3.8 39 5.8 82 -0.8  24 19.2 5.2 8.2
5296820260426  7.3 -4.6  0.009999-99.9-99.9-99.9-99.9 2.8 28 5.4 70 -1.7  18 14.4 4.3 6.1
5296820260427 12.0  1.9  0.009999-99.9-99.9-99.9-99.9 4.4 45 7.1 72  2.0  26 20.5 5.512.9
5296820260428  8.0  1.4  2.019999-99.9-99.9-99.9-99.9-9.9 99 7.6 93  3.0  13 10.2 1.0-9.9
5296820260429  9.3  2.0  0.009999-99.9-99.9-99.9-99.9 6.0 62 7.1 78  2.0  27 21.9 6.4 9.3
5296820260430  8.0  0.1  0.009999-99.9-99.9-99.9-99.9 3.9 40 6.1 78 -0.0  29 23.3 4.810.2
5296820260501  7.0 -2.2  0.009999-99.9-99.9-99.9-99.9 5.7 60 5.7 83 -1.1  24 19.6 6.0 6.5
5296820260502  8.2 -1.6  0.219999-99.9-99.9-99.9-99.9 6.2 66 5.8 80 -0.7  16 12.8 6.3 4.6
5296820260503  7.8 -0.6  1.019999-99.9-99.9-99.9-99.9 1.8 19 7.7 94  3.1  12  9.8 3.2 0.9
5296820260504  6.9  1.8  1.019999-99.9-99.9-99.9-99.9 0.6  6 8.2 99  4.1   5  4.3 2.4 0.2
5296820260505  9.5  3.6  0.009999-99.9-99.9-99.9-99.9 0.7  8 9.3 97  5.8   9  7.6 2.4 0.2
5296820260506  6.9  1.8  8.219999-99.9-99.9-99.9-99.9-9.9 99 7.8100  3.3   6  4.8 0.7-9.9
5296820260507  4.8  1.6  8.819999-99.9-99.9-99.9-99.9-9.9 99 7.5100  2.8  19 14.9 1.5-9.9
5296820260508  6.7  1.8  2.819999-99.9-99.9-99.9-99.9 0.2  2 8.2100  4.1  14 11.0 2.0 0.2
5296820260509 10.1  3.2  0.009999-99.9-99.9-99.9-99.9 2.2 24 8.5 97  4.6  20 15.7 3.2 1.0
5296820260510  7.8 -0.8  4.519999-99.9-99.9-99.9-99.9 4.9 55 7.5 92  2.8  13 10.3 4.8 0.6
5296820260511  7.1  0.0  0.519999-99.9-99.9-99.9-99.9 3.8 43 7.2 92  2.2  27 21.8 4.1 3.8
5296820260512  6.5  0.0  0.009999-99.9-99.9-99.9-99.9 1.6 18 7.3 92  2.3  37 29.5 2.7 1.1
5296820260513  8.0  3.8  0.009999-99.9-99.9-99.9-99.9 0.9 10 8.9 96  5.2  30 24.2 2.2 1.5
5296820260514  8.9  4.0  0.009999-99.9-99.9-99.9-99.9 1.8 21 8.4 88  4.4  30 23.8 2.7 7.3
5296820260515  6.2  1.9  0.219999-99.9-99.9-99.9-99.9 3.9 44 7.2 86  2.2  31 25.0 3.9 7.0
5296820260516 10.3  3.8  0.009999-99.9-99.9-99.9-99.9 5.2 59 8.1 80  3.9  45 35.8 4.515.5
5296820260517 10.3  4.7  0.009999-99.9-99.9-99.9-99.9 0.8  9 8.9 84  5.2  37 29.5 2.0 9.0
5296820260518 12.4  5.1  0.009999-99.9-99.9-99.9-99.9 5.3 62 9.9 83  6.7  38 30.4 4.517.0
5296820260519 13.7  3.6  0.009999-99.9-99.9-99.9-99.9 4.5 5310.3 90  7.3  25 20.1 4.0 1.1
5296820260520 11.8  5.1  0.009999-99.9-99.9-99.9-99.9 5.1 6010.0 94  7.0  16 12.4 4.3 2.2
5296820260521  9.5  2.4  0.009999-99.9-99.9-99.9-99.9 3.3 39 8.5 89  4.6  14 11.4 3.2 1.9
5296820260522 11.2  2.6  0.009999-99.9-99.9-99.9-99.9 2.9 35 9.4 94  5.9   9  7.6 3.0 1.1
5296820260523  7.4  1.7  0.009999-99.9-99.9-99.9-99.9 0.7  8 8.3100  4.3  10  8.0 1.8 0.3
5296820260524  7.8  1.3  0.219999-99.9-99.9-99.9-99.9-9.9 99 8.6 99  4.7  10  7.9 1.3-9.9
5296820260525  7.1  0.7  1.519999-99.9-99.9-99.9-99.9 1.3 16 7.8100  3.5   8  6.1 2.1 0.5
5296820260526  5.5  1.7  1.019999-99.9-99.9-99.9-99.9-9.9 99 7.7100  3.3   5  3.9 1.2-9.9
5296820260527  4.9 -2.6  0.519999-99.9-99.9-99.9-99.9 0.3  4 7.3100  2.3  17 13.7 1.5 0.0
5296820260528  6.7  4.4  3.019999-99.9-99.9-99.9-99.9-9.9 99 9.3100  5.9  32 26.0 0.9-9.9
5296820260529  9.8  2.1  0.219999-99.9-99.9-99.9-99.9 1.0 12 8.9100  5.2  12  9.6 1.8 0.0
5296820260530  7.0  3.5  4.019999-99.9-99.9-99.9-99.9-9.9 99 8.7100  4.9   6  5.0 0.6-9.9
5296820260531  4.0 -0.9  0.219999-99.9-99.9-99.9-99.9 4.2 52 6.6100  1.1  11  8.5 3.3 0.5
5296820260601  3.4 -1.6  0.219999-99.9-99.9-99.9-99.9 5.4 67 6.6100  1.0  22 17.3 3.9 0.0
5296820260602  9.2  1.1  1.519999-99.9-99.9-99.9-99.9 4.5 56 9.2 98  5.6  21 16.6 3.4 0.0
5296820260603  8.0  4.7  3.519999-99.9-99.9-99.9-99.9 0.5  7 9.3 98  5.9  25 20.3 1.5 1.9
5296820260604  7.8  0.6  0.009999-99.9-99.9-99.9-99.9 4.7 59 7.6 96  2.9  11  8.6 3.5 0.7
5296820260605  6.4  1.4  0.009999-99.9-99.9-99.9-99.9 1.6 20 8.2100  4.0  20 16.0 1.9 0.0
5296820260606  7.1  1.0  0.009999-99.9-99.9-99.9-99.9 2.2 28 7.5 98  2.7  11  8.8 2.2 0.5
5296820260607  6.2 -0.4  0.009999-99.9-99.9-99.9-99.9 3.8 48 7.0 97  1.9  13 10.5 2.9 0.1
5296820260608  8.5  1.4  0.009999-99.9-99.9-99.9-99.9 0.9 11 7.7 85  3.2  17 13.6 1.6 2.3
5296820260609  8.6  2.5  0.219999-99.9-99.9-99.9-99.9 2.1 27 8.0 90  3.8  10  7.8 2.1 2.0
5296820260610  6.2  0.4  0.009999-99.9-99.9-99.9-99.9 2.0 26 7.0 97  1.8  30 23.7 2.1 3.3
5296820260611  5.8 -1.6  0.009999-99.9-99.9-99.9-99.9 2.6 34 6.5 92  0.8  15 11.7 2.3 1.0
5296820260612  1.8 -3.0  0.219999-99.9-99.9-99.9-99.9 3.9 50 5.6100 -1.3  32 25.7 2.9 0.8
5296820260613  5.9 -2.8  0.009999-99.9-99.9-99.9-99.9-9.9 99 7.0 92  1.7  42 33.2 0.8-9.9
5296820260614  9.1  5.7  0.009999-99.9-99.9-99.9-99.9 2.1 26 8.9 84  5.3  46 36.6 2.012.3
5296820260615  9.0  4.9  0.009999-99.9-99.9-99.9-99.9 1.6 21 8.7 91  4.9  41 33.1 1.910.9
5296820260616  5.6  1.5  0.009999-99.9-99.9-99.9-99.9 1.5 20 7.4 96  2.7  20 16.3 1.8 2.2
5296820260617  4.1 -0.6  0.219999-99.9-99.9-99.9-99.9-9.9 99 6.9 97  1.7  14 11.3 0.7-9.9
5296820260618  5.7 -0.3  0.009999-99.9-99.9-99.9-99.9 1.5 19 7.4 99  2.6  14 11.5 1.8 0.0
5296820260619  5.5 -0.6  0.519999-99.9-99.9-99.9-99.9-9.9 99 7.4100  2.6  21 16.5 0.6-9.9
5296820260620  3.8 -1.3  0.009999-99.9-99.9-99.9-99.9 0.5  6 6.7100  1.2  13 10.7 1.3 0.4
5296820260621  5.1  0.3-99.999999-99.9-99.9-99.9-99.9 2.2 29 7.4 97  2.5  19 15.5 2.1 0.0
5296820260622-99.9-99.9  0.009999-99.9-99.9-99.9-99.9-9.9 99-9.9 80-99.9 -99-99.9-9.9-9.9
5296820260623  3.4 -0.1  0.009999-99.9-99.9-99.9-99.9 1.8 23 6.9100  1.6  12  9.3 1.9 0.2
5296820260624  4.5 -1.5  0.009999-99.9-99.9-99.9-99.9 4.8 62 6.6 99  1.0  14 11.2 3.2 0.3
5296820260625  5.7 -0.5  0.009999-99.9-99.9-99.9-99.9-9.9 99 7.3 94  2.4  27 21.9 0.4-9.9
5296820260626  7.5  0.6  0.009999-99.9-99.9-99.9-99.9 1.9 24 6.9 87  1.7  23 18.1 1.9 5.7
5296820260627  6.3 -1.2  0.009999-99.9-99.9-99.9-99.9 5.8 74 5.4 74 -1.8  28 22.4 3.7 9.9
5296820260628  5.8 -0.4  0.009999-99.9-99.9-99.9-99.9 5.3 68 5.9 81 -0.5  33 26.3 3.511.7
5296820260629  8.4  1.2  0.009999-99.9-99.9-99.9-99.9 5.8 74 6.4 80  0.5  31 25.1 3.712.2
5296820260630  3.3 -2.3  0.009999-99.9-99.9-99.9-99.9 5.1 65 5.4 91 -1.8  27 21.4 3.4 4.5
5296820260701  5.1 -2.2  0.009999-99.9-99.9-99.9-99.9 0.3  4 6.3 89  0.3  24 19.0 1.3 1.4
5296820260702 10.0  2.0  0.009999-99.9-99.9-99.9-99.9 6.8 86 7.2 80  2.1  18 14.3 4.2 6.2
5296820260703  7.2 -1.1  0.009999-99.9-99.9-99.9-99.9 4.2 54 6.8 91  1.4   7  5.6 3.1 1.2
5296820260704  2.0 -1.9  0.009999-99.9-99.9-99.9-99.9 5.1 65 6.0100 -0.2  11  9.2 3.5 0.6
5296820260705  2.4 -5.5  0.009999-99.9-99.9-99.9-99.9 3.7 47 5.3100 -2.0   9  7.2 2.9 0.0
5296820260706  8.2 -1.7  0.009999-99.9-99.9-99.9-99.9-9.9 99 6.5 81  0.8  23 18.4 0.2-9.9
5296820260707  8.0 -1.5  0.009999-99.9-99.9-99.9-99.9 6.7 84 6.0 86 -0.2  23 18.4 4.3 8.3
5296820260708  4.1 -3.1  0.009999-99.9-99.9-99.9-99.9 7.4 93 5.3 89 -2.0  16 13.0 4.7 3.2
5296820260709  4.4 -4.9-99.999999-99.9-99.9-99.9-99.9-9.9 99-9.9-99-99.9 -99-99.9-9.9-9.9
5296820260805-99.9-99.9-99.999999-99.9-99.9-99.9-99.9-9.9 99-9.9-99-99.9 -99-99.9-9.9-9.9
5296820260806  2.0 -2.6-99.999999-99.9-99.9-99.9-99.9 0.1  1 6.0100 -0.3 -99-99.9 1.9-9.9
5296820260807-99.9-99.9  0.519999-99.9-99.9-99.9-99.9-9.9 99-9.9-99-99.9 -99-99.9-9.9-9.9
5296820260808  4.9 -2.5  0.009999-99.9-99.9-99.9-99.9 2.8 30 6.6100  0.9  13 10.8 3.8 0.0
5296820260809  3.6 -2.3  0.009999-99.9-99.9-99.9-99.9 5.2 55 6.2 97  0.1  23 18.7 5.4 0.2
5296820260810  5.5  0.6  0.009999-99.9-99.9-99.9-99.9 7.4 79 7.1 97  2.0  23 18.8 7.0 0.6
5296820260811  5.2  0.3  0.009999-99.9-99.9-99.9-99.9 8.8 93 6.8 98  1.4  16 12.9 8.0 0.7
5296820260812  5.7 -2.7  0.009999-99.9-99.9-99.9-99.9 8.4 88 6.5 98  0.8  12  9.3 7.9 0.5
5296820260813  7.6 -2.6  0.009999-99.9-99.9-99.9-99.9 8.3 87 6.2 92  0.1  18 14.1 7.9 2.1
5296820260814  3.1 -3.7  0.009999-99.9-99.9-99.9-99.9 5.7 60 5.4 96 -1.8   6  4.7 6.2 0.6
5296820260815  0.0 -4.1  0.009999-99.9-99.9-99.9-99.9-9.9 99 5.6100 -1.2   2  1.2 1.5-9.9
5296820260816  3.4 -0.3  6.519999-99.9-99.9-99.9-99.9 6.3 65 6.4100  0.5  11  9.0 6.8 0.1
5296820260817  5.3 -3.0  0.009999-99.9-99.9-99.9-99.9 1.2 12 6.1 91 -0.2  19 15.5 3.2 1.6
5296820260818  7.3  1.8  0.009999-99.9-99.9-99.9-99.9 8.1 82 7.3 89  2.5  33 26.4 8.3 5.8
5296820260819  6.9  0.1  0.009999-99.9-99.9-99.9-99.9 7.2 73 6.5 89  0.8  29 23.0 7.8 6.7
5296820260820  5.4 -0.9  0.009999-99.9-99.9-99.9-99.9 8.7 87 6.5 93  0.9  35 28.1 9.0 1.8
5296820260821  8.5  1.3  0.009999-99.9-99.9-99.9-99.910.5 99 7.7 96  3.2  33 26.010.5-9.9
5296820260822  8.3 -0.2  0.009999-99.9-99.9-99.9-99.910.8 99 6.8 93  1.5   9  7.510.8-9.9
5296820260823  7.0 -0.6  0.009999-99.9-99.9-99.9-99.910.6 99 6.8 97  1.4  18 14.110.9-9.9
5296820260824  6.0 -2.3  0.009999-99.9-99.9-99.9-99.9 7.5 73 6.6 96  0.9   7  6.0 8.6 0.4
5296820260825  8.6 -1.6  0.009999-99.9-99.9-99.9-99.9 7.5 73 6.8 96  1.3   8  6.4 8.7 0.5
5296820260826  3.6 -0.5  1.819999-99.9-99.9-99.9-99.9-9.9 99 7.1100  1.9   9  6.8 2.4-9.9
5296820260827  7.1  1.8  0.219999-99.9-99.9-99.9-99.9 2.7 26 7.8100  3.4   6  4.6 5.0 0.5
5296820260828  9.2  0.2  0.009999-99.9-99.9-99.9-99.9 7.1 68 7.7 97  3.1   6  4.9 8.7 0.5
5296820260829 10.9 -0.3  0.009999-99.9-99.9-99.9-99.911.3 99 7.0 88  1.8   9  7.312.3-9.9
5296820260830 11.1  1.1  0.009999-99.9-99.9-99.9-99.9 9.5 90 7.3 89  2.5  14 11.211.0 3.1
5296820260831  8.6  0.3  0.009999-99.9-99.9-99.9-99.910.1 94 6.6 88  1.1  24 18.811.6 5.7
5296820260901  8.3 -0.3  0.009999-99.9-99.9-99.9-99.911.3 99 6.5 88  0.9  22 18.012.8-9.9
5296820260902  8.3 -0.9  0.009999-99.9-99.9-99.9-99.9 7.5 69 6.3 81  0.4  35 27.8 9.610.1
5296820260903  8.4  2.1  0.009999-99.9-99.9-99.9-99.9 4.5 41 7.6 93  3.1  31 24.7 7.1 4.5
5296820260904  6.2 -0.9  0.009999-99.9-99.9-99.9-99.9 8.2 75 5.5 82 -1.6  15 12.310.5 6.0
5296820260905 10.7 -2.2  0.009999-99.9-99.9-99.9-99.911.1 99 7.1 87  1.8  18 14.213.3-9.9
5296820260906 10.6  1.5  0.009999-99.9-99.9-99.9-99.910.9 98 7.9 87  3.6  25 19.813.2 5.8
