5271420120316-99.9-99.9-99.999999-99.9-99.9-99.9-99.9-9.9 99-9.9-99-99.9 -99-99.9-9.9-9.9
5271420120317 33.5 16.6  0.009999-99.9-99.9-99.9-99.9-9.9 9920.1 59 17.4 -99-99.9-9.9-9.9
5271420120318 35.6 17.6  0.009999-99.9-99.9-99.9-99.9-9.9 9921.8 65 18.8 -99-99.9-9.9-9.9
5271420120319 37.4 18.1  0.009999-99.9-99.9-99.9-99.9-9.9 9923.2 64 19.8 -99-99.9-9.9-9.9
5271420120320 34.0 19.4  2.519999-99.9-99.9-99.9-99.9-9.9 9922.8 69 19.6 -99-99.9-9.9-9.9
5271420120321 30.6 20.4  4.319999-99.9-99.9-99.9-99.9-9.9 9924.6 92 20.8 -99-99.9-9.9-9.9
5271420120322 25.0 20.1  8.719999-99.9-99.9-99.9-99.9-9.9 9924.1 91 20.5 -99-99.9-9.9-9.9
5271420120323 27.1 19.1  1.419999-99.9-99.9-99.9-99.9-9.9 9922.8 87 19.6 -99-99.9-9.9-9.9
5271420120324 27.6 18.9  0.009999-99.9-99.9-99.9-99.9-9.9 9921.8 74 18.8 -99-99.9-9.9-9.9
5271420120325 32.3 15.9  0.009999-99.9-99.9-99.9-99.9-9.9 9921.6 72 18.7 -99-99.9-9.9-9.9
5271420120326 29.1 17.1 34.119999-99.9-99.9-99.9-99.9-9.9 9920.4 75 17.7 -99-99.9-9.9-9.9
5271420120327 26.0 11.7  1.819999-99.9-99.9-99.9-99.9-9.9 9916.2 88 14.1 -99-99.9-9.9-9.9
5271420120328 26.2  8.0  0.009999-99.9-99.9-99.9-99.9-9.9 9914.7 72 12.5 -99-99.9-9.9-9.9
5271420120329 30.2 11.0  0.009999-99.9-99.9-99.9-99.9-9.9 9916.9 68 14.8 -99-99.9-9.9-9.9
5271420120330 30.4 14.6  0.009999-99.9-99.9-99.9-99.9-9.9 9919.2 68 16.8 -99-99.9-9.9-9.9
5271420120331 32.2 16.1  0.009999-99.9-99.9-99.9-99.9-9.9 9921.0 74 18.2 -99-99.9-9.9-9.9
5271420120401 33.7 17.0  0.009999-99.9-99.9-99.9-99.9-9.9 9922.0 67 18.9 -99-99.9-9.9-9.9
5271420120402 34.3 18.6 19.719999-99.9-99.9-99.9-99.9-9.9 9922.9 74 19.7 -99-99.9-9.9-9.9
5271420120403 27.3 19.1  0.009999-99.9-99.9-99.9-99.9-9.9 9923.9 85 20.4 -99-99.9-9.9-9.9
5271420120404 32.7 16.9  0.009999-99.9-99.9-99.9-99.9-9.9 9924.3 77 20.6 -99-99.9-9.9-9.9
5271420120405 30.7 18.0  0.009999-99.9-99.9-99.9-99.9-9.9 9919.3 75 16.6 -99-99.9-9.9-9.9
5271420120406 27.6 13.6  0.009999-99.9-99.9-99.9-99.9-9.9 9916.3 63 14.1 -99-99.9-9.9-9.9
5271420120407 31.2 12.3  0.009999-99.9-99.9-99.9-99.9-9.9 9918.2 68 15.8 -99-99.9-9.9-9.9
5271420120408 33.7 16.6 16.219999-99.9-99.9-99.9-99.9-9.9 9922.2 70 19.1 -99-99.9-9.9-9.9
5271420120409 32.0 19.6  6.519999-99.9-99.9-99.9-99.9-9.9 9924.6 97 20.8 -99-99.9-9.9-9.9
5271420120410 27.3 20.3110.819999-99.9-99.9-99.9-99.9-9.9 9924.7 94 20.9 -99-99.9-9.9-9.9
5271420120411 26.6 19.0 12.219999-99.9-99.9-99.9-99.9-9.9 9923.3 89 19.9 -99-99.9-9.9-9.9
5271420120412 25.6 19.8  5.119999-99.9-99.9-99.9-99.9-9.9 9923.9 96 20.4 -99-99.9-9.9-9.9
5271420120413 27.3 18.7  0.319999-99.9-99.9-99.9-99.9-9.9 9924.5 93 20.7 -99-99.9-9.9-9.9
5271420120414 25.4 18.9 21.019999-99.9-99.9-99.9-99.9-9.9 9923.6 98 20.1 -99-99.9-9.9-9.9
5271420120415 23.0 18.0  0.009999-99.9-99.9-99.9-99.9-9.9 9922.2 93 19.1 -99-99.9-9.9-9.9
5271420120416 29.6 19.5  0.009999-99.9-99.9-99.9-99.9-9.9 9923.3 84 19.9 -99-99.9-9.9-9.9
5271420120417 27.3 16.5  0.319999-99.9-99.9-99.9-99.9-9.9 9922.5 88 19.3 -99-99.9-9.9-9.9
5271420120418 25.3 19.6  0.009999-99.9-99.9-99.9-99.9-9.9 9923.5 96 20.1 -99-99.9-9.9-9.9
5271420120419 28.1 17.5  0.319999-99.9-99.9-99.9-99.9-9.9 9922.6 83 19.4 -99-99.9-9.9-9.9
5271420120420 25.9 16.8  1.019999-99.9-99.9-99.9-99.9-9.9 9922.1 88 19.1 -99-99.9-9.9-9.9
5271420120421 28.0 14.5 10.619999-99.9-99.9-99.9-99.9-9.9 9919.7 80 17.2 -99-99.9-9.9-9.9
5271420120422 24.9 14.0  7.219999-99.9-99.9-99.9-99.9-9.9 9917.6100 15.5 -99-99.9-9.9-9.9
5271420120423 19.6 15.2 20.219999-99.9-99.9-99.9-99.9-9.9 9918.7 94 16.4 -99-99.9-9.9-9.9
5271420120424 18.0 14.2  9.619999-99.9-99.9-99.9-99.9-9.9 9916.9100 14.9 -99-99.9-9.9-9.9
5271420120425 18.6 14.5  0.009999-99.9-99.9-99.9-99.9-9.9 9916.9 95 14.9 -99-99.9-9.9-9.9
5271420120426 16.9 12.7  9.719999-99.9-99.9-99.9-99.9-9.9 9916.0 94 13.9 -99-99.9-9.9-9.9
5271420120427 13.4 10.6  8.119999-99.9-99.9-99.9-99.9-9.9 9914.0 99 12.0 -99-99.9-9.9-9.9
5271420120428 17.8 11.9  0.009999-99.9-99.9-99.9-99.9-9.9 9914.4 89 12.4 -99-99.9-9.9-9.9
5271420120429 20.4 10.9  0.009999-99.9-99.9-99.9-99.9-9.9 9913.4 83 11.3 -99-99.9-9.9-9.9
5271420120430 22.5  4.6  0.009999-99.9-99.9-99.9-99.9-9.9 9912.3 81  9.8 -99-99.9-9.9-9.9
5271420120501 23.4  6.3  0.009999-99.9-99.9-99.9-99.9-9.9 9913.2 83 10.9 -99-99.9-9.9-9.9
5271420120502 23.2  7.9  0.009999-99.9-99.9-99.9-99.9-9.9 9913.6 84 11.4 -99-99.9-9.9-9.9
5271420120503 24.7  7.8  0.009999-99.9-99.9-99.9-99.9-9.9 9914.7 82 12.6 -99-99.9-9.9-9.9
5271420120504 26.0 10.4  0.009999-99.9-99.9-99.9-99.9-9.9 9916.4 76 14.2 -99-99.9-9.9-9.9
5271420120505 29.2 13.2  0.009999-99.9-99.9-99.9-99.9-9.9 9919.1 75 16.7 -99-99.9-9.9-9.9
5271420120506 26.9 16.4  0.009999-99.9-99.9-99.9-99.9-9.9 9921.0 85 18.2 -99-99.9-9.9-9.9
5271420120507 29.1 14.5  0.009999-99.9-99.9-99.9-99.9-9.9 9920.7 81 17.9 -99-99.9-9.9-9.9
5271420120508 27.4 16.9  0.009999-99.9-99.9-99.9-99.9-9.9 9922.4 82 19.3 -99-99.9-9.9-9.9
5271420120509 29.9 15.2  0.009999-99.9-99.9-99.9-99.9-9.9 9920.5 80 17.8 -99-99.9-9.9-9.9
5271420120510 29.1 14.0  0.009999-99.9-99.9-99.9-99.9-9.9 9919.3 77 16.9 -99-99.9-9.9-9.9
5271420120511 23.5 15.4  1.219999-99.9-99.9-99.9-99.9-9.9 9918.6 89 16.3 -99-99.9-9.9-9.9
5271420120512 19.8 13.2  0.009999-99.9-99.9-99.9-99.9-9.9 9915.2 87 13.2 -99-99.9-9.9-9.9
5271420120513 22.1 13.6  0.009999-99.9-99.9-99.9-99.9-9.9 9915.2 77 13.2 -99-99.9-9.9-9.9
5271420120514 24.4 10.3  0.009999-99.9-99.9-99.9-99.9-9.9 9914.9 73 12.8 -99-99.9-9.9-9.9
5271420120515 24.7 14.0  0.009999-99.9-99.9-99.9-99.9-9.9 9916.2 80 14.1 -99-99.9-9.9-9.9
5271420120516 26.1  9.4  0.009999-99.9-99.9-99.9-99.9-9.9 9915.4 74 13.3 -99-99.9-9.9-9.9
5271420120517 25.6 12.6  0.009999-99.9-99.9-99.9-99.9-9.9 9918.1 80 15.9 -99-99.9-9.9-9.9
5271420120518 26.9 14.2  0.009999-99.9-99.9-99.9-99.9-9.9 9917.4 74 15.2 -99-99.9-9.9-9.9
5271420120519 19.0 12.2  0.009999-99.9-99.9-99.9-99.9-9.9 9916.0 86 14.0 -99-99.9-9.9-9.9
5271420120520 22.8 13.4  0.009999-99.9-99.9-99.9-99.9-9.9 9917.4 87 15.3 -99-99.9-9.9-9.9
5271420120521 20.1 14.7  2.419999-99.9-99.9-99.9-99.9-9.9 9917.3 96 15.2 -99-99.9-9.9-9.9
5271420120522 17.9 15.0  0.319999-99.9-99.9-99.9-99.9-9.9 9917.4 97 15.4 -99-99.9-9.9-9.9
5271420120523 25.2 10.8  0.009999-99.9-99.9-99.9-99.9-9.9 9915.9 82 13.9 -99-99.9-9.9-9.9
5271420120524 20.0 10.6  1.519999-99.9-99.9-99.9-99.9-9.9 9915.1 89 13.1 -99-99.9-9.9-9.9
5271420120525 17.3 13.6  0.619999-99.9-99.9-99.9-99.9-9.9 9916.7 97 14.6 -99-99.9-9.9-9.9
5271420120526 21.6 15.1  0.009999-99.9-99.9-99.9-99.9-9.9 9917.8 92 15.7 -99-99.9-9.9-9.9
5271420120527 25.1 14.3  0.009999-99.9-99.9-99.9-99.9-9.9 9917.8 88 15.7 -99-99.9-9.9-9.9
5271420120528 26.4 14.8  0.009999-99.9-99.9-99.9-99.9-9.9 9918.7 80 16.5 -99-99.9-9.9-9.9
5271420120529 29.9  9.6  0.009999-99.9-99.9-99.9-99.9-9.9 9916.8 78 14.5 -99-99.9-9.9-9.9
5271420120530-99.9-99.9-99.999999-99.9-99.9-99.9-99.9-9.9 99-9.9-99-99.9 -99-99.9-9.9-9.9
5271420150112-99.9-99.9-99.999999-99.9-99.9-99.9-99.9-9.9 99-9.9-99-99.9 -99-99.9-9.9-9.9
5271420150113 35.6 20.8-99.999999-99.9-99.9-99.9-99.9-9.9 9926.9 72 22.2 -99-99.9-9.9-9.9
5271420150114 35.5 20.2-99.999999-99.9-99.9-99.9-99.9-9.9 9925.6 76 21.4 -99-99.9-9.9-9.9
5271420150115 33.6 19.1-99.999999-99.9-99.9-99.9-99.9-9.9 9925.7 81 21.5 -99-99.9-9.9-9.9
5271420150116 34.0 21.9-99.999999-99.9-99.9-99.9-99.9-9.9 9927.3 77 22.5 -99-99.9-9.9-9.9
5271420150117 31.1 20.0-99.999999-99.9-99.9-99.9-99.9-9.9 9925.7 74 21.5 -99-99.9-9.9-9.9
5271420150118 33.4 18.0-99.999999-99.9-99.9-99.9-99.9-9.9 9924.3 72 20.6 -99-99.9-9.9-9.9
5271420150119-99.9-99.9-99.999999-99.9-99.9-99.9-99.9-9.9 99-9.9-99-99.9 -99-99.9-9.9-9.9
5271420150522-99.9-99.9-99.999999-99.9-99.9-99.9-99.9-9.9 99-9.9-99-99.9 -99-99.9-9.9-9.9
5271420150523 28.4 16.9-99.999999-99.9-99.9-99.9-99.9-9.9 9921.8 82 18.9 -99-99.9-9.9-9.9
5271420150524-99.9-99.9-99.999999-99.9-99.9-99.9-99.9-9.9 99-9.9-99-99.9 -99-99.9-9.9-9.9
5271420150525-99.9-99.9  0.009999-99.9-99.9-99.9-99.9-9.9 99-9.9 99-99.9 -99-99.9-9.9-9.9
5271420150526-99.9-99.9-99.999999-99.9-99.9-99.9-99.9-9.9 9917.0 98 15.0 -99-99.9-9.9-9.9
5271420150527-99.9-99.9-99.999999-99.9-99.9-99.9-99.9-9.9 99-9.9-99-99.9 -99-99.9-9.9-9.9
5271420150603-99.9-99.9-99.999999-99.9-99.9-99.9-99.9-9.9 99-9.9-99-99.9 -99-99.9-9.9-9.9
5271420150604 26.3  8.3  0.009999-99.9-99.9-99.9-99.9-9.9 9915.5 84 13.4 -99-99.9-9.9-9.9
5271420150605 28.1  9.2  0.009999-99.9-99.9-99.9-99.9-9.9 9916.4 85 14.2 -99-99.9-9.9-9.9
5271420150606 30.4  9.0-99.999999-99.9-99.9-99.9-99.9-9.9 9917.3 84 14.9 -99-99.9-9.9-9.9
5271420150607-99.9-99.9-99.999999-99.9-99.9-99.9-99.9-9.9 99-9.9-99-99.9 -99-99.9-9.9-9.9
5271420150608-99.9-99.9  0.009999-99.9-99.9-99.9-99.9-9.9 9917.7 82 15.5 -99-99.9-9.9-9.9
5271420150609 25.8 15.6  0.009999-99.9-99.9-99.9-99.9-9.9 9918.2 83 16.0 -99-99.9-9.9-9.9
5271420150610-99.9-99.9-99.999999-99.9-99.9-99.9-99.9-9.9 99-9.9-99-99.9 -99-99.9-9.9-9.9
5271420150703-99.9-99.9-99.999999-99.9-99.9-99.9-99.9-9.9 99-9.9-99-99.9 -99-99.9-9.9-9.9
5271420150714-99.9-99.9  0.009999-99.9-99.9-99.9-99.9-9.9 99-9.9 94-99.9 -99-99.9-9.9-9.9
5271420150715 18.6  0.7-99.999999-99.9-99.9-99.9-99.9-9.9 99-9.9-99-99.9 -99-99.9-9.9-9.9
5271420150716-99.9-99.9-99.999999-99.9-99.9-99.9-99.9-9.9 99-9.9-99-99.9 -99-99.9-9.9-9.9
5271420150717 22.4  2.2  0.009999-99.9-99.9-99.9-99.9-9.9 9910.1 80  7.0 -99-99.9-9.9-9.9
5271420150718 24.7  2.3  0.009999-99.9-99.9-99.9-99.9-9.9 9911.1 78  8.3 -99-99.9-9.9-9.9
5271420150719 25.0  6.0  0.009999-99.9-99.9-99.9-99.9-9.9 9913.1 73 10.8 -99-99.9-9.9-9.9
5271420150720 17.0 10.0  0.009999-99.9-99.9-99.9-99.9-9.9 9910.8 77  8.0 -99-99.9-9.9-9.9
5271420150721 17.0  0.5  0.009999-99.9-99.9-99.9-99.9-9.9 99 8.7 82  4.8 -99-99.9-9.9-9.9
5271420150722 17.6  3.9  0.009999-99.9-99.9-99.9-99.9-9.9 99 9.7 80  6.5 -99-99.9-9.9-9.9
5271420150723 23.5  2.5  0.009999-99.9-99.9-99.9-99.9-9.9 99 9.5 73  6.2 -99-99.9-9.9-9.9
5271420150724 23.7  1.7  0.009999-99.9-99.9-99.9-99.9-9.9 99 9.7 76  6.4 -99-99.9-9.9-9.9
5271420150725 23.9  2.3  0.009999-99.9-99.9-99.9-99.9-9.9 9910.1 77  6.9 -99-99.9-9.9-9.9
5271420150726 24.8  3.5  0.009999-99.9-99.9-99.9-99.9-9.9 9911.0 76  8.2 -99-99.9-9.9-9.9
5271420150727 28.1  4.6  0.009999-99.9-99.9-99.9-99.9-9.9 9912.6 77 10.2 -99-99.9-9.9-9.9
5271420150728 27.5  7.2  0.009999-99.9-99.9-99.9-99.9-9.9 9915.1 79 12.9 -99-99.9-9.9-9.9
5271420150729 26.3  9.7  0.009999-99.9-99.9-99.9-99.9-9.9 9915.6 73 13.6 -99-99.9-9.9-9.9
5271420150730 19.8 16.4  0.009999-99.9-99.9-99.9-99.9-9.9 9918.1 95 15.9 -99-99.9-9.9-9.9
5271420150731 29.5 10.3  0.009999-99.9-99.9-99.9-99.9-9.9 9914.7 62 12.6 -99-99.9-9.9-9.9
5271420150801 25.4  8.2  0.009999-99.9-99.9-99.9-99.9-9.9 9913.6 79 11.5 -99-99.9-9.9-9.9
5271420150802 29.4  6.0  0.009999-99.9-99.9-99.9-99.9-9.9 9914.4 77 12.2 -99-99.9-9.9-9.9
5271420150803 24.5 10.9  0.009999-99.9-99.9-99.9-99.9-9.9 9916.6 80 14.5 -99-99.9-9.9-9.9
5271420150804 23.2 14.1  0.009999-99.9-99.9-99.9-99.9-9.9 9917.7 86 15.6 -99-99.9-9.9-9.9
5271420150805 23.3 14.2  0.009999-99.9-99.9-99.9-99.9-9.9 9917.3 91 15.2 -99-99.9-9.9-9.9
5271420150806 28.8 10.0  0.009999-99.9-99.9-99.9-99.9-9.9 9917.3 84 15.0 -99-99.9-9.9-9.9
5271420150807 24.5 12.6  0.009999-99.9-99.9-99.9-99.9-9.9 9916.9 79 14.9 -99-99.9-9.9-9.9
5271420150808 19.5 15.3  1.219999-99.9-99.9-99.9-99.9-9.9 9917.3 93 15.2 -99-99.9-9.9-9.9
5271420150809-99.9-99.9-99.999999-99.9-99.9-99.9-99.9-9.9 99-9.9-99-99.9 -99-99.9-9.9-9.9
5271420150810-99.9-99.9-99.999999-99.9-99.9-99.9-99.9-9.9 99-9.9-99-99.9 -99-99.9-9.9-9.9
5271420150811-99.9-99.9-99.999999-99.9-99.9-99.9-99.9-9.9 99-9.9-99-99.9 -99-99.9-9.9-9.9
5271420150812-99.9-99.9-99.999999-99.9-99.9-99.9-99.9-9.9 99-9.9-99-99.9 -99-99.9-9.9-9.9
5271420150813-99.9-99.9-99.999999-99.9-99.9-99.9-99.9-9.9 99-9.9 89-99.9 -99-99.9-9.9-9.9
5271420150814-99.9-99.9-99.999999-99.9-99.9-99.9-99.9-9.9 99-9.9-99-99.9 -99-99.9-9.9-9.9
5271420150816-99.9-99.9-99.999999-99.9-99.9-99.9-99.9-9.9 99-9.9-99-99.9 -99-99.9-9.9-9.9
5271420150817-99.9-99.9-99.999999-99.9-99.9-99.9-99.9-9.9 99-9.9-99-99.9 -99-99.9-9.9-9.9
5271420150831-99.9-99.9-99.999999-99.9-99.9-99.9-99.9-9.9 99-9.9-99-99.9 -99-99.9-9.9-9.9
5271420150901-99.9-99.9-99.999999-99.9-99.9-99.9-99.9-9.9 99-9.9-99-99.9 -99-99.9-9.9-9.9
5271420150922-99.9-99.9-99.999999-99.9-99.9-99.9-99.9-9.9 99-9.9-99-99.9 -99-99.9-9.9-9.9
5271420150923-99.9-99.9-99.999999-99.9-99.9-99.9-99.9-9.9 99-9.9-99-99.9 -99-99.9-9.9-9.9
5271420150925-99.9-99.9-99.999999-99.9-99.9-99.9-99.9-9.9 99-9.9100-99.9 -99-99.9-9.9-9.9
5271420150926-99.9-99.9-99.999999-99.9-99.9-99.9-99.9-9.9 99-9.9-99-99.9 -99-99.9-9.9-9.9
5271420150930-99.9-99.9  0.219999-99.9-99.9-99.9-99.9-9.9 99-9.9-99-99.9 -99-99.9-9.9-9.9
5271420151001 32.1 11.4  0.009999-99.9-99.9-99.9-99.9-9.9 9917.4 64 15.3 -99-99.9-9.9-9.9
5271420151002 22.4 16.4  0.009999-99.9-99.9-99.9-99.9-9.9 9915.5 69 13.5 -99-99.9-9.9-9.9
5271420151003-99.9-99.9-99.999999-99.9-99.9-99.9-99.9-9.9 99-9.9-99-99.9 -99-99.9-9.9-9.9
5271420151010-99.9-99.9-99.999999-99.9-99.9-99.9-99.9-9.9 99-9.9-99-99.9 -99-99.9-9.9-9.9
5271420151011 18.2  9.8  0.009999-99.9-99.9-99.9-99.9-9.9 9911.5 72  8.9 -99-99.9-9.9-9.9
5271420151012 21.5  3.6  0.009999-99.9-99.9-99.9-99.9-9.9 9910.6 66  7.8 -99-99.9-9.9-9.9
5271420151013 28.7  3.6  0.009999-99.9-99.9-99.9-99.9-9.9 9911.5 56  8.8 -99-99.9-9.9-9.9
5271420151014 33.7  9.2  0.009999-99.9-99.9-99.9-99.9-9.9 9914.3 57 12.2 -99-99.9-9.9-9.9
5271420151015 28.8  9.6  0.009999-99.9-99.9-99.9-99.9-9.9 9911.1 45  8.5 -99-99.9-9.9-9.9
5271420151016 21.3 12.5  0.009999-99.9-99.9-99.9-99.9-9.9 9912.0 64  9.6 -99-99.9-9.9-9.9
5271420151017 23.3 14.6  0.009999-99.9-99.9-99.9-99.9-9.9 9912.1 55  9.7 -99-99.9-9.9-9.9
5271420151018 30.1 10.8  0.009999-99.9-99.9-99.9-99.9-9.9 9913.0 50 10.7 -99-99.9-9.9-9.9
5271420151019 30.8 13.2  0.009999-99.9-99.9-99.9-99.9-9.9 9912.8 45 10.5 -99-99.9-9.9-9.9
5271420151020 30.2 13.9  0.009999-99.9-99.9-99.9-99.9-9.9 9912.4 48 10.1 -99-99.9-9.9-9.9
5271420151021 30.7 10.2  0.009999-99.9-99.9-99.9-99.9-9.9 9913.9 51 11.8 -99-99.9-9.9-9.9
5271420151022 28.2 13.6  0.009999-99.9-99.9-99.9-99.9-9.9 9915.0 55 12.9 -99-99.9-9.9-9.9
5271420151023 29.0 18.6  0.009999-99.9-99.9-99.9-99.9-9.9 9915.8 54 13.8 -99-99.9-9.9-9.9
5271420151024 24.7 17.3  0.009999-99.9-99.9-99.9-99.9-9.9 9916.2 69 14.2 -99-99.9-9.9-9.9
5271420151025 27.3 15.0  0.009999-99.9-99.9-99.9-99.9-9.9 9917.8 67 15.7 -99-99.9-9.9-9.9
5271420151026 25.4 18.0  0.009999-99.9-99.9-99.9-99.9-9.9 9919.3 73 16.9 -99-99.9-9.9-9.9
5271420151027 23.6 18.6  0.009999-99.9-99.9-99.9-99.9-9.9 9921.7 91 18.8 -99-99.9-9.9-9.9
5271420151028 26.8 19.5  0.009999-99.9-99.9-99.9-99.9-9.9 9923.4 90 20.0 -99-99.9-9.9-9.9
5271420151029-99.9-99.9-99.999999-99.9-99.9-99.9-99.9-9.9 99-9.9 65-99.9 -99-99.9-9.9-9.9
5271420151030-99.9-99.9  0.009999-99.9-99.9-99.9-99.9-9.9 99-9.9 91-99.9 -99-99.9-9.9-9.9
5271420151031-99.9-99.9-99.999999-99.9-99.9-99.9-99.9-9.9 99-9.9-99-99.9 -99-99.9-9.9-9.9
5271420151101-99.9-99.9-99.999999-99.9-99.9-99.9-99.9-9.9 99-9.9-99-99.9 -99-99.9-9.9-9.9
5271420151102-99.9-99.9-99.999999-99.9-99.9-99.9-99.9-9.9 99-9.9-99-99.9 -99-99.9-9.9-9.9
5271420151103-99.9-99.9-99.999999-99.9-99.9-99.9-99.9-9.9 99-9.9-99-99.9 -99-99.9-9.9-9.9
5271420151104-99.9-99.9-99.999999-99.9-99.9-99.9-99.9-9.9 99-9.9-99-99.9 -99-99.9-9.9-9.9
5271420151109-99.9-99.9-99.999999-99.9-99.9-99.9-99.9-9.9 99-9.9-99-99.9 -99-99.9-9.9-9.9
5271420151110 25.6 19.4  2.019999-99.9-99.9-99.9-99.9-9.9 9922.5 95 19.4 -99-99.9-9.9-9.9
5271420151111 22.2 17.9  0.519999-99.9-99.9-99.9-99.9-9.9 9922.1 97 19.1 -99-99.9-9.9-9.9
5271420151112 30.7 16.1  0.009999-99.9-99.9-99.9-99.9-9.9 9923.1 77 19.7 -99-99.9-9.9-9.9
5271420151113 34.1 17.5  0.009999-99.9-99.9-99.9-99.9-9.9 9918.2 48 15.8 -99-99.9-9.9-9.9
5271420151114 31.2 16.0  0.009999-99.9-99.9-99.9-99.9-9.9 9919.2 68 16.8 -99-99.9-9.9-9.9
5271420151115 34.2 15.1  0.009999-99.9-99.9-99.9-99.9-9.9 9919.9 54 17.4 -99-99.9-9.9-9.9
5271420151116 35.7 19.1  0.009999-99.9-99.9-99.9-99.9-9.9 9922.4 56 19.2 -99-99.9-9.9-9.9
5271420151117 31.6 20.0-99.999999-99.9-99.9-99.9-99.9-9.9 9925.1 77 21.1 -99-99.9-9.9-9.9
5271420151119-99.9-99.9-99.999999-99.9-99.9-99.9-99.9-9.9 99-9.9-99-99.9 -99-99.9-9.9-9.9
5271420151120 26.6 15.4  0.009999-99.9-99.9-99.9-99.9-9.9 9913.8 65 11.6 -99-99.9-9.9-9.9
5271420151121 30.8  9.7  0.009999-99.9-99.9-99.9-99.9-9.9 9914.5 58 12.4 -99-99.9-9.9-9.9
5271420151122 33.4 12.1  0.009999-99.9-99.9-99.9-99.9-9.9 9917.7 54 15.5 -99-99.9-9.9-9.9
5271420151123 28.7 20.6  1.019999-99.9-99.9-99.9-99.9-9.9 9918.7 61 16.3 -99-99.9-9.9-9.9
5271420151124 25.5 19.6  0.009999-99.9-99.9-99.9-99.9-9.9 9922.4 88 19.3 -99-99.9-9.9-9.9
5271420151125 28.1 20.0  0.009999-99.9-99.9-99.9-99.9-9.9 9922.6 73 19.4 -99-99.9-9.9-9.9
5271420151126 35.2 22.7  0.219999-99.9-99.9-99.9-99.9-9.9 9926.9 67 22.2 -99-99.9-9.9-9.9
5271420151127 30.4 20.3-99.999999-99.9-99.9-99.9-99.9-9.9 9922.5 68 19.3 -99-99.9-9.9-9.9
5271420151128-99.9-99.9-99.999999-99.9-99.9-99.9-99.9-9.9 99-9.9-99-99.9 -99-99.9-9.9-9.9
5271420151203-99.9-99.9-99.999999-99.9-99.9-99.9-99.9-9.9 99-9.9-99-99.9 -99-99.9-9.9-9.9
5271420151204-99.9-99.9-99.999999-99.9-99.9-99.9-99.9-9.9 99-9.9-99-99.9 -99-99.9-9.9-9.9
5271420151205-99.9-99.9-99.999999-99.9-99.9-99.9-99.9-9.9 99-9.9 91-99.9 -99-99.9-9.9-9.9
5271420151222-99.9-99.9-99.999999-99.9-99.9-99.9-99.9-9.9 99-9.9-99-99.9 -99-99.9-9.9-9.9
5271420151223 39.1 21.5-99.999999-99.9-99.9-99.9-99.9-9.9 9927.0 63 22.2 -99-99.9-9.9-9.9
5271420151224 27.8 18.5  0.009999-99.9-99.9-99.9-99.9-9.9 9923.8 83 20.3 -99-99.9-9.9-9.9
5271420151225 33.4 21.8  0.009999-99.9-99.9-99.9-99.9-9.9 9927.7 77 22.8 -99-99.9-9.9-9.9
5271420151226 34.0 21.7  0.009999-99.9-99.9-99.9-99.9-9.9 9929.0 82 23.5 -99-99.9-9.9-9.9
5271420151227 37.8 21.9-99.999999-99.9-99.9-99.9-99.9-9.9 9928.9 68 23.4 -99-99.9-9.9-9.9
5271420151228 33.1 19.7-99.999999-99.9-99.9-99.9-99.9-9.9 9926.4 69 21.9 -99-99.9-9.9-9.9
5271420151229 36.2 21.1-99.999999-99.9-99.9-99.9-99.9-9.9 9928.6 75 23.3 -99-99.9-9.9-9.9
5271420151230 38.4 21.8-99.999999-99.9-99.9-99.9-99.9-9.9 9928.7 72 23.3 -99-99.9-9.9-9.9
5271420151231 33.5 20.0-99.999999-99.9-99.9-99.9-99.9-9.9 9925.3 83 21.3 -99-99.9-9.9-9.9
5271420160101 32.2 20.6  0.009999-99.9-99.9-99.9-99.9-9.9 9926.8 82 22.2 -99-99.9-9.9-9.9
5271420160102 35.1 23.8  2.219999-99.9-99.9-99.9-99.9-9.9 9930.0 72 24.1 -99-99.9-9.9-9.9
5271420160103 34.2 23.1-99.999999-99.9-99.9-99.9-99.9-9.9 9929.0 81 23.5 -99-99.9-9.9-9.9
5271420160104 32.3 21.9  0.009999-99.9-99.9-99.9-99.9-9.9 9929.6 84 23.9 -99-99.9-9.9-9.9
5271420160105 26.2 20.7-99.999999-99.9-99.9-99.9-99.9-9.9 9926.5 94 22.0 -99-99.9-9.9-9.9
5271420160106 31.1 20.5-99.999999-99.9-99.9-99.9-99.9-9.9 9925.3 77 21.3 -99-99.9-9.9-9.9
5271420160107 28.2 22.0-99.999999-99.9-99.9-99.9-99.9-9.9 9928.4 94 23.2 -99-99.9-9.9-9.9
5271420160108 23.7 19.1-99.999999-99.9-99.9-99.9-99.9-9.9 9924.3 93 20.6 -99-99.9-9.9-9.9
5271420160109 29.7 19.9  0.219999-99.9-99.9-99.9-99.9-9.9 9925.2 84 21.2 -99-99.9-9.9-9.9
5271420160110 35.0 22.2-99.999999-99.9-99.9-99.9-99.9-9.9 9928.5 82 23.2 -99-99.9-9.9-9.9
5271420160111 33.4 23.3-99.999999-99.9-99.9-99.9-99.9-9.9 9929.6 82 23.8 -99-99.9-9.9-9.9
5271420160112 38.4 22.6-99.999999-99.9-99.9-99.9-99.9-9.9 9930.4 73 24.3 -99-99.9-9.9-9.9
5271420160113 29.1 21.0-99.999999-99.9-99.9-99.9-99.9-9.9 9926.2 99 21.8 -99-99.9-9.9-9.9
5271420160114 34.3 20.9  0.009999-99.9-99.9-99.9-99.9-9.9 9926.3 69 21.8 -99-99.9-9.9-9.9
5271420160115 34.7 21.2  0.009999-99.9-99.9-99.9-99.9-9.9 9927.7 72 22.7 -99-99.9-9.9-9.9
5271420160116 34.5 20.9  0.009999-99.9-99.9-99.9-99.9-9.9 9927.9 75 22.9 -99-99.9-9.9-9.9
5271420160117 36.9 21.8  0.009999-99.9-99.9-99.9-99.9-9.9 9927.8 69 22.8 -99-99.9-9.9-9.9
5271420160118 36.3 21.4  0.009999-99.9-99.9-99.9-99.9-9.9 9928.1 71 23.0 -99-99.9-9.9-9.9
5271420160119 39.5 21.8  0.009999-99.9-99.9-99.9-99.9-9.9 9929.1 66 23.6 -99-99.9-9.9-9.9
5271420160120 39.6 21.8  0.009999-99.9-99.9-99.9-99.9-9.9 9928.1 64 22.9 -99-99.9-9.9-9.9
5271420160121 39.5 22.2  0.009999-99.9-99.9-99.9-99.9-9.9 9927.6 60 22.6 -99-99.9-9.9-9.9
5271420160122 39.6 20.6  0.009999-99.9-99.9-99.9-99.9-9.9 9926.9 59 22.2 -99-99.9-9.9-9.9
5271420160123 40.5 22.6  0.009999-99.9-99.9-99.9-99.9-9.9 9928.2 60 23.0 -99-99.9-9.9-9.9
5271420160124 40.4 21.1  0.009999-99.9-99.9-99.9-99.9-9.9 9925.3 58 21.2 -99-99.9-9.9-9.9
5271420160125 33.3 22.2  0.009999-99.9-99.9-99.9-99.9-9.9 9921.7 62 18.7 -99-99.9-9.9-9.9
5271420160126 26.1 21.1  0.009999-99.9-99.9-99.9-99.9-9.9 9923.2 86 19.8 -99-99.9-9.9-9.9
5271420160127 32.6 16.8  0.009999-99.9-99.9-99.9-99.9-9.9 9922.1 73 19.1 -99-99.9-9.9-9.9
5271420160128 35.0 21.4  0.009999-99.9-99.9-99.9-99.9-9.9 9924.5 62 20.7 -99-99.9-9.9-9.9
5271420160129 38.7 22.8-99.999999-99.9-99.9-99.9-99.9-9.9 9926.3 65 21.9 -99-99.9-9.9-9.9
5271420160130 24.3 21.1-99.999999-99.9-99.9-99.9-99.9-9.9 9925.7 98 21.6 -99-99.9-9.9-9.9
5271420160131 32.2 19.8  0.009999-99.9-99.9-99.9-99.9-9.9 9923.2 72 19.9 -99-99.9-9.9-9.9
5271420160201 27.8 20.3  0.009999-99.9-99.9-99.9-99.9-9.9 9923.3 79 19.9 -99-99.9-9.9-9.9
5271420160202 30.6 20.0-99.999999-99.9-99.9-99.9-99.9-9.9 9924.3 85 20.6 -99-99.9-9.9-9.9
5271420160203 31.2 20.0-99.999999-99.9-99.9-99.9-99.9-9.9 9925.5 81 21.4 -99-99.9-9.9-9.9
5271420160204 34.7 21.4-99.999999-99.9-99.9-99.9-99.9-9.9 9927.6 69 22.7 -99-99.9-9.9-9.9
5271420160205 34.8 20.9-99.999999-99.9-99.9-99.9-99.9-9.9 9927.0 75 22.3 -99-99.9-9.9-9.9
5271420160206 31.8 22.3-99.999999-99.9-99.9-99.9-99.9-9.9 9927.9 79 22.9 -99-99.9-9.9-9.9
5271420160207 36.1 22.9  0.009999-99.9-99.9-99.9-99.9-9.9 9930.3 73 24.2 -99-99.9-9.9-9.9
5271420160208 32.6 23.0-99.999999-99.9-99.9-99.9-99.9-9.9 9929.2 76 23.7 -99-99.9-9.9-9.9
5271420160209 28.5 22.8-99.999999-99.9-99.9-99.9-99.9-9.9 9929.5 93 23.8 -99-99.9-9.9-9.9
5271420160210 34.8 22.8  0.009999-99.9-99.9-99.9-99.9-9.9 9929.2 78 23.6 -99-99.9-9.9-9.9
5271420160211 37.0 22.3  0.009999-99.9-99.9-99.9-99.9-9.9 9930.9 77 24.5 -99-99.9-9.9-9.9
5271420160212 37.0 25.0  0.219999-99.9-99.9-99.9-99.9-9.9 9934.2 80 26.3 -99-99.9-9.9-9.9
5271420160213 36.6 20.2-99.999999-99.9-99.9-99.9-99.9-9.9 9929.9 92 23.9 -99-99.9-9.9-9.9
5271420160214 30.9 20.4-99.999999-99.9-99.9-99.9-99.9-9.9 9926.5 84 22.0 -99-99.9-9.9-9.9
5271420160215 34.7 21.4-99.999999-99.9-99.9-99.9-99.9-9.9 9929.5 77 23.8 -99-99.9-9.9-9.9
5271420160216 35.7 23.7-99.999999-99.9-99.9-99.9-99.9-9.9 9932.3 79 25.3 -99-99.9-9.9-9.9
5271420160217 35.4 23.7-99.999999-99.9-99.9-99.9-99.9-9.9 9932.9 83 25.6 -99-99.9-9.9-9.9
5271420160218 33.6 22.7  0.009999-99.9-99.9-99.9-99.9-9.9 9930.0 77 24.1 -99-99.9-9.9-9.9
5271420160219 35.2 20.9-99.999999-99.9-99.9-99.9-99.9-9.9 9927.7 90 22.7 -99-99.9-9.9-9.9
5271420160220 27.2 20.4-99.999999-99.9-99.9-99.9-99.9-9.9 9925.6 93 21.5 -99-99.9-9.9-9.9
5271420160221 31.6 20.2-99.999999-99.9-99.9-99.9-99.9-9.9 9927.0 85 22.3 -99-99.9-9.9-9.9
5271420160222 35.6 21.5-99.999999-99.9-99.9-99.9-99.9-9.9 9930.1 73 24.1 -99-99.9-9.9-9.9
5271420160223 36.5 23.1-99.999999-99.9-99.9-99.9-99.9-9.9 9930.2 81 24.2 -99-99.9-9.9-9.9
5271420160224 36.4 21.3  0.009999-99.9-99.9-99.9-99.9-9.9 9929.4 72 23.7 -99-99.9-9.9-9.9
5271420160225 32.5 22.8-99.999999-99.9-99.9-99.9-99.9-9.9 9930.7 90 24.4 -99-99.9-9.9-9.9
5271420160226 37.0 21.1-99.999999-99.9-99.9-99.9-99.9-9.9 9929.4 81 23.7 -99-99.9-9.9-9.9
5271420160227 28.0 17.7-99.999999-99.9-99.9-99.9-99.9-9.9 9922.2 83 19.2 -99-99.9-9.9-9.9
5271420160228 29.5 21.2-99.999999-99.9-99.9-99.9-99.9-9.9 9925.9 87 21.6 -99-99.9-9.9-9.9
5271420160229 33.3 22.3-99.999999-99.9-99.9-99.9-99.9-9.9 9928.3 83 23.1 -99-99.9-9.9-9.9
5271420160301 31.0 20.6-99.999999-99.9-99.9-99.9-99.9-9.9 9927.2 86 22.4 -99-99.9-9.9-9.9
5271420160302 29.5 19.6-99.999999-99.9-99.9-99.9-99.9-9.9 9924.6 84 20.8 -99-99.9-9.9-9.9
5271420160303 26.8 20.3-99.999999-99.9-99.9-99.9-99.9-9.9 9925.4 93 21.3 -99-99.9-9.9-9.9
5271420160304 30.2 20.7-99.999999-99.9-99.9-99.9-99.9-9.9 9925.7 85 21.5 -99-99.9-9.9-9.9
5271420160305 26.8 19.5-99.999999-99.9-99.9-99.9-99.9-9.9 9923.5 88 20.0 -99-99.9-9.9-9.9
5271420160306 27.5 17.8-99.999999-99.9-99.9-99.9-99.9-9.9 9922.8 86 19.5 -99-99.9-9.9-9.9
5271420160307 30.4 19.5-99.999999-99.9-99.9-99.9-99.9-9.9 9925.2 87 21.2 -99-99.9-9.9-9.9
5271420160308 26.2 17.1-99.999999-99.9-99.9-99.9-99.9-9.9 9922.0 90 19.0 -99-99.9-9.9-9.9
5271420160309 32.8 15.5  0.009999-99.9-99.9-99.9-99.9-9.9 9921.2 69 18.3 -99-99.9-9.9-9.9
5271420160310 28.6 18.2-99.999999-99.9-99.9-99.9-99.9-9.9 9922.5 79 19.3 -99-99.9-9.9-9.9
5271420160311 27.0 17.2  0.009999-99.9-99.9-99.9-99.9-9.9 9920.7 86 18.0 -99-99.9-9.9-9.9
5271420160312 26.2 18.4  0.009999-99.9-99.9-99.9-99.9-9.9 9922.4 84 19.3 -99-99.9-9.9-9.9
5271420160313 30.2 18.6  0.009999-99.9-99.9-99.9-99.9-9.9 9922.1 79 19.1 -99-99.9-9.9-9.9
5271420160314 32.1 16.3  0.009999-99.9-99.9-99.9-99.9-9.9 9922.8 78 19.6 -99-99.9-9.9-9.9
5271420160315 32.3 18.2  0.009999-99.9-99.9-99.9-99.9-9.9 9924.4 80 20.6 -99-99.9-9.9-9.9
5271420160316 34.4 20.1  0.009999-99.9-99.9-99.9-99.9-9.9 9926.8 75 22.2 -99-99.9-9.9-9.9
5271420160317 34.4 20.2  0.009999-99.9-99.9-99.9-99.9-9.9 9928.7 76 23.3 -99-99.9-9.9-9.9
5271420160318 32.2 17.4-99.999999-99.9-99.9-99.9-99.9-9.9 9924.3 91 20.4 -99-99.9-9.9-9.9
5271420160319 17.8 13.0-99.999999-99.9-99.9-99.9-99.9-9.9 9916.9 97 14.8 -99-99.9-9.9-9.9
5271420160320 20.2 14.8-99.999999-99.9-99.9-99.9-99.9-9.9 9918.3 94 16.1 -99-99.9-9.9-9.9
5271420160321 21.4 15.8-99.999999-99.9-99.9-99.9-99.9-9.9 9919.5 92 17.1 -99-99.9-9.9-9.9
5271420160322 25.8 14.7-99.999999-99.9-99.9-99.9-99.9-9.9 9920.3 89 17.7 -99-99.9-9.9-9.9
5271420160323 27.1 15.8-99.999999-99.9-99.9-99.9-99.9-9.9 9921.5 88 18.6 -99-99.9-9.9-9.9
5271420160324 29.0 18.4-99.999999-99.9-99.9-99.9-99.9-9.9 9923.4 90 20.0 -99-99.9-9.9-9.9
5271420160325 28.4 17.8-99.999999-99.9-99.9-99.9-99.9-9.9 9920.7 83 18.0 -99-99.9-9.9-9.9
5271420160326 26.2 17.2-99.999999-99.9-99.9-99.9-99.9-9.9 9920.3 85 17.8 -99-99.9-9.9-9.9
5271420160327 29.9 17.2  0.009999-99.9-99.9-99.9-99.9-9.9 9920.9 82 18.2 -99-99.9-9.9-9.9
5271420160328 30.3 15.4  0.009999-99.9-99.9-99.9-99.9-9.9 9921.3 76 18.4 -99-99.9-9.9-9.9
5271420160329 31.8 16.0  0.009999-99.9-99.9-99.9-99.9-9.9 9922.4 78 19.2 -99-99.9-9.9-9.9
5271420160330 31.9 16.3  0.009999-99.9-99.9-99.9-99.9-9.9 9923.1 77 19.7 -99-99.9-9.9-9.9
5271420160331 34.1 17.4  0.009999-99.9-99.9-99.9-99.9-9.9 9925.4 83 21.2 -99-99.9-9.9-9.9
5271420160401 35.4 20.9  0.009999-99.9-99.9-99.9-99.9-9.9 9927.9 79 22.9 -99-99.9-9.9-9.9
5271420160402 32.4 22.4-99.999999-99.9-99.9-99.9-99.9-9.9 9926.6 77 22.1 -99-99.9-9.9-9.9
5271420160403 26.3 21.2-99.999999-99.9-99.9-99.9-99.9-9.9 9926.9 95 22.3 -99-99.9-9.9-9.9
5271420160404 27.8 22.1-99.999999-99.9-99.9-99.9-99.9-9.9 9928.0 96 23.0 -99-99.9-9.9-9.9
5271420160405 23.1 18.1-99.999999-99.9-99.9-99.9-99.9-9.9 9923.7 97 20.2 -99-99.9-9.9-9.9
5271420160406 28.1 17.3  0.009999-99.9-99.9-99.9-99.9-9.9 9921.5 86 18.7 -99-99.9-9.9-9.9
5271420160407 28.7 18.9-99.999999-99.9-99.9-99.9-99.9-9.9 9923.4 88 20.0 -99-99.9-9.9-9.9
5271420160408 29.2 20.5-99.999999-99.9-99.9-99.9-99.9-9.9 9925.7 88 21.5 -99-99.9-9.9-9.9
5271420160409 22.5 18.4-99.999999-99.9-99.9-99.9-99.9-9.9 9923.4 99 20.0 -99-99.9-9.9-9.9
5271420160410 20.7 17.3-99.999999-99.9-99.9-99.9-99.9-9.9 9920.6 99 18.0 -99-99.9-9.9-9.9
5271420160411 19.8 16.6-99.999999-99.9-99.9-99.9-99.9-9.9 9919.3 96 16.9 -99-99.9-9.9-9.9
5271420160412 23.7 15.7-99.999999-99.9-99.9-99.9-99.9-9.9 9919.4 90 17.0 -99-99.9-9.9-9.9
5271420160413 26.6 17.4-99.999999-99.9-99.9-99.9-99.9-9.9 9921.2 89 18.4 -99-99.9-9.9-9.9
5271420160414 27.4 18.8-99.999999-99.9-99.9-99.9-99.9-9.9 9922.2 86 19.2 -99-99.9-9.9-9.9
5271420160415 31.8 16.0-99.999999-99.9-99.9-99.9-99.9-9.9 9923.6 76 20.0 -99-99.9-9.9-9.9
5271420160416 35.4 18.5-99.999999-99.9-99.9-99.9-99.9-9.9 9927.3 71 22.4 -99-99.9-9.9-9.9
5271420160417 28.1 19.4-99.999999-99.9-99.9-99.9-99.9-9.9 9923.4100 20.0 -99-99.9-9.9-9.9
5271420160418 20.1 15.5-99.999999-99.9-99.9-99.9-99.9-9.9 9918.3100 16.1 -99-99.9-9.9-9.9
5271420160419 25.9 14.2-99.999999-99.9-99.9-99.9-99.9-9.9 9918.2 90 16.0 -99-99.9-9.9-9.9
5271420160420 22.8 11.9-99.999999-99.9-99.9-99.9-99.9-9.9 9917.0100 14.9 -99-99.9-9.9-9.9
5271420160421 27.0 10.4-99.999999-99.9-99.9-99.9-99.9-9.9 9917.9 85 15.6 -99-99.9-9.9-9.9
5271420160422 26.4 16.8  0.009999-99.9-99.9-99.9-99.9-9.9 9920.5 85 17.9 -99-99.9-9.9-9.9
5271420160423 28.4 14.2  0.009999-99.9-99.9-99.9-99.9-9.9 9920.0 86 17.5 -99-99.9-9.9-9.9
5271420160424 28.5 14.6-99.999999-99.9-99.9-99.9-99.9-9.9 9919.8 85 17.2 -99-99.9-9.9-9.9
5271420160425 16.6 10.7-99.999999-99.9-99.9-99.9-99.9-9.9 9913.2 91 11.0 -99-99.9-9.9-9.9
5271420160426 20.9  8.2  0.009999-99.9-99.9-99.9-99.9-9.9 9911.0 77  8.3 -99-99.9-9.9-9.9
5271420160427 18.0  5.8  0.009999-99.9-99.9-99.9-99.9-9.9 9910.8 84  8.0 -99-99.9-9.9-9.9
5271420160428 20.1  8.0  0.009999-99.9-99.9-99.9-99.9-9.9 9912.3 80  9.9 -99-99.9-9.9-9.9
5271420160429 20.8 10.4  0.009999-99.9-99.9-99.9-99.9-9.9 9913.3 82 11.1 -99-99.9-9.9-9.9
5271420160430 15.4 11.9  0.009999-99.9-99.9-99.9-99.9-9.9 9913.2 85 11.1 -99-99.9-9.9-9.9
5271420160501 23.2  8.5  0.009999-99.9-99.9-99.9-99.9-9.9 9913.2 83 11.0 -99-99.9-9.9-9.9
5271420160502 24.4 10.6  0.009999-99.9-99.9-99.9-99.9-9.9 9915.0 78 13.0 -99-99.9-9.9-9.9
5271420160503 23.5 13.8  0.009999-99.9-99.9-99.9-99.9-9.9 9916.4 85 14.4 -99-99.9-9.9-9.9
5271420160504 24.0 12.9  0.009999-99.9-99.9-99.9-99.9-9.9 9916.6 79 14.6 -99-99.9-9.9-9.9
5271420160505 23.8 15.4  0.009999-99.9-99.9-99.9-99.9-9.9 9916.7 80 14.6 -99-99.9-9.9-9.9
5271420160506 23.5 16.0  0.819999-99.9-99.9-99.9-99.9-9.9 9918.3 90 16.1 -99-99.9-9.9-9.9
5271420160507 17.5 14.6-99.999999-99.9-99.9-99.9-99.9-9.9 9917.2 99 15.1 -99-99.9-9.9-9.9
5271420160508 20.1 14.0-99.999999-99.9-99.9-99.9-99.9-9.9 9917.2 92 15.1 -99-99.9-9.9-9.9
5271420160509 18.2 15.0-99.999999-99.9-99.9-99.9-99.9-9.9 9918.4 98 16.2 -99-99.9-9.9-9.9
5271420160510 18.3 15.9-99.999999-99.9-99.9-99.9-99.9-9.9 9918.9 99 16.6 -99-99.9-9.9-9.9
5271420160511 20.0 15.8-99.999999-99.9-99.9-99.9-99.9-9.9 9918.8 96 16.6 -99-99.9-9.9-9.9
5271420160512 18.9 16.3-99.999999-99.9-99.9-99.9-99.9-9.9 9919.0100 16.7 -99-99.9-9.9-9.9
5271420160513 16.6 14.1-99.999999-99.9-99.9-99.9-99.9-9.9 9917.1100 15.0 -99-99.9-9.9-9.9
5271420160514 18.9 14.8-99.999999-99.9-99.9-99.9-99.9-9.9 9918.1 95 15.9 -99-99.9-9.9-9.9
5271420160515 25.4 12.3-99.999999-99.9-99.9-99.9-99.9-9.9 9916.8 84 14.7 -99-99.9-9.9-9.9
5271420160516 16.4 12.4-99.999999-99.9-99.9-99.9-99.9-9.9 9915.1 98 13.1 -99-99.9-9.9-9.9
5271420160517 12.6 11.0-99.999999-99.9-99.9-99.9-99.9-9.9 9913.7100 11.7 -99-99.9-9.9-9.9
5271420160518 14.3 11.2-99.999999-99.9-99.9-99.9-99.9-9.9 9914.1 99 12.1 -99-99.9-9.9-9.9
5271420160519 15.1 11.8-99.999999-99.9-99.9-99.9-99.9-9.9 9914.6 96 12.6 -99-99.9-9.9-9.9
5271420160520 17.6 11.2-99.999999-99.9-99.9-99.9-99.9-9.9 9914.3 92 12.3 -99-99.9-9.9-9.9
5271420160521 14.3 11.1-99.999999-99.9-99.9-99.9-99.9-9.9 9913.6 95 11.6 -99-99.9-9.9-9.9
5271420160522 21.3  6.9-99.999999-99.9-99.9-99.9-99.9-9.9 9912.2 82  9.8 -99-99.9-9.9-9.9
5271420160523 19.4  5.0  0.009999-99.9-99.9-99.9-99.9-9.9 9912.7 88 10.3 -99-99.9-9.9-9.9
5271420160524 18.9  6.2  0.009999-99.9-99.9-99.9-99.9-9.9 9913.1 92 10.8 -99-99.9-9.9-9.9
5271420160525 22.3  6.3  0.009999-99.9-99.9-99.9-99.9-9.9 9913.4 87 11.2 -99-99.9-9.9-9.9
5271420160526 18.6 10.7-99.999999-99.9-99.9-99.9-99.9-9.9 9915.4 90 13.4 -99-99.9-9.9-9.9
5271420160527 14.2 10.9-99.999999-99.9-99.9-99.9-99.9-9.9 9913.8100 11.8 -99-99.9-9.9-9.9
5271420160528 16.7  9.3  0.009999-99.9-99.9-99.9-99.9-9.9 9913.1 90 10.9 -99-99.9-9.9-9.9
5271420160529 15.4  6.5  0.009999-99.9-99.9-99.9-99.9-9.9 9912.8 93 10.5 -99-99.9-9.9-9.9
5271420160530 22.0  6.6  0.009999-99.9-99.9-99.9-99.9-9.9 9912.3 85 10.0 -99-99.9-9.9-9.9
5271420160531 22.9  4.6  0.009999-99.9-99.9-99.9-99.9-9.9 9912.5 79 10.0 -99-99.9-9.9-9.9
5271420160601 23.0 11.3  0.009999-99.9-99.9-99.9-99.9-9.9 9914.4 82 12.4 -99-99.9-9.9-9.9
5271420160602 15.2 10.5  1.219999-99.9-99.9-99.9-99.9-9.9 9914.1 94 12.1 -99-99.9-9.9-9.9
5271420160603 14.0 11.9  0.819999-99.9-99.9-99.9-99.9-9.9 9914.7100 12.7 -99-99.9-9.9-9.9
5271420160604 16.1 11.2  1.019999-99.9-99.9-99.9-99.9-9.9 9914.2 94 12.1 -99-99.9-9.9-9.9
5271420160605 12.9 10.2  0.519999-99.9-99.9-99.9-99.9-9.9 9912.9100 10.7 -99-99.9-9.9-9.9
5271420160606 16.1  6.7  0.519999-99.9-99.9-99.9-99.9-9.9 9911.9 95  9.4 -99-99.9-9.9-9.9
5271420160607 19.7  1.3  0.009999-99.9-99.9-99.9-99.9-9.9 99 9.9 86  6.5 -99-99.9-9.9-9.9
5271420160608 21.7  1.7  0.009999-99.9-99.9-99.9-99.9-9.9 9910.7 82  7.6 -99-99.9-9.9-9.9
5271420160609 21.1  3.3  0.009999-99.9-99.9-99.9-99.9-9.9 9911.1 85  8.3 -99-99.9-9.9-9.9
5271420160610 14.0  6.2  0.009999-99.9-99.9-99.9-99.9-9.9 9911.3 87  8.7 -99-99.9-9.9-9.9
5271420160611 11.8  4.8  0.009999-99.9-99.9-99.9-99.9-9.9 99 9.6 87  6.3 -99-99.9-9.9-9.9
5271420160612 12.9  2.4  0.009999-99.9-99.9-99.9-99.9-9.9 9910.6 91  7.7 -99-99.9-9.9-9.9
5271420160613 20.0  4.0  0.009999-99.9-99.9-99.9-99.9-9.9 9910.5 85  7.5 -99-99.9-9.9-9.9
5271420160614 23.3  2.8  0.009999-99.9-99.9-99.9-99.9-9.9 9910.4 80  7.3 -99-99.9-9.9-9.9
5271420160615 24.9  5.8  0.009999-99.9-99.9-99.9-99.9-9.9 9911.6 74  9.0 -99-99.9-9.9-9.9
5271420160616 16.0  9.8  0.009999-99.9-99.9-99.9-99.9-9.9 9912.2 84  9.9 -99-99.9-9.9-9.9
5271420160617 19.4  8.1  0.009999-99.9-99.9-99.9-99.9-9.9 9911.8 86  9.4 -99-99.9-9.9-9.9
5271420160618 21.3  4.9  0.009999-99.9-99.9-99.9-99.9-9.9 9912.4 81  9.9 -99-99.9-9.9-9.9
5271420160619 13.8 10.9  0.009999-99.9-99.9-99.9-99.9-9.9 9912.2 84  9.9 -99-99.9-9.9-9.9
5271420160620 21.5  7.9  0.009999-99.9-99.9-99.9-99.9-9.9 9911.8 78  9.4 -99-99.9-9.9-9.9
5271420160621 20.4  6.8  0.009999-99.9-99.9-99.9-99.9-9.9 9910.7 82  8.0 -99-99.9-9.9-9.9
5271420160622 20.8  1.6  0.009999-99.9-99.9-99.9-99.9-9.9 99 9.8 82  6.4 -99-99.9-9.9-9.9
5271420160623 21.0  2.3  0.009999-99.9-99.9-99.9-99.9-9.9 9910.3 81  7.3 -99-99.9-9.9-9.9
5271420160624 17.0  5.8  6.219999-99.9-99.9-99.9-99.9-9.9 9911.3 88  8.7 -99-99.9-9.9-9.9
5271420160625 11.3  8.1  3.519999-99.9-99.9-99.9-99.9-9.9 9911.8100  9.4 -99-99.9-9.9-9.9
5271420160626 18.0  6.0  0.219999-99.9-99.9-99.9-99.9-9.9 9910.5 83  7.6 -99-99.9-9.9-9.9
5271420160627 14.4  5.7  0.009999-99.9-99.9-99.9-99.9-9.9 9910.1 92  7.0 -99-99.9-9.9-9.9
5271420160628 17.9  0.2  0.009999-99.9-99.9-99.9-99.9-9.9 99 9.5 86  5.9 -99-99.9-9.9-9.9
5271420160629 21.0  2.3  0.009999-99.9-99.9-99.9-99.9-9.9 9910.7 85  7.9 -99-99.9-9.9-9.9
5271420160630 23.0  3.6  0.009999-99.9-99.9-99.9-99.9-9.9 9911.9 78  9.2 -99-99.9-9.9-9.9
5271420160701 18.0 11.8  0.219999-99.9-99.9-99.9-99.9-9.9 9914.1 83 12.1 -99-99.9-9.9-9.9
5271420160702 15.9 12.2  3.019999-99.9-99.9-99.9-99.9-9.9 9915.1 95 13.1 -99-99.9-9.9-9.9
5271420160703 14.4 12.1  0.819999-99.9-99.9-99.9-99.9-9.9 9914.6 98 12.6 -99-99.9-9.9-9.9
5271420160704 15.7 10.8  0.009999-99.9-99.9-99.9-99.9-9.9 9913.0 93 10.8 -99-99.9-9.9-9.9
5271420160705 22.2  2.6  0.009999-99.9-99.9-99.9-99.9-9.9 9910.1 80  7.0 -99-99.9-9.9-9.9
5271420160706 25.9  1.0  0.009999-99.9-99.9-99.9-99.9-9.9 99 9.0 71  5.3 -99-99.9-9.9-9.9
5271420160707 23.6  2.4  0.009999-99.9-99.9-99.9-99.9-9.9 99 9.8 78  6.4 -99-99.9-9.9-9.9
5271420160708 20.7  4.8  0.009999-99.9-99.9-99.9-99.9-9.9 9910.6 86  7.7 -99-99.9-9.9-9.9
5271420160709 21.2  2.1  0.009999-99.9-99.9-99.9-99.9-9.9 9910.6 83  7.6 -99-99.9-9.9-9.9
5271420160710 24.2  4.3  0.009999-99.9-99.9-99.9-99.9-9.9 9911.5 81  8.9 -99-99.9-9.9-9.9
5271420160711 18.8  8.2  0.009999-99.9-99.9-99.9-99.9-9.9 9913.2 92 11.0 -99-99.9-9.9-9.9
5271420160712 23.1  7.5  0.009999-99.9-99.9-99.9-99.9-9.9 9914.1 80 12.0 -99-99.9-9.9-9.9
5271420160713 22.6  6.6  0.009999-99.9-99.9-99.9-99.9-9.9 9913.0 83 10.8 -99-99.9-9.9-9.9
5271420160714 24.5  3.7  0.009999-99.9-99.9-99.9-99.9-9.9 9913.0 84 10.5 -99-99.9-9.9-9.9
5271420160715 17.1  8.1  0.009999-99.9-99.9-99.9-99.9-9.9 9912.9 96 10.6 -99-99.9-9.9-9.9
5271420160716 15.7  7.2  0.009999-99.9-99.9-99.9-99.9-9.9 9911.3 84  8.7 -99-99.9-9.9-9.9
5271420160717 11.1  8.0  0.009999-99.9-99.9-99.9-99.9-9.9 9910.3 85  7.3 -99-99.9-9.9-9.9
5271420160718 19.9  7.9  0.009999-99.9-99.9-99.9-99.9-9.9 9911.2 76  8.7 -99-99.9-9.9-9.9
5271420160719 14.3  9.3  0.009999-99.9-99.9-99.9-99.9-9.9 9910.7 81  8.0 -99-99.9-9.9-9.9
5271420160720 19.5  7.4  0.009999-99.9-99.9-99.9-99.9-9.9 9910.8 81  8.0 -99-99.9-9.9-9.9
5271420160721 20.9  1.3  0.009999-99.9-99.9-99.9-99.9-9.9 9910.0 82  6.8 -99-99.9-9.9-9.9
5271420160722 22.4  3.3  0.009999-99.9-99.9-99.9-99.9-9.9 9910.3 82  7.3 -99-99.9-9.9-9.9
5271420160723 25.1  3.5  0.009999-99.9-99.9-99.9-99.9-9.9 9911.0 79  8.2 -99-99.9-9.9-9.9
5271420160724 24.5  5.8  0.009999-99.9-99.9-99.9-99.9-9.9 9912.6 77 10.3 -99-99.9-9.9-9.9
5271420160725 25.8  9.0  0.009999-99.9-99.9-99.9-99.9-9.9 9914.7 79 12.7 -99-99.9-9.9-9.9
5271420160726 17.1  7.4  0.009999-99.9-99.9-99.9-99.9-9.9 9912.4 82 10.2 -99-99.9-9.9-9.9
5271420160727 13.2  8.1  0.009999-99.9-99.9-99.9-99.9-9.9 9910.4 91  7.6 -99-99.9-9.9-9.9
5271420160728 17.5  2.7  0.009999-99.9-99.9-99.9-99.9-9.9 9910.1 82  7.1 -99-99.9-9.9-9.9
5271420160729 20.8  8.4  0.009999-99.9-99.9-99.9-99.9-9.9 9911.5 81  9.0 -99-99.9-9.9-9.9
5271420160730 23.9  3.0  0.009999-99.9-99.9-99.9-99.9-9.9 9910.8 78  8.0 -99-99.9-9.9-9.9
5271420160731 26.7  5.9  0.009999-99.9-99.9-99.9-99.9-9.9 9912.6 77 10.2 -99-99.9-9.9-9.9
5271420160801 23.6  7.1  0.009999-99.9-99.9-99.9-99.9-9.9 9912.5 73 10.2 -99-99.9-9.9-9.9
5271420160802 21.0  7.8  0.009999-99.9-99.9-99.9-99.9-9.9 9912.2 78  9.9 -99-99.9-9.9-9.9
5271420160803 24.0 11.5  0.009999-99.9-99.9-99.9-99.9-9.9 9912.9 75 10.8 -99-99.9-9.9-9.9
5271420160804 27.9  6.5  0.009999-99.9-99.9-99.9-99.9-9.9 9912.9 77 10.6 -99-99.9-9.9-9.9
5271420160805 29.6 10.1  0.009999-99.9-99.9-99.9-99.9-9.9 9916.7 76 14.5 -99-99.9-9.9-9.9
5271420160806 20.2 14.6  0.219999-99.9-99.9-99.9-99.9-9.9 9917.6 96 15.5 -99-99.9-9.9-9.9
5271420160807 22.2 10.3  0.009999-99.9-99.9-99.9-99.9-9.9 9914.1 82 12.0 -99-99.9-9.9-9.9
5271420160808 27.2  6.2  0.009999-99.9-99.9-99.9-99.9-9.9 9912.8 76 10.5 -99-99.9-9.9-9.9
5271420160809 26.9  7.2  0.009999-99.9-99.9-99.9-99.9-9.9 9913.6 70 11.4 -99-99.9-9.9-9.9
5271420160810 28.0  8.4  0.009999-99.9-99.9-99.9-99.9-9.9 9913.0 71 10.8 -99-99.9-9.9-9.9
5271420160811 27.0  6.6  0.009999-99.9-99.9-99.9-99.9-9.9 9912.3 69  9.9 -99-99.9-9.9-9.9
5271420160812 28.8  6.0  0.009999-99.9-99.9-99.9-99.9-9.9 9912.9 73 10.6 -99-99.9-9.9-9.9
5271420160813 31.9  6.8  0.009999-99.9-99.9-99.9-99.9-9.9 9913.4 69 11.2 -99-99.9-9.9-9.9
5271420160814 29.6 10.2  0.009999-99.9-99.9-99.9-99.9-9.9 9914.8 70 12.7 -99-99.9-9.9-9.9
5271420160815 35.1  8.1  0.009999-99.9-99.9-99.9-99.9-9.9 9914.3 61 12.1 -99-99.9-9.9-9.9
5271420160816 34.6  8.9  0.009999-99.9-99.9-99.9-99.9-9.9 9915.2 64 13.2 -99-99.9-9.9-9.9
5271420160817 26.4  8.8  0.009999-99.9-99.9-99.9-99.9-9.9 9910.3 59  7.1 -99-99.9-9.9-9.9
5271420160818 25.8  4.0  0.009999-99.9-99.9-99.9-99.9-9.9 99 9.4 63  6.0 -99-99.9-9.9-9.9
5271420160819 26.9  3.2  0.009999-99.9-99.9-99.9-99.9-9.9 99 9.1 62  5.4 -99-99.9-9.9-9.9
5271420160820 14.8  8.7  0.819999-99.9-99.9-99.9-99.9-9.9 9910.4 82  7.5 -99-99.9-9.9-9.9
5271420160821 22.8  2.1  0.009999-99.9-99.9-99.9-99.9-9.9 99 9.0 70  5.4 -99-99.9-9.9-9.9
5271420160822 25.2  1.4  0.009999-99.9-99.9-99.9-99.9-9.9 99 8.8 65  5.0 -99-99.9-9.9-9.9
5271420160823 26.8  2.7  0.009999-99.9-99.9-99.9-99.9-9.9 99 9.4 63  6.0 -99-99.9-9.9-9.9
5271420160824 28.7  3.9  0.009999-99.9-99.9-99.9-99.9-9.9 9910.2 61  7.2 -99-99.9-9.9-9.9
5271420160825 32.0  5.1  0.009999-99.9-99.9-99.9-99.9-9.9 9911.6 60  9.0 -99-99.9-9.9-9.9
5271420160826 34.4  8.2  0.009999-99.9-99.9-99.9-99.9-9.9 9913.9 58 11.7 -99-99.9-9.9-9.9
5271420160827 23.4 13.0  0.009999-99.9-99.9-99.9-99.9-9.9 9911.9 56  9.4 -99-99.9-9.9-9.9
5271420160828 18.8 12.2  3.219999-99.9-99.9-99.9-99.9-9.9 9910.4 68  7.5 -99-99.9-9.9-9.9
5271420160829 23.9  9.3  0.009999-99.9-99.9-99.9-99.9-9.9 9912.0 75  9.6 -99-99.9-9.9-9.9
5271420160830 27.1  3.0  0.009999-99.9-99.9-99.9-99.9-9.9 9910.4 65  7.4 -99-99.9-9.9-9.9
5271420160831 30.5  4.2  0.009999-99.9-99.9-99.9-99.9-9.9 9910.7 59  7.8 -99-99.9-9.9-9.9
5271420160901 16.8  9.9  0.009999-99.9-99.9-99.9-99.9-9.9 99 9.1 59  5.6 -99-99.9-9.9-9.9
5271420160902 11.8  7.9  0.009999-99.9-99.9-99.9-99.9-9.9 99 9.9 83  6.8 -99-99.9-9.9-9.9
5271420160903 13.3  7.5  0.009999-99.9-99.9-99.9-99.9-9.9 99 8.5 68  4.4 -99-99.9-9.9-9.9
5271420160904 11.1  7.0  0.009999-99.9-99.9-99.9-99.9-9.9 99 8.2 74  4.1 -99-99.9-9.9-9.9
5271420160905 18.5  5.5  0.009999-99.9-99.9-99.9-99.9-9.9 99 7.9 60  3.5 -99-99.9-9.9-9.9
5271420160906 22.2 -0.4  0.009999-99.9-99.9-99.9-99.9-9.9 99 7.8 61  3.2 -99-99.9-9.9-9.9
5271420160907 25.6  1.9  0.009999-99.9-99.9-99.9-99.9-9.9 99 8.5 57  4.5 -99-99.9-9.9-9.9
5271420160908 29.2  4.4  0.009999-99.9-99.9-99.9-99.9-9.9 99 9.3 53  5.9 -99-99.9-9.9-9.9
5271420160909 33.1  4.6  0.009999-99.9-99.9-99.9-99.9-9.9 9910.0 51  6.9 -99-99.9-9.9-9.9
5271420160910 34.4  7.8  0.009999-99.9-99.9-99.9-99.9-9.9 9911.6 51  9.0 -99-99.9-9.9-9.9
5271420160911 35.7  9.9  0.009999-99.9-99.9-99.9-99.9-9.9 9913.7 50 11.5 -99-99.9-9.9-9.9
5271420160912 34.8 12.2  0.009999-99.9-99.9-99.9-99.9-9.9 9914.0 41 11.9 -99-99.9-9.9-9.9
5271420160913 28.9 13.9  0.009999-99.9-99.9-99.9-99.9-9.9 9910.9 50  8.0 -99-99.9-9.9-9.9
5271420160914 28.8  7.0  0.009999-99.9-99.9-99.9-99.9-9.9 99 9.4 58  6.0 -99-99.9-9.9-9.9
5271420160915 28.1  8.0  0.009999-99.9-99.9-99.9-99.9-9.9 9910.4 50  7.5 -99-99.9-9.9-9.9
5271420160916 31.7  7.5  0.009999-99.9-99.9-99.9-99.9-9.9 9911.7 49  9.3 -99-99.9-9.9-9.9
5271420160917 35.1  9.9  0.009999-99.9-99.9-99.9-99.9-9.9 9913.3 49 11.1 -99-99.9-9.9-9.9
5271420160918 30.5 13.9  0.009999-99.9-99.9-99.9-99.9-9.9 9913.4 44 11.2 -99-99.9-9.9-9.9
5271420160919 25.2 16.7  0.009999-99.9-99.9-99.9-99.9-9.9 9913.5 60 11.4 -99-99.9-9.9-9.9
5271420160920 27.6  9.3  0.009999-99.9-99.9-99.9-99.9-9.9 9913.5 64 11.4 -99-99.9-9.9-9.9
5271420160921 32.6  9.1  0.009999-99.9-99.9-99.9-99.9-9.9 9913.4 54 11.2 -99-99.9-9.9-9.9
5271420160922 35.4 11.3  0.009999-99.9-99.9-99.9-99.9-9.9 9914.2 47 12.1 -99-99.9-9.9-9.9
5271420160923 25.8 15.4  0.009999-99.9-99.9-99.9-99.9-9.9 9910.7 51  7.9 -99-99.9-9.9-9.9
5271420160924 23.4 12.2  0.009999-99.9-99.9-99.9-99.9-9.9 99 8.9 42  5.1 -99-99.9-9.9-9.9
5271420160925 26.7  4.1  0.009999-99.9-99.9-99.9-99.9-9.9 9910.3 59  7.4 -99-99.9-9.9-9.9
5271420160926 31.1  7.6  0.009999-99.9-99.9-99.9-99.9-9.9 9912.6 52 10.2 -99-99.9-9.9-9.9
5271420160927 35.3 10.6  0.009999-99.9-99.9-99.9-99.9-9.9 9914.9 50 12.8 -99-99.9-9.9-9.9
5271420160928 36.5 15.0  0.009999-99.9-99.9-99.9-99.9-9.9 9916.2 45 14.1 -99-99.9-9.9-9.9
5271420160929 29.7 19.6  0.009999-99.9-99.9-99.9-99.9-9.9 9917.7 64 15.6 -99-99.9-9.9-9.9
5271420160930 29.3 16.5  0.009999-99.9-99.9-99.9-99.9-9.9 9916.0 58 13.9 -99-99.9-9.9-9.9
5271420161001 26.2 18.4  0.009999-99.9-99.9-99.9-99.9-9.9 9916.9 71 14.8 -99-99.9-9.9-9.9
5271420161002 31.8 18.6  3.219999-99.9-99.9-99.9-99.9-9.9 9919.7 64 17.2 -99-99.9-9.9-9.9
5271420161003 27.3 15.4  0.009999-99.9-99.9-99.9-99.9-9.9 9920.4 85 17.8 -99-99.9-9.9-9.9
5271420161004 30.4 15.9  3.519999-99.9-99.9-99.9-99.9-9.9 9919.1 67 16.7 -99-99.9-9.9-9.9
5271420161005 26.7 12.0  0.009999-99.9-99.9-99.9-99.9-9.9 9914.7 68 12.7 -99-99.9-9.9-9.9
5271420161006 27.6  8.9  0.009999-99.9-99.9-99.9-99.9-9.9 9911.9 54  9.4 -99-99.9-9.9-9.9
5271420161007 29.6  8.6  0.009999-99.9-99.9-99.9-99.9-9.9 9912.5 48 10.2 -99-99.9-9.9-9.9
5271420161008 21.2 15.5  1.819999-99.9-99.9-99.9-99.9-9.9 9917.1 93 15.0 -99-99.9-9.9-9.9
5271420161009 24.2 12.4  0.009999-99.9-99.9-99.9-99.9-9.9 9916.9 79 14.9 -99-99.9-9.9-9.9
5271420161010 32.9 13.5  0.009999-99.9-99.9-99.9-99.9-9.9 9917.3 58 15.2 -99-99.9-9.9-9.9
5271420161011 31.2 11.8  0.009999-99.9-99.9-99.9-99.9-9.9 9916.3 60 14.2 -99-99.9-9.9-9.9
5271420161012 37.6 14.6  0.009999-99.9-99.9-99.9-99.9-9.9 9917.9 49 15.6 -99-99.9-9.9-9.9
5271420161013 31.6 18.1  0.819999-99.9-99.9-99.9-99.9-9.9 9921.0 77 18.2 -99-99.9-9.9-9.9
5271420161014 24.5 18.3  0.009999-99.9-99.9-99.9-99.9-9.9 9920.1 79 17.6 -99-99.9-9.9-9.9
5271420161015 36.8 15.3  0.009999-99.9-99.9-99.9-99.9-9.9 9920.3 52 17.6 -99-99.9-9.9-9.9
5271420161016 31.4 19.4  2.219999-99.9-99.9-99.9-99.9-9.9 9924.1 69 20.5 -99-99.9-9.9-9.9
5271420161017 25.6 17.2  1.519999-99.9-99.9-99.9-99.9-9.9 9921.7 99 18.8 -99-99.9-9.9-9.9
5271420161018 22.3 16.3  1.019999-99.9-99.9-99.9-99.9-9.9 9918.2 86 16.0 -99-99.9-9.9-9.9
5271420161019 22.8 15.4  0.009999-99.9-99.9-99.9-99.9-9.9 9917.2 79 15.1 -99-99.9-9.9-9.9
5271420161020 19.2 15.2  0.009999-99.9-99.9-99.9-99.9-9.9 9914.8 72 12.7 -99-99.9-9.9-9.9
5271420161021 20.0 13.4  0.009999-99.9-99.9-99.9-99.9-9.9 9915.2 81 13.3 -99-99.9-9.9-9.9
5271420161022 21.4 15.5  0.009999-99.9-99.9-99.9-99.9-9.9 9917.4 84 15.4 -99-99.9-9.9-9.9
5271420161023 32.6 10.6  0.009999-99.9-99.9-99.9-99.9-9.9 9916.7 55 14.6 -99-99.9-9.9-9.9
5271420161024 35.4 16.5  3.019999-99.9-99.9-99.9-99.9-9.9 9920.8 65 18.1 -99-99.9-9.9-9.9
5271420161025 23.5 15.1  0.009999-99.9-99.9-99.9-99.9-9.9 9918.1 82 15.9 -99-99.9-9.9-9.9
5271420161026 32.6 10.2  0.009999-99.9-99.9-99.9-99.9-9.9 9912.7 47 10.4 -99-99.9-9.9-9.9
5271420161027 28.5  9.9  0.009999-99.9-99.9-99.9-99.9-9.9 9914.1 54 12.0 -99-99.9-9.9-9.9
5271420161028 29.2 11.4  0.009999-99.9-99.9-99.9-99.9-9.9 9911.3 43  8.6 -99-99.9-9.9-9.9
5271420161029 32.6 12.5  0.009999-99.9-99.9-99.9-99.9-9.9 9912.3 42 10.0 -99-99.9-9.9-9.9
5271420161030 33.6 12.8  0.009999-99.9-99.9-99.9-99.9-9.9 9912.5 41 10.1 -99-99.9-9.9-9.9
5271420161031 34.0 14.6  0.009999-99.9-99.9-99.9-99.9-9.9 9914.7 41 12.7 -99-99.9-9.9-9.9
5271420161101 37.7 15.1  3.019999-99.9-99.9-99.9-99.9-9.9 9915.6 39 13.3 -99-99.9-9.9-9.9
5271420161102 24.0  8.7  0.009999-99.9-99.9-99.9-99.9-9.9 99 9.3 44  5.8 -99-99.9-9.9-9.9
5271420161103 32.3  6.7  0.009999-99.9-99.9-99.9-99.9-9.9 9910.6 38  7.7 -99-99.9-9.9-9.9
5271420161104 36.9  9.2  0.009999-99.9-99.9-99.9-99.9-9.9 9911.0 31  8.2 -99-99.9-9.9-9.9
5271420161105 37.3 12.4  0.009999-99.9-99.9-99.9-99.9-9.9 9911.3 30  8.7 -99-99.9-9.9-9.9
5271420161106 40.0 16.0  0.009999-99.9-99.9-99.9-99.9-9.9 9913.6 32 11.5 -99-99.9-9.9-9.9
5271420161107 39.1 18.9  2.819999-99.9-99.9-99.9-99.9-9.9 9917.1 43 14.9 -99-99.9-9.9-9.9
5271420161108 30.5 16.6  0.009999-99.9-99.9-99.9-99.9-9.9 9920.7 63 18.0 -99-99.9-9.9-9.9
5271420161109 36.4 18.1  0.219999-99.9-99.9-99.9-99.9-9.9 9920.6 52 17.9 -99-99.9-9.9-9.9
5271420161110 35.0 22.8  3.819999-99.9-99.9-99.9-99.9-9.9 9923.4 61 20.0 -99-99.9-9.9-9.9
5271420161111 26.6 19.9-99.999999-99.9-99.9-99.9-99.9-9.9 9922.1 88 19.1 -99-99.9-9.9-9.9
5271420161112 26.8 18.0  0.009999-99.9-99.9-99.9-99.9-9.9 9921.9 86 18.9 -99-99.9-9.9-9.9
5271420161113 35.0 16.6  0.009999-99.9-99.9-99.9-99.9-9.9 9921.9 61 18.9 -99-99.9-9.9-9.9
5271420161114 31.9 19.4  0.009999-99.9-99.9-99.9-99.9-9.9 9921.1 68 18.4 -99-99.9-9.9-9.9
5271420161115 36.8 16.1  0.819999-99.9-99.9-99.9-99.9-9.9 9919.4 47 17.0 -99-99.9-9.9-9.9
5271420161116 28.1 17.6-99.999999-99.9-99.9-99.9-99.9-9.9 9919.8 78 17.2 -99-99.9-9.9-9.9
5271420161117 22.7 13.3-99.999999-99.9-99.9-99.9-99.9-9.9 9916.8 85 14.7 -99-99.9-9.9-9.9
5271420161118 26.1 11.9-99.999999-99.9-99.9-99.9-99.9-9.9 9915.4 69 13.3 -99-99.9-9.9-9.9
5271420161119 29.2 12.0-99.999999-99.9-99.9-99.9-99.9-9.9 9915.9 59 13.9 -99-99.9-9.9-9.9
5271420161120 35.6 14.5-99.999999-99.9-99.9-99.9-99.9-9.9 9917.2 49 15.1 -99-99.9-9.9-9.9
5271420161121 26.6 16.2-99.999999-99.9-99.9-99.9-99.9-9.9 9918.9 98 16.6 -99-99.9-9.9-9.9
5271420161122 16.7 13.8-99.999999-99.9-99.9-99.9-99.9-9.9 9917.3100 15.2 -99-99.9-9.9-9.9
5271420161123 25.0 14.9-99.999999-99.9-99.9-99.9-99.9-9.9 9919.2 76 16.8 -99-99.9-9.9-9.9
5271420161124 33.6 15.1-99.999999-99.9-99.9-99.9-99.9-9.9 9921.2 63 18.4 -99-99.9-9.9-9.9
5271420161125 37.3 20.1  0.009999-99.9-99.9-99.9-99.9-9.9 9923.2 57 19.9 -99-99.9-9.9-9.9
5271420161126 40.1 20.7-99.999999-99.9-99.9-99.9-99.9-9.9 9924.5 49 20.7 -99-99.9-9.9-9.9
5271420161127 29.2 19.2-99.999999-99.9-99.9-99.9-99.9-9.9 9923.6 89 20.2 -99-99.9-9.9-9.9
5271420161128 22.0 18.7-99.999999-99.9-99.9-99.9-99.9-9.9 9923.4100 20.0 -99-99.9-9.9-9.9
5271420161129 26.3 18.1-99.999999-99.9-99.9-99.9-99.9-9.9 9921.4 83 18.5 -99-99.9-9.9-9.9
5271420161130 26.4 19.8-99.999999-99.9-99.9-99.9-99.9-9.9 9922.4 90 19.3 -99-99.9-9.9-9.9
5271420161201 30.8 18.5  0.009999-99.9-99.9-99.9-99.9-9.9 9924.0 73 20.4 -99-99.9-9.9-9.9
5271420161202 33.4 20.8  0.009999-99.9-99.9-99.9-99.9-9.9 9925.1 72 21.2 -99-99.9-9.9-9.9
5271420161203 36.9 21.9  0.009999-99.9-99.9-99.9-99.9-9.9 9925.1 62 21.1 -99-99.9-9.9-9.9
5271420161204 36.8 22.0  0.009999-99.9-99.9-99.9-99.9-9.9 9924.5 58 20.7 -99-99.9-9.9-9.9
5271420161205 39.0 21.0  5.519999-99.9-99.9-99.9-99.9-9.9 9924.6 55 20.7 -99-99.9-9.9-9.9
5271420161206 30.4 17.8-99.999999-99.9-99.9-99.9-99.9-9.9 9921.9 84 18.9 -99-99.9-9.9-9.9
5271420161207 27.8 19.3-99.999999-99.9-99.9-99.9-99.9-9.9 9924.6 91 20.8 -99-99.9-9.9-9.9
5271420161208 22.5 17.4-99.999999-99.9-99.9-99.9-99.9-9.9 9922.3 99 19.2 -99-99.9-9.9-9.9
5271420161209 20.7 16.8-99.999999-99.9-99.9-99.9-99.9-9.9 9920.1 96 17.6 -99-99.9-9.9-9.9
5271420161210 30.0 15.0  0.219999-99.9-99.9-99.9-99.9-9.9 9920.3 70 17.7 -99-99.9-9.9-9.9
5271420161211 35.3 15.4  0.009999-99.9-99.9-99.9-99.9-9.9 9919.0 60 16.6 -99-99.9-9.9-9.9
5271420161212 38.4 15.9  0.009999-99.9-99.9-99.9-99.9-9.9 9921.0 58 18.1 -99-99.9-9.9-9.9
5271420161213 31.2 19.1  0.009999-99.9-99.9-99.9-99.9-9.9 9917.1 47 14.7 -99-99.9-9.9-9.9
5271420161214 31.0 16.9  0.009999-99.9-99.9-99.9-99.9-9.9 9915.8 49 13.6 -99-99.9-9.9-9.9
5271420161215 33.1 14.1  0.009999-99.9-99.9-99.9-99.9-9.9 9918.0 55 15.7 -99-99.9-9.9-9.9
5271420161216 35.5 16.7  0.009999-99.9-99.9-99.9-99.9-9.9 9919.2 57 16.7 -99-99.9-9.9-9.9
5271420161217 38.8 17.7  0.009999-99.9-99.9-99.9-99.9-9.9 9921.4 55 18.5 -99-99.9-9.9-9.9
5271420161218 40.9 19.1-99.999999-99.9-99.9-99.9-99.9-9.9 9923.1 57 19.7 -99-99.9-9.9-9.9
5271420161219 31.7 18.4-99.999999-99.9-99.9-99.9-99.9-9.9 9921.2 76 18.3 -99-99.9-9.9-9.9
5271420161220 35.3 16.6-99.999999-99.9-99.9-99.9-99.9-9.9 9923.0 64 19.6 -99-99.9-9.9-9.9
5271420161221 38.8 19.8-99.999999-99.9-99.9-99.9-99.9-9.9 9925.9 63 21.6 -99-99.9-9.9-9.9
5271420161222-99.9-99.9-99.999999-99.9-99.9-99.9-99.9-9.9 9927.2 57 22.4 -99-99.9-9.9-9.9
5271420161223 30.7 21.5-99.999999-99.9-99.9-99.9-99.9-9.9 9924.2 77 20.5 -99-99.9-9.9-9.9
5271420161224 32.6 21.5-99.999999-99.9-99.9-99.9-99.9-9.9 9926.2 73 21.8 -99-99.9-9.9-9.9
5271420161225 42.1 21.8-99.999999-99.9-99.9-99.9-99.9-9.9 9927.5 54 22.6 -99-99.9-9.9-9.9
5271420161226 34.1 24.2-99.999999-99.9-99.9-99.9-99.9-9.9 9924.8 64 20.9 -99-99.9-9.9-9.9
5271420161227 28.5 17.3-99.999999-99.9-99.9-99.9-99.9-9.9 9918.1 63 15.8 -99-99.9-9.9-9.9
5271420161228 33.5 18.8-99.999999-99.9-99.9-99.9-99.9-9.9 9920.9 66 18.1 -99-99.9-9.9-9.9
5271420161229 36.8 16.8-99.999999-99.9-99.9-99.9-99.9-9.9 9921.7 53 18.8 -99-99.9-9.9-9.9
5271420161230 39.7 20.0-99.999999-99.9-99.9-99.9-99.9-9.9 9924.8 59 20.9 -99-99.9-9.9-9.9
5271420161231 42.8 22.6-99.999999-99.9-99.9-99.9-99.9-9.9 9927.0 53 22.3 -99-99.9-9.9-9.9
5271420170101 42.6 22.9-99.999999-99.9-99.9-99.9-99.9-9.9 9926.6 60 22.1 -99-99.9-9.9-9.9
5271420170102 37.3 23.4-99.999999-99.9-99.9-99.9-99.9-9.9 9927.3 67 22.5 -99-99.9-9.9-9.9
5271420170103 43.3 22.2-99.999999-99.9-99.9-99.9-99.9-9.9 9928.5 56 23.2 -99-99.9-9.9-9.9
5271420170104 37.0 23.6-99.999999-99.9-99.9-99.9-99.9-9.9 9928.2 83 23.0 -99-99.9-9.9-9.9
5271420170105 25.2 21.8-99.999999-99.9-99.9-99.9-99.9-9.9 9926.2 94 21.8 -99-99.9-9.9-9.9
5271420170106 29.3 21.3-99.999999-99.9-99.9-99.9-99.9-9.9 9927.2 91 22.4 -99-99.9-9.9-9.9
5271420170107 34.1 21.8-99.999999-99.9-99.9-99.9-99.9-9.9 9929.5 84 23.8 -99-99.9-9.9-9.9
5271420170108 38.5 23.8-99.999999-99.9-99.9-99.9-99.9-9.9 9930.9 68 24.6 -99-99.9-9.9-9.9
5271420170109 37.6 22.9-99.999999-99.9-99.9-99.9-99.9-9.9 9930.4 70 24.3 -99-99.9-9.9-9.9
5271420170110 30.1 21.7-99.999999-99.9-99.9-99.9-99.9-9.9 9927.3 90 22.5 -99-99.9-9.9-9.9
5271420170111 32.2 21.9-99.999999-99.9-99.9-99.9-99.9-9.9 9928.0 83 22.9 -99-99.9-9.9-9.9
5271420170112-99.9-99.9-99.999999-99.9-99.9-99.9-99.9-9.9 99-9.9-99-99.9 -99-99.9-9.9-9.9
5271420181001-99.9-99.9-99.999999-99.9-99.9-99.9-99.9-9.9 99-9.9-99-99.9 -99-99.9-9.9-9.9
5271420181006-99.9-99.9-99.999999-99.9-99.9-99.9-99.9-9.9 99-9.9-99-99.9 -99-99.9-9.9-9.9
5271420181008-99.9-99.9-99.999999-99.9-99.9-99.9-99.9-9.9 99-9.9-99-99.9 -99-99.9-9.9-9.9
5271420181009-99.9-99.9-99.999999-99.9-99.9-99.9-99.9-9.9 99-9.9-99-99.9 -99-99.9-9.9-9.9
5271420181010-99.9-99.9-99.999999-99.9-99.9-99.9-99.9-9.9 99-9.9-99-99.9 -99-99.9-9.9-9.9
5271420181011-99.9-99.9-99.999999-99.9-99.9-99.9-99.9-9.9 99-9.9-99-99.9 -99-99.9-9.9-9.9
5271420181012-99.9-99.9-99.999999-99.9-99.9-99.9-99.9-9.9 99-9.9-99-99.9 -99-99.9-9.9-9.9
5271420181013-99.9-99.9-99.999999-99.9-99.9-99.9-99.9-9.9 99-9.9-99-99.9 -99-99.9-9.9-9.9
5271420181017-99.9-99.9-99.999999-99.9-99.9-99.9-99.9-9.9 99-9.9-99-99.9 -99-99.9-9.9-9.9
5271420181018-99.9-99.9-99.999999-99.9-99.9-99.9-99.9-9.9 99-9.9-99-99.9 -99-99.9-9.9-9.9
5271420181019-99.9-99.9-99.999999-99.9-99.9-99.9-99.9-9.9 99-9.9-99-99.9 -99-99.9-9.9-9.9
5271420181020-99.9-99.9-99.999999-99.9-99.9-99.9-99.9-9.9 99-9.9-99-99.9 -99-99.9-9.9-9.9
5271420181021-99.9-99.9-99.999999-99.9-99.9-99.9-99.9-9.9 99-9.9-99-99.9 -99-99.9-9.9-9.9
5271420181022-99.9-99.9-99.999999-99.9-99.9-99.9-99.9-9.9 99-9.9-99-99.9 -99-99.9-9.9-9.9
5271420181023-99.9-99.9-99.999999-99.9-99.9-99.9-99.9-9.9 99-9.9-99-99.9 -99-99.9-9.9-9.9
5271420181025-99.9-99.9-99.999999-99.9-99.9-99.9-99.9-9.9 99-9.9-99-99.9 -99-99.9-9.9-9.9
5271420181026-99.9-99.9-99.999999-99.9-99.9-99.9-99.9-9.9 99-9.9-99-99.9 -99-99.9-9.9-9.9
5271420181027-99.9-99.9-99.999999-99.9-99.9-99.9-99.9-9.9 99-9.9-99-99.9 -99-99.9-9.9-9.9
5271420181028-99.9-99.9-99.999999-99.9-99.9-99.9-99.9-9.9 99-9.9-99-99.9 -99-99.9-9.9-9.9
5271420181029-99.9-99.9-99.999999-99.9-99.9-99.9-99.9-9.9 99-9.9 78-99.9 -99-99.9-9.9-9.9
5271420181030 35.0 17.9  0.009999-99.9-99.9-99.9-99.9-9.9 9924.7 70 20.8 -99-99.9-9.9-9.9
5271420181031 29.2 18.1  0.009999-99.9-99.9-99.9-99.9-9.9 9920.8 88 18.1 -99-99.9-9.9-9.9
5271420181101 27.2 17.7-99.999999-99.9-99.9-99.9-99.9-9.9 9918.4 70 16.1 -99-99.9-9.9-9.9
5271420181102 32.0 17.0-99.999999-99.9-99.9-99.9-99.9-9.9 9921.6 66 18.6 -99-99.9-9.9-9.9
5271420181103 36.0 18.4-99.999999-99.9-99.9-99.9-99.9-9.9 9924.1 59 20.4 -99-99.9-9.9-9.9
5271420181104 33.0 20.9-99.999999-99.9-99.9-99.9-99.9-9.9 9927.2 83 22.5 -99-99.9-9.9-9.9
5271420181105 33.9 21.3-99.999999-99.9-99.9-99.9-99.9-9.9 9927.7 80 22.7 -99-99.9-9.9-9.9
5271420181106 23.8 18.8-99.999999-99.9-99.9-99.9-99.9-9.9 9923.6 97 20.1 -99-99.9-9.9-9.9
5271420181107 28.1 18.1-99.999999-99.9-99.9-99.9-99.9-9.9 9922.4 83 19.3 -99-99.9-9.9-9.9
5271420181108 31.5 20.0-99.999999-99.9-99.9-99.9-99.9-9.9 9923.9 68 20.3 -99-99.9-9.9-9.9
5271420181109 35.6 18.7-99.999999-99.9-99.9-99.9-99.9-9.9 9925.4 66 21.3 -99-99.9-9.9-9.9
5271420181110 36.8 20.9-99.999999-99.9-99.9-99.9-99.9-9.9 9927.4 65 22.5 -99-99.9-9.9-9.9
5271420181111 36.1 23.2-99.999999-99.9-99.9-99.9-99.9-9.9 9929.9 71 24.0 -99-99.9-9.9-9.9
5271420181112 28.8 21.0-99.999999-99.9-99.9-99.9-99.9-9.9 9926.9 96 22.3 -99-99.9-9.9-9.9
5271420181113 23.0 17.5-99.999999-99.9-99.9-99.9-99.9-9.9 9918.7 81 16.4 -99-99.9-9.9-9.9
5271420181114 30.1 13.2-99.999999-99.9-99.9-99.9-99.9-9.9 9915.7 54 13.5 -99-99.9-9.9-9.9
5271420181115 35.1 13.3-99.999999-99.9-99.9-99.9-99.9-9.9 9918.6 58 16.2 -99-99.9-9.9-9.9
5271420181116 34.9 17.6-99.999999-99.9-99.9-99.9-99.9-9.9 9922.7 60 19.5 -99-99.9-9.9-9.9
5271420181117 37.4 20.0-99.999999-99.9-99.9-99.9-99.9-9.9 9925.7 64 21.5 -99-99.9-9.9-9.9
5271420181118 27.4 17.0-99.999999-99.9-99.9-99.9-99.9-9.9 9918.4 81 16.1 -99-99.9-9.9-9.9
5271420181119 29.2 12.3-99.999999-99.9-99.9-99.9-99.9-9.9 9918.5 65 16.1 -99-99.9-9.9-9.9
5271420181120 33.6 16.7-99.999999-99.9-99.9-99.9-99.9-9.9 9923.0 68 19.7 -99-99.9-9.9-9.9
5271420181121 36.4 19.6-99.999999-99.9-99.9-99.9-99.9-9.9 9926.0 66 21.7 -99-99.9-9.9-9.9
5271420181122 36.9 20.9-99.999999-99.9-99.9-99.9-99.9-9.9 9925.7 87 21.5 -99-99.9-9.9-9.9
5271420181123 29.2 18.1-99.999999-99.9-99.9-99.9-99.9-9.9 9922.3 82 19.2 -99-99.9-9.9-9.9
5271420181124 25.6 17.7-99.999999-99.9-99.9-99.9-99.9-9.9 9921.4 83 18.5 -99-99.9-9.9-9.9
5271420181125 21.5 18.5-99.999999-99.9-99.9-99.9-99.9-9.9 9923.1100 19.8 -99-99.9-9.9-9.9
5271420181126 29.5 18.5-99.999999-99.9-99.9-99.9-99.9-9.9 9924.6 89 20.8 -99-99.9-9.9-9.9
5271420181127 24.9 18.3-99.999999-99.9-99.9-99.9-99.9-9.9 9922.2 95 19.1 -99-99.9-9.9-9.9
5271420181128 24.3 16.9-99.999999-99.9-99.9-99.9-99.9-9.9 9921.3 89 18.5 -99-99.9-9.9-9.9
5271420181129 26.1 19.2-99.999999-99.9-99.9-99.9-99.9-9.9 9923.4 95 20.0 -99-99.9-9.9-9.9
5271420181130 32.7 17.3-99.999999-99.9-99.9-99.9-99.9-9.9 9923.4 78 19.9 -99-99.9-9.9-9.9
5271420181201 24.7 17.2-99.999999-99.9-99.9-99.9-99.9-9.9 9921.2 92 18.4 -99-99.9-9.9-9.9
5271420181202 21.8 14.9-99.999999-99.9-99.9-99.9-99.9-9.9 9918.1 94 15.9 -99-99.9-9.9-9.9
5271420181203 28.1 15.9-99.999999-99.9-99.9-99.9-99.9-9.9 9919.3 75 16.9 -99-99.9-9.9-9.9
5271420181204 32.3 14.3-99.999999-99.9-99.9-99.9-99.9-9.9 9920.9 68 18.1 -99-99.9-9.9-9.9
5271420181205 31.0 17.6-99.999999-99.9-99.9-99.9-99.9-9.9 9920.4 62 17.8 -99-99.9-9.9-9.9
5271420181206 23.2 14.4-99.999999-99.9-99.9-99.9-99.9-9.9 9918.0 92 15.8 -99-99.9-9.9-9.9
5271420181207 29.8 16.5-99.999999-99.9-99.9-99.9-99.9-9.9 9919.6 70 17.2 -99-99.9-9.9-9.9
5271420181208 30.7 15.9-99.999999-99.9-99.9-99.9-99.9-9.9 9921.4 73 18.5 -99-99.9-9.9-9.9
5271420181209 34.9 17.1-99.999999-99.9-99.9-99.9-99.9-9.9 9924.2 71 20.4 -99-99.9-9.9-9.9
5271420181210 38.0 19.3-99.999999-99.9-99.9-99.9-99.9-9.9 9926.6 67 22.0 -99-99.9-9.9-9.9
5271420181211 41.1 20.5-99.999999-99.9-99.9-99.9-99.9-9.9 9928.9 67 23.4 -99-99.9-9.9-9.9
5271420181212 29.7 23.3-99.999999-99.9-99.9-99.9-99.9-9.9 9928.2 92 23.1 -99-99.9-9.9-9.9
5271420181213 34.8 22.4-99.999999-99.9-99.9-99.9-99.9-9.9 9929.9 80 24.0 -99-99.9-9.9-9.9
5271420181214 34.3 22.8-99.999999-99.9-99.9-99.9-99.9-9.9 9928.5 72 23.2 -99-99.9-9.9-9.9
5271420181215 24.8 18.9-99.999999-99.9-99.9-99.9-99.9-9.9 9922.6 94 19.4 -99-99.9-9.9-9.9
5271420181216 27.7 18.7-99.999999-99.9-99.9-99.9-99.9-9.9 9925.1 89 21.1 -99-99.9-9.9-9.9
5271420181217 36.4 19.9-99.999999-99.9-99.9-99.9-99.9-9.9 9927.5 67 22.5 -99-99.9-9.9-9.9
5271420181218 27.0 19.2-99.999999-99.9-99.9-99.9-99.9-9.9 9923.8100 20.3 -99-99.9-9.9-9.9
5271420181219 30.5 20.0-99.999999-99.9-99.9-99.9-99.9-9.9 9925.0 84 21.1 -99-99.9-9.9-9.9
5271420181220 33.2 18.5-99.999999-99.9-99.9-99.9-99.9-9.9 9926.1 73 21.7 -99-99.9-9.9-9.9
5271420181221 30.4 17.4-99.999999-99.9-99.9-99.9-99.9-9.9 9920.3 78 17.7 -99-99.9-9.9-9.9
5271420181222 33.7 15.3-99.999999-99.9-99.9-99.9-99.9-9.9 9920.6 62 17.8 -99-99.9-9.9-9.9
5271420181223 32.7 19.4-99.999999-99.9-99.9-99.9-99.9-9.9 9924.5 70 20.7 -99-99.9-9.9-9.9
5271420181224 35.4 20.5-99.999999-99.9-99.9-99.9-99.9-9.9 9925.4 64 21.3 -99-99.9-9.9-9.9
5271420181225 37.4 21.7-99.999999-99.9-99.9-99.9-99.9-9.9 9927.2 66 22.4 -99-99.9-9.9-9.9
5271420181226 41.2 23.6-99.999999-99.9-99.9-99.9-99.9-9.9 9929.7 61 23.9 -99-99.9-9.9-9.9
5271420181227 41.6 23.4-99.999999-99.9-99.9-99.9-99.9-9.9 9929.6 56 23.8 -99-99.9-9.9-9.9
5271420181228 31.1 21.9-99.999999-99.9-99.9-99.9-99.9-9.9 9927.6 86 22.7 -99-99.9-9.9-9.9
5271420181229 36.9 22.6-99.999999-99.9-99.9-99.9-99.9-9.9 9931.7 73 25.0 -99-99.9-9.9-9.9
5271420181230 32.6 18.6-99.999999-99.9-99.9-99.9-99.9-9.9 9927.9 95 22.7 -99-99.9-9.9-9.9
5271420181231 24.4 18.8-99.999999-99.9-99.9-99.9-99.9-9.9 9923.2 90 19.9 -99-99.9-9.9-9.9
5271420190101 35.9 20.0-99.999999-99.9-99.9-99.9-99.9-9.9 9928.7 73 23.2 -99-99.9-9.9-9.9
5271420190102 37.5 22.7-99.999999-99.9-99.9-99.9-99.9-9.9 9931.9 69 25.1 -99-99.9-9.9-9.9
5271420190103 29.3 18.6-99.999999-99.9-99.9-99.9-99.9-9.9 9923.9 94 20.3 -99-99.9-9.9-9.9
5271420190104 26.2 19.3-99.999999-99.9-99.9-99.9-99.9-9.9 9925.0 94 21.1 -99-99.9-9.9-9.9
5271420190105 30.7 21.7-99.999999-99.9-99.9-99.9-99.9-9.9 9928.5 89 23.2 -99-99.9-9.9-9.9
5271420190106 35.5 22.6-99.999999-99.9-99.9-99.9-99.9-9.9 9929.4 81 23.7 -99-99.9-9.9-9.9
5271420190107 33.6 17.4-99.999999-99.9-99.9-99.9-99.9-9.9 9923.9 74 20.3 -99-99.9-9.9-9.9
5271420190108 36.0 19.1-99.999999-99.9-99.9-99.9-99.9-9.9 9925.8 70 21.6 -99-99.9-9.9-9.9
5271420190109 35.9 20.4-99.999999-99.9-99.9-99.9-99.9-9.9 9928.6 74 23.2 -99-99.9-9.9-9.9
5271420190110 28.2 17.7-99.999999-99.9-99.9-99.9-99.9-9.9 9922.7 92 19.5 -99-99.9-9.9-9.9
5271420190111 24.1 15.2-99.999999-99.9-99.9-99.9-99.9-9.9 9919.7 89 17.2 -99-99.9-9.9-9.9
5271420190112 29.2 18.6-99.999999-99.9-99.9-99.9-99.9-9.9 9922.7 77 19.5 -99-99.9-9.9-9.9
5271420190113 33.2 19.5-99.999999-99.9-99.9-99.9-99.9-9.9 9926.0 74 21.7 -99-99.9-9.9-9.9
5271420190114 22.1 19.4-99.999999-99.9-99.9-99.9-99.9-9.9 9924.2100 20.6 -99-99.9-9.9-9.9
5271420190115 31.1 20.5-99.999999-99.9-99.9-99.9-99.9-9.9 9926.2 86 21.8 -99-99.9-9.9-9.9
5271420190116 32.7 19.1-99.999999-99.9-99.9-99.9-99.9-9.9 9926.3 74 21.9 -99-99.9-9.9-9.9
5271420190117 30.0 19.3-99.999999-99.9-99.9-99.9-99.9-9.9 9925.2 88 21.0 -99-99.9-9.9-9.9
5271420190118 27.1 17.2-99.999999-99.9-99.9-99.9-99.9-9.9 9920.4 81 17.7 -99-99.9-9.9-9.9
5271420190119 27.2 17.1-99.999999-99.9-99.9-99.9-99.9-9.9 9920.2 80 17.6 -99-99.9-9.9-9.9
5271420190120 28.9 19.4-99.999999-99.9-99.9-99.9-99.9-9.9 9922.7 78 19.5 -99-99.9-9.9-9.9
5271420190121 33.3 18.4-99.999999-99.9-99.9-99.9-99.9-9.9 9925.4 74 21.3 -99-99.9-9.9-9.9
5271420190122 37.6 20.4-99.999999-99.9-99.9-99.9-99.9-9.9 9928.9 69 23.4 -99-99.9-9.9-9.9
5271420190123 39.7 23.5-99.999999-99.9-99.9-99.9-99.9-9.9 9932.7 65 25.5 -99-99.9-9.9-9.9
5271420190124 35.9 25.2-99.999999-99.9-99.9-99.9-99.9-9.9 9933.0 81 25.7 -99-99.9-9.9-9.9
5271420190125 39.4 24.1-99.999999-99.9-99.9-99.9-99.9-9.9 9934.4 71 26.4 -99-99.9-9.9-9.9
5271420190126 31.7 22.8-99.999999-99.9-99.9-99.9-99.9-9.9 9928.9 78 23.5 -99-99.9-9.9-9.9
5271420190127 30.8 21.9-99.999999-99.9-99.9-99.9-99.9-9.9 9928.7 85 23.3 -99-99.9-9.9-9.9
5271420190128 37.4 24.4-99.999999-99.9-99.9-99.9-99.9-9.9 9931.7 74 25.0 -99-99.9-9.9-9.9
5271420190129 37.7 23.7-99.999999-99.9-99.9-99.9-99.9-9.9 9932.6 73 25.5 -99-99.9-9.9-9.9
5271420190130 29.6 22.7-99.999999-99.9-99.9-99.9-99.9-9.9 9929.4 85 23.7 -99-99.9-9.9-9.9
5271420190131 34.8 22.5-99.999999-99.9-99.9-99.9-99.9-9.9 9929.9 82 24.0 -99-99.9-9.9-9.9
5271420190201 31.1 22.8-99.999999-99.9-99.9-99.9-99.9-9.9 9928.6 94 23.3 -99-99.9-9.9-9.9
5271420190202 32.8 21.3-99.999999-99.9-99.9-99.9-99.9-9.9 9926.4 84 22.0 -99-99.9-9.9-9.9
5271420190203 29.2 20.0-99.999999-99.9-99.9-99.9-99.9-9.9 9922.4 80 19.3 -99-99.9-9.9-9.9
5271420190204 27.9 19.0-99.999999-99.9-99.9-99.9-99.9-9.9 9921.8 82 18.9 -99-99.9-9.9-9.9
5271420190205 30.5 19.3-99.999999-99.9-99.9-99.9-99.9-9.9 9924.0 77 20.4 -99-99.9-9.9-9.9
5271420190206 32.2 18.9-99.999999-99.9-99.9-99.9-99.9-9.9 9925.7 74 21.5 -99-99.9-9.9-9.9
5271420190207 34.4 19.9-99.999999-99.9-99.9-99.9-99.9-9.9 9928.2 75 23.0 -99-99.9-9.9-9.9
5271420190208 35.6 22.6-99.999999-99.9-99.9-99.9-99.9-9.9 9929.1 75 23.6 -99-99.9-9.9-9.9
5271420190209 32.9 20.7-99.999999-99.9-99.9-99.9-99.9-9.9 9928.5 77 23.2 -99-99.9-9.9-9.9
5271420190210 36.7 23.3-99.999999-99.9-99.9-99.9-99.9-9.9 9930.2 73 24.2 -99-99.9-9.9-9.9
5271420190211 34.6 21.0-99.999999-99.9-99.9-99.9-99.9-9.9 9926.9 88 22.2 -99-99.9-9.9-9.9
5271420190212 21.8 16.2-99.999999-99.9-99.9-99.9-99.9-9.9 9918.9 90 16.6 -99-99.9-9.9-9.9
5271420190213 20.4 15.8-99.999999-99.9-99.9-99.9-99.9-9.9 9919.0 91 16.7 -99-99.9-9.9-9.9
5271420190214 29.7 16.2-99.999999-99.9-99.9-99.9-99.9-9.9 9921.4 86 18.6 -99-99.9-9.9-9.9
5271420190215 33.8 14.8-99.999999-99.9-99.9-99.9-99.9-9.9 9922.5 74 19.2 -99-99.9-9.9-9.9
5271420190216 31.7 21.4-99.999999-99.9-99.9-99.9-99.9-9.9 9924.3 77 20.6 -99-99.9-9.9-9.9
5271420190217 34.0 18.4-99.999999-99.9-99.9-99.9-99.9-9.9 9924.9 74 21.0 -99-99.9-9.9-9.9
5271420190218 35.0 19.7-99.999999-99.9-99.9-99.9-99.9-9.9 9927.0 75 22.3 -99-99.9-9.9-9.9
5271420190219 36.2 19.8-99.999999-99.9-99.9-99.9-99.9-9.9 9927.2 70 22.4 -99-99.9-9.9-9.9
5271420190220 37.0 21.2-99.999999-99.9-99.9-99.9-99.9-9.9 9929.1 69 23.6 -99-99.9-9.9-9.9
5271420190221 37.9 21.6-99.999999-99.9-99.9-99.9-99.9-9.9 9930.1 73 24.1 -99-99.9-9.9-9.9
5271420190222 38.0 22.2-99.999999-99.9-99.9-99.9-99.9-9.9 9931.4 70 24.8 -99-99.9-9.9-9.9
5271420190223 39.3 22.8-99.999999-99.9-99.9-99.9-99.9-9.9 9930.6 63 24.4 -99-99.9-9.9-9.9
5271420190224 31.1 23.2-99.999999-99.9-99.9-99.9-99.9-9.9 9927.5 84 22.7 -99-99.9-9.9-9.9
5271420190225 24.1 18.8-99.999999-99.9-99.9-99.9-99.9-9.9 9923.2 97 19.8 -99-99.9-9.9-9.9
5271420190226 19.4 17.6-99.999999-99.9-99.9-99.9-99.9-9.9 9921.2100 18.4 -99-99.9-9.9-9.9
5271420190227 27.2 17.4-99.999999-99.9-99.9-99.9-99.9-9.9 9921.2 90 18.4 -99-99.9-9.9-9.9
5271420190228 31.6 15.0-99.999999-99.9-99.9-99.9-99.9-9.9 9922.9 81 19.5 -99-99.9-9.9-9.9
5271420190301 33.8 16.9-99.999999-99.9-99.9-99.9-99.9-9.9 9924.8 80 20.8 -99-99.9-9.9-9.9
5271420190302 35.7 18.8-99.999999-99.9-99.9-99.9-99.9-9.9 9926.6 76 22.0 -99-99.9-9.9-9.9
5271420190303 36.2 20.8-99.999999-99.9-99.9-99.9-99.9-9.9 9928.7 78 23.3 -99-99.9-9.9-9.9
5271420190304 30.5 19.8-99.999999-99.9-99.9-99.9-99.9-9.9 9925.0 95 21.0 -99-99.9-9.9-9.9
5271420190305 23.4 18.8-99.999999-99.9-99.9-99.9-99.9-9.9 9924.7100 20.8 -99-99.9-9.9-9.9
5271420190306 27.9 18.8-99.999999-99.9-99.9-99.9-99.9-9.9 9925.6 90 21.4 -99-99.9-9.9-9.9
5271420190307 35.2 21.1-99.999999-99.9-99.9-99.9-99.9-9.9 9928.0 85 22.9 -99-99.9-9.9-9.9
5271420190308 24.7 18.5-99.999999-99.9-99.9-99.9-99.9-9.9 9923.9100 20.3 -99-99.9-9.9-9.9
5271420190309 18.6 14.4-99.999999-99.9-99.9-99.9-99.9-9.9 9917.6 96 15.5 -99-99.9-9.9-9.9
5271420190310 17.2 14.4-99.999999-99.9-99.9-99.9-99.9-9.9 9917.3100 15.2 -99-99.9-9.9-9.9
5271420190311 20.1 14.9-99.999999-99.9-99.9-99.9-99.9-9.9 9919.0 98 16.6 -99-99.9-9.9-9.9
5271420190312 29.5 14.9-99.999999-99.9-99.9-99.9-99.9-9.9 9921.0 86 18.2 -99-99.9-9.9-9.9
5271420190313 31.8 14.4-99.999999-99.9-99.9-99.9-99.9-9.9 9921.7 79 18.7 -99-99.9-9.9-9.9
5271420190314 31.7 17.1-99.999999-99.9-99.9-99.9-99.9-9.9 9923.9 85 20.3 -99-99.9-9.9-9.9
5271420190315 29.4 19.3-99.999999-99.9-99.9-99.9-99.9-9.9 9924.4 82 20.7 -99-99.9-9.9-9.9
5271420190316 21.9 18.8-99.999999-99.9-99.9-99.9-99.9-9.9 9922.7 99 19.6 -99-99.9-9.9-9.9
5271420190317 27.3 17.8-99.999999-99.9-99.9-99.9-99.9-9.9 9921.6 92 18.7 -99-99.9-9.9-9.9
5271420190318 31.0 13.2-99.999999-99.9-99.9-99.9-99.9-9.9 9921.7 83 18.5 -99-99.9-9.9-9.9
5271420190319 28.7 20.7-99.999999-99.9-99.9-99.9-99.9-9.9 9924.8 89 20.9 -99-99.9-9.9-9.9
5271420190320 21.5 14.2-99.999999-99.9-99.9-99.9-99.9-9.9 9916.8 83 14.7 -99-99.9-9.9-9.9
5271420190321 22.7 13.7-99.999999-99.9-99.9-99.9-99.9-9.9 9916.5 82 14.4 -99-99.9-9.9-9.9
5271420190322 26.9 15.9-99.999999-99.9-99.9-99.9-99.9-9.9 9919.6 84 17.2 -99-99.9-9.9-9.9
5271420190323 30.8 13.8-99.999999-99.9-99.9-99.9-99.9-9.9 9921.1 76 18.2 -99-99.9-9.9-9.9
5271420190324 32.3 16.1-99.999999-99.9-99.9-99.9-99.9-9.9 9922.6 74 19.3 -99-99.9-9.9-9.9
5271420190325 23.6 15.6-99.999999-99.9-99.9-99.9-99.9-9.9 9918.7 95 16.4 -99-99.9-9.9-9.9
5271420190326 17.8 14.1-99.999999-99.9-99.9-99.9-99.9-9.9 9917.1 96 15.1 -99-99.9-9.9-9.9
5271420190327 18.7 14.0-99.999999-99.9-99.9-99.9-99.9-9.9 9917.1 95 15.0 -99-99.9-9.9-9.9
5271420190328 25.1 14.8-99.999999-99.9-99.9-99.9-99.9-9.9 9918.7 88 16.4 -99-99.9-9.9-9.9
5271420190329 26.7 14.3-99.999999-99.9-99.9-99.9-99.9-9.9 9920.3 87 17.6 -99-99.9-9.9-9.9
5271420190330 31.1 15.2-99.999999-99.9-99.9-99.9-99.9-9.9 9922.4 80 19.2 -99-99.9-9.9-9.9
5271420190331 31.7 18.0-99.999999-99.9-99.9-99.9-99.9-9.9 9925.8 84 21.5 -99-99.9-9.9-9.9
5271420190401 30.5 21.0-99.999999-99.9-99.9-99.9-99.9-9.9 9927.6 92 22.7 -99-99.9-9.9-9.9
5271420190402 32.0 17.8-99.999999-99.9-99.9-99.9-99.9-9.9 9924.1 83 20.5 -99-99.9-9.9-9.9
5271420190403 32.7 17.5-99.999999-99.9-99.9-99.9-99.9-9.9 9924.7 80 20.8 -99-99.9-9.9-9.9
5271420190404 33.0 18.5-99.999999-99.9-99.9-99.9-99.9-9.9 9924.5 89 20.7 -99-99.9-9.9-9.9
5271420190405 26.4 15.1-99.999999-99.9-99.9-99.9-99.9-9.9 9916.5 67 14.3 -99-99.9-9.9-9.9
5271420190406 27.3 10.6-99.999999-99.9-99.9-99.9-99.9-9.9 9916.0 83 13.9 -99-99.9-9.9-9.9
5271420190407 30.3 10.7-99.999999-99.9-99.9-99.9-99.9-9.9 9916.8 81 14.6 -99-99.9-9.9-9.9
5271420190408 29.8 11.5-99.999999-99.9-99.9-99.9-99.9-9.9 9917.8 72 15.5 -99-99.9-9.9-9.9
5271420190409 26.4 12.4-99.999999-99.9-99.9-99.9-99.9-9.9 9918.9 82 16.5 -99-99.9-9.9-9.9
5271420190410 30.8 14.4-99.999999-99.9-99.9-99.9-99.9-9.9 9920.8 79 18.1 -99-99.9-9.9-9.9
5271420190411 26.8 17.1-99.999999-99.9-99.9-99.9-99.9-9.9 9921.8 87 18.9 -99-99.9-9.9-9.9
5271420190412 23.4 16.6-99.999999-99.9-99.9-99.9-99.9-9.9 9920.4 93 17.8 -99-99.9-9.9-9.9
5271420190413 28.9 15.1-99.999999-99.9-99.9-99.9-99.9-9.9 9921.1 86 18.2 -99-99.9-9.9-9.9
5271420190414 31.8 16.9-99.999999-99.9-99.9-99.9-99.9-9.9 9922.4 84 19.2 -99-99.9-9.9-9.9
5271420190415 33.3 16.7-99.999999-99.9-99.9-99.9-99.9-9.9 9923.0 76 19.6 -99-99.9-9.9-9.9
5271420190416 20.0 16.0-99.999999-99.9-99.9-99.9-99.9-9.9 9919.3 95 16.9 -99-99.9-9.9-9.9
5271420190417 24.4 16.9-99.999999-99.9-99.9-99.9-99.9-9.9 9921.3 91 18.5 -99-99.9-9.9-9.9
5271420190418 26.9 16.6-99.999999-99.9-99.9-99.9-99.9-9.9 9923.4 86 19.9 -99-99.9-9.9-9.9
5271420190419 32.7 19.3-99.999999-99.9-99.9-99.9-99.9-9.9 9925.4 85 21.3 -99-99.9-9.9-9.9
5271420190420 30.8 20.8-99.999999-99.9-99.9-99.9-99.9-9.9 9926.6 88 22.1 -99-99.9-9.9-9.9
5271420190421 21.1 15.8-99.999999-99.9-99.9-99.9-99.9-9.9 9920.1100 17.5 -99-99.9-9.9-9.9
5271420190422 16.2 13.0-99.999999-99.9-99.9-99.9-99.9-9.9 9916.5 98 14.5 -99-99.9-9.9-9.9
5271420190423 16.5 12.7-99.999999-99.9-99.9-99.9-99.9-9.9 9915.9 97 13.9 -99-99.9-9.9-9.9
5271420190424 18.4 14.0-99.999999-99.9-99.9-99.9-99.9-9.9 9917.2 99 15.1 -99-99.9-9.9-9.9
5271420190425 25.4 14.5-99.999999-99.9-99.9-99.9-99.9-9.9 9918.2 88 16.0 -99-99.9-9.9-9.9
5271420190426 28.6 12.4-99.999999-99.9-99.9-99.9-99.9-9.9 9918.2 84 15.9 -99-99.9-9.9-9.9
5271420190427 27.3 14.1-99.999999-99.9-99.9-99.9-99.9-9.9 9919.0 88 16.6 -99-99.9-9.9-9.9
5271420190428 26.9 14.5-99.999999-99.9-99.9-99.9-99.9-9.9 9919.9 84 17.4 -99-99.9-9.9-9.9
5271420190429 26.9 15.0-99.999999-99.9-99.9-99.9-99.9-9.9 9920.6 78 18.0 -99-99.9-9.9-9.9
5271420190430 22.3 14.2-99.999999-99.9-99.9-99.9-99.9-9.9 9917.8100 15.6 -99-99.9-9.9-9.9
5271420190501 20.5 14.2-99.999999-99.9-99.9-99.9-99.9-9.9 9917.9 96 15.7 -99-99.9-9.9-9.9
5271420190502 26.6 12.7-99.999999-99.9-99.9-99.9-99.9-9.9 9918.4 88 16.1 -99-99.9-9.9-9.9
5271420190503 27.2 13.3-99.999999-99.9-99.9-99.9-99.9-9.9 9921.2 88 18.3 -99-99.9-9.9-9.9
5271420190504 27.8 15.9-99.999999-99.9-99.9-99.9-99.9-9.9 9922.5 88 19.3 -99-99.9-9.9-9.9
5271420190505 31.3 15.4-99.999999-99.9-99.9-99.9-99.9-9.9 9921.9 83 18.9 -99-99.9-9.9-9.9
5271420190506 20.9 17.8-99.999999-99.9-99.9-99.9-99.9-9.9 9922.0 98 19.1 -99-99.9-9.9-9.9
5271420190507 20.6 17.0-99.999999-99.9-99.9-99.9-99.9-9.9 9920.7 96 18.1 -99-99.9-9.9-9.9
5271420190508 24.8 17.7-99.999999-99.9-99.9-99.9-99.9-9.9 9921.8 92 18.8 -99-99.9-9.9-9.9
5271420190509 23.6 17.9-99.999999-99.9-99.9-99.9-99.9-9.9 9921.5 94 18.6 -99-99.9-9.9-9.9
5271420190510 21.4 14.9-99.999999-99.9-99.9-99.9-99.9-9.9 9918.2 92 16.0 -99-99.9-9.9-9.9
5271420190511 24.9 11.1-99.999999-99.9-99.9-99.9-99.9-9.9 9915.3 84 13.3 -99-99.9-9.9-9.9
5271420190512 27.0  7.4-99.999999-99.9-99.9-99.9-99.9-9.9 9914.3 82 12.1 -99-99.9-9.9-9.9
5271420190513 29.0  8.1-99.999999-99.9-99.9-99.9-99.9-9.9 9914.6 80 12.5 -99-99.9-9.9-9.9
5271420190514 25.7  9.5-99.999999-99.9-99.9-99.9-99.9-9.9 9916.4 81 14.3 -99-99.9-9.9-9.9
5271420190515 24.6 10.5-99.999999-99.9-99.9-99.9-99.9-9.9 9915.4 76 13.3 -99-99.9-9.9-9.9
5271420190516 23.6 11.1-99.999999-99.9-99.9-99.9-99.9-9.9 9916.1 86 14.0 -99-99.9-9.9-9.9
5271420190517 24.4  9.4-99.999999-99.9-99.9-99.9-99.9-9.9 9916.3 82 14.2 -99-99.9-9.9-9.9
5271420190518 26.6 13.4-99.999999-99.9-99.9-99.9-99.9-9.9 9917.5 81 15.3 -99-99.9-9.9-9.9
5271420190519 17.7 13.8-99.999999-99.9-99.9-99.9-99.9-9.9 9916.4100 14.4 -99-99.9-9.9-9.9
5271420190520 18.3 12.1-99.999999-99.9-99.9-99.9-99.9-9.9 9915.8 94 13.8 -99-99.9-9.9-9.9
5271420190521 13.8  9.2-99.999999-99.9-99.9-99.9-99.9-9.9 9913.6100 11.5 -99-99.9-9.9-9.9
5271420190522 14.0  8.4-99.999999-99.9-99.9-99.9-99.9-9.9 9911.5 90  9.0 -99-99.9-9.9-9.9
5271420190523 21.1  4.6-99.999999-99.9-99.9-99.9-99.9-9.9 9910.3 81  7.3 -99-99.9-9.9-9.9
5271420190524 23.5  0.7-99.999999-99.9-99.9-99.9-99.9-9.9 9910.0 79  6.6 -99-99.9-9.9-9.9
5271420190525 19.6  4.5-99.999999-99.9-99.9-99.9-99.9-9.9 9911.3 89  8.6 -99-99.9-9.9-9.9
5271420190526 25.0  3.9-99.999999-99.9-99.9-99.9-99.9-9.9 9912.7 84 10.1 -99-99.9-9.9-9.9
5271420190527 21.8 11.2-99.999999-99.9-99.9-99.9-99.9-9.9 9915.4 87 13.4 -99-99.9-9.9-9.9
5271420190528 21.7 12.8-99.999999-99.9-99.9-99.9-99.9-9.9 9915.0 86 13.0 -99-99.9-9.9-9.9
5271420190529 14.4 12.8-99.999999-99.9-99.9-99.9-99.9-9.9 9915.2 99 13.3 -99-99.9-9.9-9.9
5271420190530 22.3 10.8-99.999999-99.9-99.9-99.9-99.9-9.9 9914.4 90 12.4 -99-99.9-9.9-9.9
5271420190531 18.2  8.0-99.999999-99.9-99.9-99.9-99.9-9.9 9915.5 97 13.5 -99-99.9-9.9-9.9
5271420190601 23.8 12.7-99.999999-99.9-99.9-99.9-99.9-9.9 9915.6 87 13.6 -99-99.9-9.9-9.9
5271420190602 22.0 10.9-99.999999-99.9-99.9-99.9-99.9-9.9 9915.1 83 13.1 -99-99.9-9.9-9.9
5271420190603 22.8  8.6-99.999999-99.9-99.9-99.9-99.9-9.9 9915.0 85 12.9 -99-99.9-9.9-9.9
5271420190604 24.0  9.3-99.999999-99.9-99.9-99.9-99.9-9.9 9914.1 88 12.0 -99-99.9-9.9-9.9
5271420190605 21.9  7.6-99.999999-99.9-99.9-99.9-99.9-9.9 9913.5 90 11.3 -99-99.9-9.9-9.9
5271420190606 23.8  6.5-99.999999-99.9-99.9-99.9-99.9-9.9 9915.0 83 12.7 -99-99.9-9.9-9.9
5271420190607 21.9 10.8-99.999999-99.9-99.9-99.9-99.9-9.9 9914.7 84 12.6 -99-99.9-9.9-9.9
5271420190608 22.8  5.2-99.999999-99.9-99.9-99.9-99.9-9.9 9910.9 80  8.1 -99-99.9-9.9-9.9
5271420190609 23.0  3.2-99.999999-99.9-99.9-99.9-99.9-9.9 9911.2 83  8.5 -99-99.9-9.9-9.9
5271420190610 26.4  5.4-99.999999-99.9-99.9-99.9-99.9-9.9 9912.9 82 10.5 -99-99.9-9.9-9.9
5271420190611 25.8 11.0-99.999999-99.9-99.9-99.9-99.9-9.9 9917.5 84 15.4 -99-99.9-9.9-9.9
5271420190612 21.9 15.3-99.999999-99.9-99.9-99.9-99.9-9.9 9918.7 92 16.4 -99-99.9-9.9-9.9
5271420190613 25.8 15.4-99.999999-99.9-99.9-99.9-99.9-9.9 9918.9 85 16.6 -99-99.9-9.9-9.9
5271420190614 19.0 13.8-99.999999-99.9-99.9-99.9-99.9-9.9 9915.9 90 13.9 -99-99.9-9.9-9.9
5271420190615 14.0 11.7-99.999999-99.9-99.9-99.9-99.9-9.9 9914.6 99 12.6 -99-99.9-9.9-9.9
5271420190616 12.8  8.8-99.999999-99.9-99.9-99.9-99.9-9.9 9911.3 89  8.8 -99-99.9-9.9-9.9
5271420190617 11.2  8.5-99.999999-99.9-99.9-99.9-99.9-9.9 9911.3 94  8.8 -99-99.9-9.9-9.9
5271420190618 20.0  3.4-99.999999-99.9-99.9-99.9-99.9-9.9 99 9.8 80  6.6 -99-99.9-9.9-9.9
5271420190619 22.6 -0.2-99.999999-99.9-99.9-99.9-99.9-9.9 99 8.7 78  4.8 -99-99.9-9.9-9.9
5271420190620 23.0  2.2-99.999999-99.9-99.9-99.9-99.9-9.9 99 9.8 80  6.5 -99-99.9-9.9-9.9
5271420190621 20.4  4.4-99.999999-99.9-99.9-99.9-99.9-9.9 9912.4 87 10.0 -99-99.9-9.9-9.9
5271420190622 24.9  6.3-99.999999-99.9-99.9-99.9-99.9-9.9 9914.1 87 11.9 -99-99.9-9.9-9.9
5271420190623 29.0  8.5-99.999999-99.9-99.9-99.9-99.9-9.9 9915.8 84 13.6 -99-99.9-9.9-9.9
5271420190624 25.7  9.3-99.999999-99.9-99.9-99.9-99.9-9.9 9916.2 87 14.1 -99-99.9-9.9-9.9
5271420190625 16.0  5.6-99.999999-99.9-99.9-99.9-99.9-9.9 9911.6 91  8.9 -99-99.9-9.9-9.9
5271420190626 18.5 -0.3-99.999999-99.9-99.9-99.9-99.9-9.9 99 8.0 80  3.6 -99-99.9-9.9-9.9
5271420190627 19.0 -0.6-99.999999-99.9-99.9-99.9-99.9-9.9 99 8.4 81  4.2 -99-99.9-9.9-9.9
5271420190628 21.5  1.8-99.999999-99.9-99.9-99.9-99.9-9.9 9910.9 85  7.8 -99-99.9-9.9-9.9
5271420190629 22.2  5.2-99.999999-99.9-99.9-99.9-99.9-9.9 9913.3 84 11.0 -99-99.9-9.9-9.9
5271420190630 14.7  6.3-99.999999-99.9-99.9-99.9-99.9-9.9 9912.5100 10.3 -99-99.9-9.9-9.9
5271420190701 18.5  6.6-99.999999-99.9-99.9-99.9-99.9-9.9 9911.5 85  9.0 -99-99.9-9.9-9.9
5271420190702 23.3  1.8-99.999999-99.9-99.9-99.9-99.9-9.9 9910.2 82  7.0 -99-99.9-9.9-9.9
5271420190703 17.8  7.1-99.999999-99.9-99.9-99.9-99.9-9.9 9911.1 83  8.5 -99-99.9-9.9-9.9
5271420190704 18.3  8.1-99.999999-99.9-99.9-99.9-99.9-9.9 9910.8 80  8.1 -99-99.9-9.9-9.9
5271420190705 16.6  8.4-99.999999-99.9-99.9-99.9-99.9-9.9 9910.6 73  7.7 -99-99.9-9.9-9.9
5271420190706 17.7  8.1-99.999999-99.9-99.9-99.9-99.9-9.9 9911.2 82  8.6 -99-99.9-9.9-9.9
5271420190707 19.9  3.3-99.999999-99.9-99.9-99.9-99.9-9.9 9910.1 85  7.0 -99-99.9-9.9-9.9
5271420190708 20.6  1.6-99.999999-99.9-99.9-99.9-99.9-9.9 99 9.9 82  6.6 -99-99.9-9.9-9.9
5271420190709 23.5  2.4-99.999999-99.9-99.9-99.9-99.9-9.9 9910.9 81  8.1 -99-99.9-9.9-9.9
5271420190710 26.7  6.3-99.999999-99.9-99.9-99.9-99.9-9.9 9912.3 77 10.0 -99-99.9-9.9-9.9
5271420190711 26.7  6.1-99.999999-99.9-99.9-99.9-99.9-9.9 9913.4 81 11.1 -99-99.9-9.9-9.9
5271420190712 19.5  9.9-99.999999-99.9-99.9-99.9-99.9-9.9 9915.0 87 12.9 -99-99.9-9.9-9.9
5271420190713 16.8 13.4-99.999999-99.9-99.9-99.9-99.9-9.9 9914.6 88 12.6 -99-99.9-9.9-9.9
5271420190714 21.4  9.9-99.999999-99.9-99.9-99.9-99.9-9.9 9914.1 86 12.1 -99-99.9-9.9-9.9
5271420190715 23.8 10.2-99.999999-99.9-99.9-99.9-99.9-9.9 9914.5 81 12.5 -99-99.9-9.9-9.9
5271420190716 15.4 12.5-99.999999-99.9-99.9-99.9-99.9-9.9 9915.5100 13.5 -99-99.9-9.9-9.9
5271420190717 24.0  7.3-99.999999-99.9-99.9-99.9-99.9-9.9 9913.5 91 11.2 -99-99.9-9.9-9.9
5271420190718 26.5  5.2-99.999999-99.9-99.9-99.9-99.9-9.9 9912.6 66 10.2 -99-99.9-9.9-9.9
5271420190719 21.2  7.6-99.999999-99.9-99.9-99.9-99.9-9.9 9912.8 85 10.6 -99-99.9-9.9-9.9
5271420190720 24.7  4.6-99.999999-99.9-99.9-99.9-99.9-9.9 9913.3 85 10.9 -99-99.9-9.9-9.9
5271420190721 25.3  7.2-99.999999-99.9-99.9-99.9-99.9-9.9 9915.7 90 13.3 -99-99.9-9.9-9.9
5271420190722 21.9 12.7-99.999999-99.9-99.9-99.9-99.9-9.9 9910.3 61  6.4 -99-99.9-9.9-9.9
5271420190723 15.1  9.3-99.999999-99.9-99.9-99.9-99.9-9.9 99 8.6 65  4.5 -99-99.9-9.9-9.9
5271420190724 15.6  5.7-99.999999-99.9-99.9-99.9-99.9-9.9 99 9.1 75  5.5 -99-99.9-9.9-9.9
5271420190725 13.0  3.8-99.999999-99.9-99.9-99.9-99.9-9.9 99 8.9 88  5.2 -99-99.9-9.9-9.9
5271420190726 22.7 -0.7-99.999999-99.9-99.9-99.9-99.9-9.9 99 8.5 76  4.3 -99-99.9-9.9-9.9
5271420190727 22.3  1.0-99.999999-99.9-99.9-99.9-99.9-9.9 99 9.9 71  6.7 -99-99.9-9.9-9.9
5271420190728 20.0  3.5-99.999999-99.9-99.9-99.9-99.9-9.9 9910.9 78  8.1 -99-99.9-9.9-9.9
5271420190729 23.7  9.5-99.999999-99.9-99.9-99.9-99.9-9.9 9912.4 77 10.1 -99-99.9-9.9-9.9
5271420190730 24.9  2.3-99.999999-99.9-99.9-99.9-99.9-9.9 9911.6 81  8.9 -99-99.9-9.9-9.9
5271420190731 27.8  4.0-99.999999-99.9-99.9-99.9-99.9-9.9 9912.3 78  9.7 -99-99.9-9.9-9.9
5271420190801 17.2  8.6-99.999999-99.9-99.9-99.9-99.9-9.9 9913.1 90 11.0 -99-99.9-9.9-9.9
5271420190802 23.0  4.0-99.999999-99.9-99.9-99.9-99.9-9.9 99 9.0 70  5.3 -99-99.9-9.9-9.9
5271420190803 23.6  0.0-99.999999-99.9-99.9-99.9-99.9-9.9 99 7.9 71  3.5 -99-99.9-9.9-9.9
5271420190804 24.5 -0.1-99.999999-99.9-99.9-99.9-99.9-9.9 99 8.0 69  3.7 -99-99.9-9.9-9.9
5271420190805 24.7  0.4-99.999999-99.9-99.9-99.9-99.9-9.9 99 8.5 72  4.5 -99-99.9-9.9-9.9
5271420190806 25.2  0.8-99.999999-99.9-99.9-99.9-99.9-9.9 99 9.5 74  6.0 -99-99.9-9.9-9.9
5271420190807 25.7  4.9-99.999999-99.9-99.9-99.9-99.9-9.9 9910.0 60  6.9 -99-99.9-9.9-9.9
5271420190808 16.7  8.5-99.999999-99.9-99.9-99.9-99.9-9.9 99 9.6 69  6.3 -99-99.9-9.9-9.9
5271420190809 22.1  6.3-99.999999-99.9-99.9-99.9-99.9-9.9 99 8.2 71  4.0 -99-99.9-9.9-9.9
5271420190810 25.6 -1.8-99.999999-99.9-99.9-99.9-99.9-9.9 99 7.5 68  2.7 -99-99.9-9.9-9.9
5271420190811 24.8 -0.6-99.999999-99.9-99.9-99.9-99.9-9.9 99 7.9 65  3.4 -99-99.9-9.9-9.9
5271420190812 22.0  2.7-99.999999-99.9-99.9-99.9-99.9-9.9 9910.4 71  7.2 -99-99.9-9.9-9.9
5271420190813 15.2  3.8-99.999999-99.9-99.9-99.9-99.9-9.9 99 8.7 71  4.9 -99-99.9-9.9-9.9
5271420190814 20.4  2.8-99.999999-99.9-99.9-99.9-99.9-9.9 99 8.4 69  4.4 -99-99.9-9.9-9.9
5271420190815 21.3  1.2-99.999999-99.9-99.9-99.9-99.9-9.9 99 8.4 71  4.3 -99-99.9-9.9-9.9
5271420190816 25.4  2.6-99.999999-99.9-99.9-99.9-99.9-9.9 99 9.9 69  6.6 -99-99.9-9.9-9.9
5271420190817 30.6  4.4-99.999999-99.9-99.9-99.9-99.9-9.9 9910.9 65  8.2 -99-99.9-9.9-9.9
5271420190818 23.4  9.9-99.999999-99.9-99.9-99.9-99.9-9.9 9911.6 66  9.1 -99-99.9-9.9-9.9
5271420190819 16.8  9.3-99.999999-99.9-99.9-99.9-99.9-9.9 9911.6 80  9.2 -99-99.9-9.9-9.9
5271420190820 20.9  9.7-99.999999-99.9-99.9-99.9-99.9-9.9 99 9.7 62  6.5 -99-99.9-9.9-9.9
5271420190821 22.6  4.4-99.999999-99.9-99.9-99.9-99.9-9.9 99 9.7 64  6.5 -99-99.9-9.9-9.9
5271420190822 28.3  5.1-99.999999-99.9-99.9-99.9-99.9-9.9 9910.3 57  7.3 -99-99.9-9.9-9.9
5271420190823 27.3  5.0-99.999999-99.9-99.9-99.9-99.9-9.9 9910.8 67  8.1 -99-99.9-9.9-9.9
5271420190824 27.1  6.1-99.999999-99.9-99.9-99.9-99.9-9.9 9911.1 59  8.4 -99-99.9-9.9-9.9
5271420190825 29.4  7.7-99.999999-99.9-99.9-99.9-99.9-9.9 9912.9 67 10.7 -99-99.9-9.9-9.9
5271420190826 29.9  9.4-99.999999-99.9-99.9-99.9-99.9-9.9 9915.2 69 13.2 -99-99.9-9.9-9.9
5271420190827 31.7 12.5-99.999999-99.9-99.9-99.9-99.9-9.9 9917.9 63 15.7 -99-99.9-9.9-9.9
5271420190828 34.2 14.5-99.999999-99.9-99.9-99.9-99.9-9.9 9919.5 68 17.0 -99-99.9-9.9-9.9
5271420190829 38.0 12.8-99.999999-99.9-99.9-99.9-99.9-9.9 9916.5 56 14.4 -99-99.9-9.9-9.9
5271420190830 25.9 15.1-99.999999-99.9-99.9-99.9-99.9-9.9 9910.4 48  7.1 -99-99.9-9.9-9.9
5271420190831 23.3  6.5-99.999999-99.9-99.9-99.9-99.9-9.9 99 8.2 53  4.0 -99-99.9-9.9-9.9
5271420190901 26.3  4.0-99.999999-99.9-99.9-99.9-99.9-9.9 99 8.8 54  5.1 -99-99.9-9.9-9.9
5271420190902 26.8  3.8-99.999999-99.9-99.9-99.9-99.9-9.9 99 8.5 53  4.6 -99-99.9-9.9-9.9
5271420190903 18.6  7.8-99.999999-99.9-99.9-99.9-99.9-9.9 99 7.6 59  2.9 -99-99.9-9.9-9.9
5271420190904 11.0  4.0-99.999999-99.9-99.9-99.9-99.9-9.9 9910.0 86  6.9 -99-99.9-9.9-9.9
5271420190905 18.0  7.3-99.999999-99.9-99.9-99.9-99.9-9.9 9910.3 75  7.3 -99-99.9-9.9-9.9
5271420190906 23.0 10.3-99.999999-99.9-99.9-99.9-99.9-9.9 9910.0 58  6.9 -99-99.9-9.9-9.9
5271420190907 24.8  6.0-99.999999-99.9-99.9-99.9-99.9-9.9 9911.4 75  8.9 -99-99.9-9.9-9.9
5271420190908 25.2  6.4-99.999999-99.9-99.9-99.9-99.9-9.9 9912.6 73 10.3 -99-99.9-9.9-9.9
5271420190909 28.4  7.7-99.999999-99.9-99.9-99.9-99.9-9.9 9913.0 56 10.8 -99-99.9-9.9-9.9
5271420190910 23.0 11.7-99.999999-99.9-99.9-99.9-99.9-9.9 9914.4 97 12.4 -99-99.9-9.9-9.9
5271420190911 19.2 11.6-99.999999-99.9-99.9-99.9-99.9-9.9 9914.4 87 12.3 -99-99.9-9.9-9.9
5271420190912 24.4  5.5-99.999999-99.9-99.9-99.9-99.9-9.9 9912.9 80 10.5 -99-99.9-9.9-9.9
5271420190913 24.9  6.6-99.999999-99.9-99.9-99.9-99.9-9.9 9911.3 63  8.7 -99-99.9-9.9-9.9
5271420190914 28.5  6.2-99.999999-99.9-99.9-99.9-99.9-9.9 9912.0 59  9.5 -99-99.9-9.9-9.9
5271420190915 34.9  9.2-99.999999-99.9-99.9-99.9-99.9-9.9 9914.8 64 12.8 -99-99.9-9.9-9.9
5271420190916 22.4 12.5-99.999999-99.9-99.9-99.9-99.9-9.9 9914.1 72 11.9 -99-99.9-9.9-9.9
5271420190917 16.8 12.1-99.999999-99.9-99.9-99.9-99.9-9.9 9912.8 80 10.5 -99-99.9-9.9-9.9
5271420190918 30.5  6.2-99.999999-99.9-99.9-99.9-99.9-9.9 9911.6 50  9.0 -99-99.9-9.9-9.9
5271420190919 31.2  7.1-99.999999-99.9-99.9-99.9-99.9-9.9 9910.2 38  6.9 -99-99.9-9.9-9.9
5271420190920 20.9  7.9-99.999999-99.9-99.9-99.9-99.9-9.9 99 7.5 56  2.6 -99-99.9-9.9-9.9
5271420190921 27.4  2.1-99.999999-99.9-99.9-99.9-99.9-9.9 99 8.1 49  3.9 -99-99.9-9.9-9.9
5271420190922 30.3  5.5-99.999999-99.9-99.9-99.9-99.9-9.9 99 9.9 50  6.7 -99-99.9-9.9-9.9
5271420190923 30.5  9.2-99.999999-99.9-99.9-99.9-99.9-9.9 99 9.7 40  6.3 -99-99.9-9.9-9.9
5271420190924 32.3 10.9-99.999999-99.9-99.9-99.9-99.9-9.9 9911.8 42  9.3 -99-99.9-9.9-9.9
5271420190925 33.2 10.1-99.999999-99.9-99.9-99.9-99.9-9.9 9913.2 50 11.0 -99-99.9-9.9-9.9
5271420190926 35.5 10.1-99.999999-99.9-99.9-99.9-99.9-9.9 9913.2 47 10.9 -99-99.9-9.9-9.9
5271420190927 33.3 12.7-99.999999-99.9-99.9-99.9-99.9-9.9 9911.2 42  8.5 -99-99.9-9.9-9.9
5271420190928 35.3 11.2-99.999999-99.9-99.9-99.9-99.9-9.9 9913.7 40 11.5 -99-99.9-9.9-9.9
5271420190929 38.5 13.5-99.999999-99.9-99.9-99.9-99.9-9.9 9916.6 46 14.6 -99-99.9-9.9-9.9
5271420190930 39.0 16.2-99.999999-99.9-99.9-99.9-99.9-9.9 9918.5 47 16.2 -99-99.9-9.9-9.9
5271420191001 26.1 18.8-99.999999-99.9-99.9-99.9-99.9-9.9 9911.6 39  8.6 -99-99.9-9.9-9.9
5271420191002 26.4  7.0-99.999999-99.9-99.9-99.9-99.9-9.9 99 8.9 40  5.2 -99-99.9-9.9-9.9
5271420191003 24.2  9.9-99.999999-99.9-99.9-99.9-99.9-9.9 9911.7 64  9.0 -99-99.9-9.9-9.9
5271420191004 25.0 11.9-99.999999-99.9-99.9-99.9-99.9-9.9 9914.7 73 12.7 -99-99.9-9.9-9.9
5271420191005 25.8 14.0-99.999999-99.9-99.9-99.9-99.9-9.9 9914.3 68 12.2 -99-99.9-9.9-9.9
5271420191006 27.3  9.5-99.999999-99.9-99.9-99.9-99.9-9.9 9912.4 58 10.0 -99-99.9-9.9-9.9
5271420191007 32.8  7.2-99.999999-99.9-99.9-99.9-99.9-9.9 9913.1 50 10.9 -99-99.9-9.9-9.9
5271420191008 34.7 11.8-99.999999-99.9-99.9-99.9-99.9-9.9 9914.8 44 12.8 -99-99.9-9.9-9.9
5271420191009 36.7 14.2-99.999999-99.9-99.9-99.9-99.9-9.9 9916.1 49 14.1 -99-99.9-9.9-9.9
5271420191010 38.9 15.1-99.999999-99.9-99.9-99.9-99.9-9.9 9918.1 46 16.0 -99-99.9-9.9-9.9
5271420191011 40.7 16.5-99.999999-99.9-99.9-99.9-99.9-9.9 9918.9 42 16.6 -99-99.9-9.9-9.9
5271420191012 42.1 16.9-99.999999-99.9-99.9-99.9-99.9-9.9 9918.8 39 16.4 -99-99.9-9.9-9.9
5271420191013 28.5 16.3-99.999999-99.9-99.9-99.9-99.9-9.9 9922.0 97 18.9 -99-99.9-9.9-9.9
5271420191014 16.6 11.8-99.999999-99.9-99.9-99.9-99.9-9.9 9915.8100 13.7 -99-99.9-9.9-9.9
5271420191015 13.8  8.7-99.999999-99.9-99.9-99.9-99.9-9.9 9912.6 95 10.4 -99-99.9-9.9-9.9
5271420191016 19.7 10.7-99.999999-99.9-99.9-99.9-99.9-9.9 9914.2 86 12.1 -99-99.9-9.9-9.9
5271420191017 25.6 13.3-99.999999-99.9-99.9-99.9-99.9-9.9 9915.4 76 13.4 -99-99.9-9.9-9.9
5271420191018 24.4 11.4-99.999999-99.9-99.9-99.9-99.9-9.9 9916.8 75 14.7 -99-99.9-9.9-9.9
5271420191019 24.3 15.9-99.999999-99.9-99.9-99.9-99.9-9.9 9917.1 73 15.0 -99-99.9-9.9-9.9
5271420191020 27.1 15.4-99.999999-99.9-99.9-99.9-99.9-9.9 9918.1 82 15.9 -99-99.9-9.9-9.9
5271420191021 30.6 10.8-99.999999-99.9-99.9-99.9-99.9-9.9 9914.5 58 12.3 -99-99.9-9.9-9.9
5271420191022 30.5 11.8-99.999999-99.9-99.9-99.9-99.9-9.9 9914.6 58 12.5 -99-99.9-9.9-9.9
5271420191023 29.5 13.7-99.999999-99.9-99.9-99.9-99.9-9.9 9916.4 57 14.2 -99-99.9-9.9-9.9
5271420191024 33.0 15.0-99.999999-99.9-99.9-99.9-99.9-9.9 9917.5 54 15.3 -99-99.9-9.9-9.9
5271420191025 33.7 14.4-99.999999-99.9-99.9-99.9-99.9-9.9 9918.0 49 15.8 -99-99.9-9.9-9.9
5271420191026 37.2 16.1-99.999999-99.9-99.9-99.9-99.9-9.9 9919.3 51 16.8 -99-99.9-9.9-9.9
5271420191027 40.9 18.0-99.999999-99.9-99.9-99.9-99.9-9.9 9922.1 47 19.0 -99-99.9-9.9-9.9
5271420191028 39.5 19.9-99.999999-99.9-99.9-99.9-99.9-9.9 9924.1 53 20.4 -99-99.9-9.9-9.9
5271420191029 29.9 22.0-99.999999-99.9-99.9-99.9-99.9-9.9 9920.7 62 18.0 -99-99.9-9.9-9.9
5271420191030 25.2 18.3-99.999999-99.9-99.9-99.9-99.9-9.9 9923.5 92 20.1 -99-99.9-9.9-9.9
5271420191031 27.1 18.0-99.999999-99.9-99.9-99.9-99.9-9.9 9917.3 68 14.9 -99-99.9-9.9-9.9
5271420191101 33.9 14.0-99.999999-99.9-99.9-99.9-99.9-9.9 9919.7 56 17.2 -99-99.9-9.9-9.9
5271420191102 36.0 17.9-99.999999-99.9-99.9-99.9-99.9-9.9 9923.2 82 19.8 -99-99.9-9.9-9.9
5271420191103 23.3 15.6-99.999999-99.9-99.9-99.9-99.9-9.9 9920.0 95 17.5 -99-99.9-9.9-9.9
5271420191104 33.2 17.8-99.999999-99.9-99.9-99.9-99.9-9.9 9923.6 76 20.1 -99-99.9-9.9-9.9
5271420191105 26.0 18.8-99.999999-99.9-99.9-99.9-99.9-9.9 9923.2 84 19.9 -99-99.9-9.9-9.9
5271420191106 29.2 19.1-99.999999-99.9-99.9-99.9-99.9-9.9 9923.7 87 20.2 -99-99.9-9.9-9.9
5271420191107 33.8 17.1-99.999999-99.9-99.9-99.9-99.9-9.9 9923.1 68 19.8 -99-99.9-9.9-9.9
5271420191108 33.4 21.9-99.999999-99.9-99.9-99.9-99.9-9.9 9924.4 66 20.6 -99-99.9-9.9-9.9
5271420191109 29.1 20.0-99.999999-99.9-99.9-99.9-99.9-9.9 9923.8 79 20.3 -99-99.9-9.9-9.9
5271420191110 32.5 16.2-99.999999-99.9-99.9-99.9-99.9-9.9 9922.0 66 18.9 -99-99.9-9.9-9.9
5271420191111 32.6 20.7-99.999999-99.9-99.9-99.9-99.9-9.9 9924.6 74 20.8 -99-99.9-9.9-9.9
5271420191112 34.8 21.7-99.999999-99.9-99.9-99.9-99.9-9.9 9925.2 66 21.2 -99-99.9-9.9-9.9
5271420191113 34.1 19.0-99.999999-99.9-99.9-99.9-99.9-9.9 9922.4 77 19.3 -99-99.9-9.9-9.9
5271420191114 35.4 17.1-99.999999-99.9-99.9-99.9-99.9-9.9 9921.7 57 18.7 -99-99.9-9.9-9.9
5271420191115 36.6 17.5-99.999999-99.9-99.9-99.9-99.9-9.9 9923.2 66 19.9 -99-99.9-9.9-9.9
5271420191116 36.8 18.9-99.999999-99.9-99.9-99.9-99.9-9.9 9922.7 60 19.4 -99-99.9-9.9-9.9
5271420191117 35.1 20.9-99.999999-99.9-99.9-99.9-99.9-9.9 9921.3 58 18.4 -99-99.9-9.9-9.9
5271420191118 34.2 19.9-99.999999-99.9-99.9-99.9-99.9-9.9 9923.2 67 19.8 -99-99.9-9.9-9.9
5271420191119 36.3 21.2-99.999999-99.9-99.9-99.9-99.9-9.9 9922.7 57 19.5 -99-99.9-9.9-9.9
5271420191120 38.5 20.7-99.999999-99.9-99.9-99.9-99.9-9.9 9924.8 56 20.9 -99-99.9-9.9-9.9
5271420191121 33.2 22.2-99.999999-99.9-99.9-99.9-99.9-9.9 9927.4 85 22.6 -99-99.9-9.9-9.9
5271420191122 34.4 20.9-99.999999-99.9-99.9-99.9-99.9-9.9 9928.2 83 23.1 -99-99.9-9.9-9.9
5271420191123 29.3 20.2-99.999999-99.9-99.9-99.9-99.9-9.9 9926.8 96 22.2 -99-99.9-9.9-9.9
5271420191124 30.9 21.9-99.999999-99.9-99.9-99.9-99.9-9.9 9926.4 80 22.0 -99-99.9-9.9-9.9
5271420191125 35.7 21.2-99.999999-99.9-99.9-99.9-99.9-9.9 9927.3 71 22.5 -99-99.9-9.9-9.9
5271420191126 23.1 18.4-99.999999-99.9-99.9-99.9-99.9-9.9 9922.5 97 19.4 -99-99.9-9.9-9.9
5271420191127 28.0 15.6-99.999999-99.9-99.9-99.9-99.9-9.9 9921.2 86 18.4 -99-99.9-9.9-9.9
5271420191128 30.0 18.8-99.999999-99.9-99.9-99.9-99.9-9.9 9922.4 70 19.3 -99-99.9-9.9-9.9
5271420191129 36.4 16.9-99.999999-99.9-99.9-99.9-99.9-9.9 9924.4 65 20.6 -99-99.9-9.9-9.9
5271420191130 31.8 20.8-99.999999-99.9-99.9-99.9-99.9-9.9 9923.8 76 20.2 -99-99.9-9.9-9.9
5271420191201 28.0 19.4-99.999999-99.9-99.9-99.9-99.9-9.9 9923.4 84 20.0 -99-99.9-9.9-9.9
5271420191202 21.0 17.0-99.999999-99.9-99.9-99.9-99.9-9.9 9921.6100 18.7 -99-99.9-9.9-9.9
5271420191203 29.3 17.5-99.999999-99.9-99.9-99.9-99.9-9.9 9922.0 78 19.0 -99-99.9-9.9-9.9
5271420191204 27.2 16.7-99.999999-99.9-99.9-99.9-99.9-9.9 9921.1 94 18.3 -99-99.9-9.9-9.9
5271420191205 30.7 15.3-99.999999-99.9-99.9-99.9-99.9-9.9 9918.8 65 16.5 -99-99.9-9.9-9.9
5271420191206 33.8 14.4-99.999999-99.9-99.9-99.9-99.9-9.9 9921.4 69 18.4 -99-99.9-9.9-9.9
5271420191207 33.3 18.4-99.999999-99.9-99.9-99.9-99.9-9.9 9921.4 60 18.3 -99-99.9-9.9-9.9
5271420191208 31.0 19.6-99.999999-99.9-99.9-99.9-99.9-9.9 9922.0 73 19.0 -99-99.9-9.9-9.9
5271420191209 34.6 17.8-99.999999-99.9-99.9-99.9-99.9-9.9 9922.4 69 19.2 -99-99.9-9.9-9.9
5271420191210 36.7 18.0-99.999999-99.9-99.9-99.9-99.9-9.9 9922.4 61 19.2 -99-99.9-9.9-9.9
5271420191211 39.6 17.8-99.999999-99.9-99.9-99.9-99.9-9.9 9924.4 63 20.6 -99-99.9-9.9-9.9
5271420191212-99.9-99.9-99.999999-99.9-99.9-99.9-99.9-9.9 99-9.9-99-99.9 -99-99.9-9.9-9.9
