5294320141203-99.9-99.9-99.999999-99.9-99.9-99.9-99.9-9.9 99-9.9-99-99.9 -99-99.9-9.9-9.9
5294320141204 35.5 17.2  0.009999-99.9-99.9-99.9-99.9-9.9 9914.6 38 12.6 -99-99.9-9.9-9.9
5294320141205 34.9 18.5  0.009999-99.9-99.9-99.9-99.9-9.9 9915.2 41 13.1 -99-99.9-9.9-9.9
5294320141206 38.4 19.3  1.819999-99.9-99.9-99.9-99.9-9.9 9918.3 43 16.1 -99-99.9-9.9-9.9
5294320141207 31.1 16.0  0.009999-99.9-99.9-99.9-99.9-9.9 9915.3 60 13.1 -99-99.9-9.9-9.9
5294320141208 33.8 13.4  0.009999-99.9-99.9-99.9-99.9-9.9 9915.0 41 13.0 -99-99.9-9.9-9.9
5294320141209 36.8 20.7  0.219999-99.9-99.9-99.9-99.9-9.9 9923.7 62 20.2 -99-99.9-9.9-9.9
5294320141210 29.6 17.2  0.009999-99.9-99.9-99.9-99.9-9.9 9914.7 44 12.3 -99-99.9-9.9-9.9
5294320141211 22.6 15.0  4.519999-99.9-99.9-99.9-99.9-9.9 9916.3 87 14.3 -99-99.9-9.9-9.9
5294320141212 32.3 12.3  0.009999-99.9-99.9-99.9-99.9-9.9 9917.1 60 15.0 -99-99.9-9.9-9.9
5294320141213 35.3 18.0  0.009999-99.9-99.9-99.9-99.9-9.9 9916.4 41 13.9 -99-99.9-9.9-9.9
5294320141214 31.9 15.7  0.009999-99.9-99.9-99.9-99.9-9.9 9914.6 42 12.4 -99-99.9-9.9-9.9
5294320141215 23.4 16.9  8.219999-99.9-99.9-99.9-99.9-9.9 9919.2 93 16.7 -99-99.9-9.9-9.9
5294320141216 28.6 15.4  0.009999-99.9-99.9-99.9-99.9-9.9 9919.6 70 17.2 -99-99.9-9.9-9.9
5294320141217 33.3 16.5  0.009999-99.9-99.9-99.9-99.9-9.9 9917.1 44 14.9 -99-99.9-9.9-9.9
5294320141218 36.0 15.5  0.009999-99.9-99.9-99.9-99.9-9.9 9915.3 39 13.2 -99-99.9-9.9-9.9
5294320141219 38.6 18.7 41.219999-99.9-99.9-99.9-99.9-9.9 9918.4 61 16.1 -99-99.9-9.9-9.9
5294320141220 28.0 17.3  0.009999-99.9-99.9-99.9-99.9-9.9 9914.7 59 11.9 -99-99.9-9.9-9.9
5294320141221 24.5 13.5  0.009999-99.9-99.9-99.9-99.9-9.9 99 8.3 32  3.9 -99-99.9-9.9-9.9
5294320141222 24.2  7.4  0.009999-99.9-99.9-99.9-99.9-9.9 99 8.6 40  4.6 -99-99.9-9.9-9.9
5294320141223 28.9  8.3  0.009999-99.9-99.9-99.9-99.9-9.9 9910.6 38  7.8 -99-99.9-9.9-9.9
5294320141224 30.8 13.5  0.009999-99.9-99.9-99.9-99.9-9.9 9912.6 44 10.3 -99-99.9-9.9-9.9
5294320141225 34.2 15.9  5.819999-99.9-99.9-99.9-99.9-9.9 9916.8 49 14.7 -99-99.9-9.9-9.9
5294320141226 27.4 17.3 31.019999-99.9-99.9-99.9-99.9-9.9 9922.2 91 19.1 -99-99.9-9.9-9.9
5294320141227 31.3 15.9  0.009999-99.9-99.9-99.9-99.9-9.9 9922.0 72 19.0 -99-99.9-9.9-9.9
5294320141228 33.0 18.2  0.009999-99.9-99.9-99.9-99.9-9.9 9923.9 69 20.3 -99-99.9-9.9-9.9
5294320141229 35.2 18.4  7.819999-99.9-99.9-99.9-99.9-9.9 9924.1 73 20.4 -99-99.9-9.9-9.9
5294320141230 33.2 16.6 38.519999-99.9-99.9-99.9-99.9-9.9 9918.2 60 15.9 -99-99.9-9.9-9.9
5294320141231 28.1 15.9  3.519999-99.9-99.9-99.9-99.9-9.9 9920.0 86 17.4 -99-99.9-9.9-9.9
5294320150101 23.0 12.2  0.009999-99.9-99.9-99.9-99.9-9.9 9913.0 64 10.6 -99-99.9-9.9-9.9
5294320150102 26.7  9.8  0.009999-99.9-99.9-99.9-99.9-9.9 9912.9 51 10.6 -99-99.9-9.9-9.9
5294320150103 30.8 13.5  0.009999-99.9-99.9-99.9-99.9-9.9 9916.3 57 14.2 -99-99.9-9.9-9.9
5294320150104 31.5 14.1  0.009999-99.9-99.9-99.9-99.9-9.9 9919.4 66 16.8 -99-99.9-9.9-9.9
5294320150105 34.6 20.2  0.519999-99.9-99.9-99.9-99.9-9.9 9925.4 66 21.2 -99-99.9-9.9-9.9
5294320150106 36.4 20.0  0.009999-99.9-99.9-99.9-99.9-9.9 9923.3 66 19.8 -99-99.9-9.9-9.9
5294320150107 32.4 20.7  0.009999-99.9-99.9-99.9-99.9-9.9 9924.1 68 20.5 -99-99.9-9.9-9.9
5294320150108 32.4 19.4 10.819999-99.9-99.9-99.9-99.9-9.9 9924.0 68 20.4 -99-99.9-9.9-9.9
5294320150109 33.6 18.3  0.009999-99.9-99.9-99.9-99.9-9.9 9921.4 63 18.5 -99-99.9-9.9-9.9
5294320150110 32.5 17.1  0.009999-99.9-99.9-99.9-99.9-9.9 9920.6 62 17.8 -99-99.9-9.9-9.9
5294320150111 34.8 18.6  0.009999-99.9-99.9-99.9-99.9-9.9 9918.3 56 15.8 -99-99.9-9.9-9.9
5294320150112 36.0 15.4 28.519999-99.9-99.9-99.9-99.9-9.9 9922.7 60 19.3 -99-99.9-9.9-9.9
5294320150113 28.3 20.0  0.009999-99.9-99.9-99.9-99.9-9.9 9923.9 84 20.3 -99-99.9-9.9-9.9
5294320150114 33.2 18.1  0.009999-99.9-99.9-99.9-99.9-9.9 9925.1 82 21.1 -99-99.9-9.9-9.9
5294320150115 29.9 17.4  0.519999-99.9-99.9-99.9-99.9-9.9 9923.8 82 20.2 -99-99.9-9.9-9.9
5294320150116 34.4 20.2 10.019999-99.9-99.9-99.9-99.9-9.9 9925.2 71 21.2 -99-99.9-9.9-9.9
5294320150117 29.1 18.4  8.019999-99.9-99.9-99.9-99.9-9.9 9922.3 74 19.2 -99-99.9-9.9-9.9
5294320150118 31.0 19.5 37.019999-99.9-99.9-99.9-99.9-9.9 9926.1 81 21.7 -99-99.9-9.9-9.9
5294320150119 27.4 19.1  0.009999-99.9-99.9-99.9-99.9-9.9 9923.2 81 19.7 -99-99.9-9.9-9.9
5294320150120 25.1 12.5  0.009999-99.9-99.9-99.9-99.9-9.9 9915.8 72 13.8 -99-99.9-9.9-9.9
5294320150121 28.9 13.3  0.009999-99.9-99.9-99.9-99.9-9.9 9919.2 73 16.8 -99-99.9-9.9-9.9
5294320150122 30.1 18.6  1.019999-99.9-99.9-99.9-99.9-9.9 9921.1 65 18.3 -99-99.9-9.9-9.9
5294320150123 32.6 18.4  0.009999-99.9-99.9-99.9-99.9-9.9 9923.7 70 20.2 -99-99.9-9.9-9.9
5294320150124 34.0 19.7  0.009999-99.9-99.9-99.9-99.9-9.9 9924.7 70 20.9 -99-99.9-9.9-9.9
5294320150125 34.1 21.2  4.219999-99.9-99.9-99.9-99.9-9.9 9928.0 77 22.9 -99-99.9-9.9-9.9
5294320150126 32.2 20.1 61.519999-99.9-99.9-99.9-99.9-9.9 9925.5 84 21.4 -99-99.9-9.9-9.9
5294320150127 33.8 19.8 44.219999-99.9-99.9-99.9-99.9-9.9 9928.2 79 22.9 -99-99.9-9.9-9.9
5294320150128 29.8 19.5  0.009999-99.9-99.9-99.9-99.9-9.9 9924.7 84 20.9 -99-99.9-9.9-9.9
5294320150129 27.0 13.7  0.009999-99.9-99.9-99.9-99.9-9.9 9916.2 64 14.1 -99-99.9-9.9-9.9
5294320150130 28.8 14.6  0.009999-99.9-99.9-99.9-99.9-9.9 9919.2 71 16.8 -99-99.9-9.9-9.9
5294320150131 30.8 16.7  0.009999-99.9-99.9-99.9-99.9-9.9 9919.8 66 17.4 -99-99.9-9.9-9.9
5294320150201 32.3 17.1  0.009999-99.9-99.9-99.9-99.9-9.9 9921.8 70 18.9 -99-99.9-9.9-9.9
5294320150202 33.0 19.8  0.009999-99.9-99.9-99.9-99.9-9.9 9924.8 71 20.9 -99-99.9-9.9-9.9
5294320150203 30.5 20.9  0.009999-99.9-99.9-99.9-99.9-9.9 9926.1 82 21.8 -99-99.9-9.9-9.9
5294320150204 34.0 21.0  0.009999-99.9-99.9-99.9-99.9-9.9 9927.0 76 22.3 -99-99.9-9.9-9.9
5294320150205 34.9 20.6  0.009999-99.9-99.9-99.9-99.9-9.9 9927.1 73 22.4 -99-99.9-9.9-9.9
5294320150206 32.9 21.5  0.009999-99.9-99.9-99.9-99.9-9.9 9928.2 77 23.1 -99-99.9-9.9-9.9
5294320150207 34.7 22.5 10.219999-99.9-99.9-99.9-99.9-9.9 9927.3 68 22.5 -99-99.9-9.9-9.9
5294320150208 29.5 18.7  3.019999-99.9-99.9-99.9-99.9-9.9 9923.3 85 19.9 -99-99.9-9.9-9.9
5294320150209 22.1 16.2  5.519999-99.9-99.9-99.9-99.9-9.9 9920.8 99 18.1 -99-99.9-9.9-9.9
5294320150210 30.3 16.0  0.009999-99.9-99.9-99.9-99.9-9.9 9918.3 72 16.0 -99-99.9-9.9-9.9
5294320150211 32.2 15.1  0.009999-99.9-99.9-99.9-99.9-9.9 9920.4 66 17.8 -99-99.9-9.9-9.9
5294320150212 30.8 17.5  0.009999-99.9-99.9-99.9-99.9-9.9 9917.1 61 14.9 -99-99.9-9.9-9.9
5294320150213 28.4 10.3  0.009999-99.9-99.9-99.9-99.9-9.9 9914.1 61 12.1 -99-99.9-9.9-9.9
5294320150214 31.2 14.5  0.009999-99.9-99.9-99.9-99.9-9.9 9918.2 65 16.0 -99-99.9-9.9-9.9
5294320150215 22.6 17.7 13.019999-99.9-99.9-99.9-99.9-9.9 9922.0 95 19.0 -99-99.9-9.9-9.9
5294320150216 32.8 18.2 11.219999-99.9-99.9-99.9-99.9-9.9 9924.0 83 20.4 -99-99.9-9.9-9.9
5294320150217 31.6 19.0  0.009999-99.9-99.9-99.9-99.9-9.9 9924.3 78 20.6 -99-99.9-9.9-9.9
5294320150218 25.1 16.3  0.009999-99.9-99.9-99.9-99.9-9.9 9918.7 74 16.1 -99-99.9-9.9-9.9
5294320150219 25.7  8.3  0.009999-99.9-99.9-99.9-99.9-9.9 9912.0 61  9.6 -99-99.9-9.9-9.9
5294320150220 26.1  9.1  0.009999-99.9-99.9-99.9-99.9-9.9 9913.5 68 11.3 -99-99.9-9.9-9.9
5294320150221 26.2 13.5  0.009999-99.9-99.9-99.9-99.9-9.9 9915.6 70 13.6 -99-99.9-9.9-9.9
5294320150222 31.8 13.1  0.009999-99.9-99.9-99.9-99.9-9.9 9918.7 65 16.3 -99-99.9-9.9-9.9
5294320150223 34.5 15.8  0.009999-99.9-99.9-99.9-99.9-9.9 9920.5 63 17.8 -99-99.9-9.9-9.9
5294320150224 35.6 18.0 23.019999-99.9-99.9-99.9-99.9-9.9 9923.6 64 20.1 -99-99.9-9.9-9.9
5294320150225 25.0 18.2  8.819999-99.9-99.9-99.9-99.9-9.9 9922.8 99 19.6 -99-99.9-9.9-9.9
5294320150226 21.3 15.8  0.009999-99.9-99.9-99.9-99.9-9.9 9919.4 95 17.0 -99-99.9-9.9-9.9
5294320150227 29.1 16.0  0.009999-99.9-99.9-99.9-99.9-9.9 9920.2 75 17.6 -99-99.9-9.9-9.9
5294320150228 25.6 15.8 21.019999-99.9-99.9-99.9-99.9-9.9 9917.9 82 15.8 -99-99.9-9.9-9.9
5294320150301 29.2 15.9  0.009999-99.9-99.9-99.9-99.9-9.9 9921.3 88 18.4 -99-99.9-9.9-9.9
5294320150302 31.7 14.9  0.009999-99.9-99.9-99.9-99.9-9.9 9923.6 82 20.0 -99-99.9-9.9-9.9
5294320150303 30.8 19.6  0.009999-99.9-99.9-99.9-99.9-9.9 9922.8 76 19.6 -99-99.9-9.9-9.9
5294320150304 30.9 18.0  0.009999-99.9-99.9-99.9-99.9-9.9 9922.8 85 19.6 -99-99.9-9.9-9.9
5294320150305 32.7 17.5  0.009999-99.9-99.9-99.9-99.9-9.9 9923.7 78 20.1 -99-99.9-9.9-9.9
5294320150306 33.5 18.7  0.009999-99.9-99.9-99.9-99.9-9.9 9925.6 78 21.4 -99-99.9-9.9-9.9
5294320150307 35.1 19.7  0.009999-99.9-99.9-99.9-99.9-9.9 9926.3 71 21.8 -99-99.9-9.9-9.9
5294320150308 35.9 22.0  0.009999-99.9-99.9-99.9-99.9-9.9 9927.3 72 22.5 -99-99.9-9.9-9.9
5294320150309 33.4 19.1  0.009999-99.9-99.9-99.9-99.9-9.9 9923.8 70 20.3 -99-99.9-9.9-9.9
5294320150310 33.9 18.2  0.009999-99.9-99.9-99.9-99.9-9.9 9922.7 68 19.5 -99-99.9-9.9-9.9
5294320150311 34.5 18.6  0.009999-99.9-99.9-99.9-99.9-9.9 9923.1 70 19.8 -99-99.9-9.9-9.9
5294320150312 34.0 19.8  0.009999-99.9-99.9-99.9-99.9-9.9 9922.3 63 19.3 -99-99.9-9.9-9.9
5294320150313 33.8 19.8 21.519999-99.9-99.9-99.9-99.9-9.9 9922.4 67 19.3 -99-99.9-9.9-9.9
5294320150314 27.4 19.5  0.519999-99.9-99.9-99.9-99.9-9.9 9923.4 91 20.0 -99-99.9-9.9-9.9
5294320150315 30.1 18.1  0.009999-99.9-99.9-99.9-99.9-9.9 9922.3 75 19.3 -99-99.9-9.9-9.9
5294320150316 32.6 19.4  0.009999-99.9-99.9-99.9-99.9-9.9 9924.7 75 20.9 -99-99.9-9.9-9.9
5294320150317 34.1 20.2  0.009999-99.9-99.9-99.9-99.9-9.9 9926.9 74 22.3 -99-99.9-9.9-9.9
5294320150318 34.5 21.4  0.009999-99.9-99.9-99.9-99.9-9.9 9923.7 63 20.2 -99-99.9-9.9-9.9
5294320150319 33.5 17.1  2.019999-99.9-99.9-99.9-99.9-9.9 9920.2 66 17.7 -99-99.9-9.9-9.9
5294320150320 34.1 18.9  0.009999-99.9-99.9-99.9-99.9-9.9 9919.2 63 16.4 -99-99.9-9.9-9.9
5294320150321 24.5  6.4  0.009999-99.9-99.9-99.9-99.9-9.9 99 9.7 56  6.5 -99-99.9-9.9-9.9
5294320150322 25.1  7.8  0.009999-99.9-99.9-99.9-99.9-9.9 9912.0 63  9.5 -99-99.9-9.9-9.9
5294320150323 26.7 15.5 15.019999-99.9-99.9-99.9-99.9-9.9 9915.2 66 13.2 -99-99.9-9.9-9.9
5294320150324 19.2 15.1 13.819999-99.9-99.9-99.9-99.9-9.9 9918.2 99 16.0 -99-99.9-9.9-9.9
5294320150325 22.4 13.7  0.219999-99.9-99.9-99.9-99.9-9.9 9916.5 89 14.4 -99-99.9-9.9-9.9
5294320150326 23.7  7.9  0.009999-99.9-99.9-99.9-99.9-9.9 9911.9 67  9.5 -99-99.9-9.9-9.9
5294320150327-99.9-99.9-99.999999-99.9-99.9-99.9-99.9-9.9 99-9.9-99-99.9 -99-99.9-9.9-9.9
5294320180209-99.9-99.9-99.999999-99.9-99.9-99.9-99.9-9.9 99-9.9-99-99.9 -99-99.9-9.9-9.9
5294320180210 32.5 12.6  0.009999-99.9-99.9-99.9-99.9-9.9 9913.8 61 11.7 -99-99.9-9.9-9.9
5294320180211 28.4 14.0  0.009999-99.9-99.9-99.9-99.9-9.9 9910.3 50  7.3 -99-99.9-9.9-9.9
5294320180212 31.1  8.7  0.009999-99.9-99.9-99.9-99.9-9.9 9911.3 51  8.7 -99-99.9-9.9-9.9
5294320180213 32.9 13.7  0.009999-99.9-99.9-99.9-99.9-9.9 9914.6 52 12.5 -99-99.9-9.9-9.9
5294320180214-99.9-99.9-99.999999-99.9-99.9-99.9-99.9-9.9 99-9.9-99-99.9 -99-99.9-9.9-9.9
5294320180220-99.9-99.9-99.999999-99.9-99.9-99.9-99.9-9.9 99-9.9-99-99.9 -99-99.9-9.9-9.9
5294320180221-99.9-99.9-99.999999-99.9-99.9-99.9-99.9-9.9 99-9.9-99-99.9 -99-99.9-9.9-9.9
5294320180521-99.9-99.9-99.999999-99.9-99.9-99.9-99.9-9.9 99-9.9-99-99.9 -99-99.9-9.9-9.9
5294320180817-99.9-99.9-99.999999-99.9-99.9-99.9-99.9-9.9 99-9.9-99-99.9 -99-99.9-9.9-9.9
5294320180818 16.9  6.9  0.009999-99.9-99.9-99.9-99.9-9.9 99 9.9 77  6.4 -99-99.9-9.9-9.9
5294320180819 12.6  1.3  0.009999-99.9-99.9-99.9-99.9-9.9 99 5.5 60 -1.6 -99-99.9-9.9-9.9
5294320180820 13.7 -3.8  0.009999-99.9-99.9-99.9-99.9-9.9 99 5.5 69 -1.5 -99-99.9-9.9-9.9
5294320180821 16.6 -1.6  0.009999-99.9-99.9-99.9-99.9-9.9 99 6.1 62  0.0 -99-99.9-9.9-9.9
5294320180822 18.5 -0.3  0.009999-99.9-99.9-99.9-99.9-9.9 99 7.3 60  2.4 -99-99.9-9.9-9.9
5294320180823 17.8  3.7  0.009999-99.9-99.9-99.9-99.9-9.9 99 9.7 80  6.6 -99-99.9-9.9-9.9
5294320180824 17.6  5.9  0.009999-99.9-99.9-99.9-99.9-9.9 99 7.0 52  1.8 -99-99.9-9.9-9.9
5294320180825 18.7 -2.1  0.009999-99.9-99.9-99.9-99.9-9.9 99 6.0 56 -0.2 -99-99.9-9.9-9.9
5294320180826 27.4  1.7  0.009999-99.9-99.9-99.9-99.9-9.9 99 7.0 45  1.8 -99-99.9-9.9-9.9
5294320180827 26.7  4.7  0.009999-99.9-99.9-99.9-99.9-9.9 99 7.9 42  3.6 -99-99.9-9.9-9.9
5294320180828 28.0  5.3  0.009999-99.9-99.9-99.9-99.9-9.9 99 9.5 48  6.1 -99-99.9-9.9-9.9
5294320180829 26.0  8.3  0.009999-99.9-99.9-99.9-99.9-9.9 9911.4 56  8.8 -99-99.9-9.9-9.9
5294320180830 18.0  7.1  0.009999-99.9-99.9-99.9-99.9-9.9 99 8.9 68  5.1 -99-99.9-9.9-9.9
5294320180831 11.1  4.5  0.009999-99.9-99.9-99.9-99.9-9.9 99 6.9 64  1.7 -99-99.9-9.9-9.9
5294320180901 15.8  4.6  0.009999-99.9-99.9-99.9-99.9-9.9 99 8.0 72  3.7 -99-99.9-9.9-9.9
5294320180902 19.2  0.5  0.009999-99.9-99.9-99.9-99.9-9.9 99 8.8 75  5.0 -99-99.9-9.9-9.9
5294320180903 24.0  4.2  0.009999-99.9-99.9-99.9-99.9-9.9 9910.0 68  6.9 -99-99.9-9.9-9.9
5294320180904 25.8  6.6  0.009999-99.9-99.9-99.9-99.9-9.9 9910.6 57  7.8 -99-99.9-9.9-9.9
5294320180905 29.0  8.8  0.009999-99.9-99.9-99.9-99.9-9.9 9912.1 60  9.7 -99-99.9-9.9-9.9
5294320180906 24.2  7.7  0.009999-99.9-99.9-99.9-99.9-9.9 9911.5 67  8.7 -99-99.9-9.9-9.9
5294320180907 25.9  4.7  0.009999-99.9-99.9-99.9-99.9-9.9 99 7.9 45  3.6 -99-99.9-9.9-9.9
5294320180908 24.2  9.9  0.009999-99.9-99.9-99.9-99.9-9.9 9911.0 57  8.3 -99-99.9-9.9-9.9
5294320180909 21.9 11.6  0.519999-99.9-99.9-99.9-99.9-9.9 9913.4 73 11.1 -99-99.9-9.9-9.9
5294320180910 21.5 11.6  0.009999-99.9-99.9-99.9-99.9-9.9 9915.7 90 13.7 -99-99.9-9.9-9.9
5294320180911 22.8 12.1  0.009999-99.9-99.9-99.9-99.9-9.9 9915.9 80 13.9 -99-99.9-9.9-9.9
5294320180912 18.2 13.7 11.519999-99.9-99.9-99.9-99.9-9.9 9916.1 96 14.1 -99-99.9-9.9-9.9
5294320180913 24.3 12.1  0.009999-99.9-99.9-99.9-99.9-9.9 9914.8 83 12.7 -99-99.9-9.9-9.9
5294320180914 24.7  6.9  0.009999-99.9-99.9-99.9-99.9-9.9 9913.3 77 11.1 -99-99.9-9.9-9.9
5294320180915 23.8 10.5  0.009999-99.9-99.9-99.9-99.9-9.9 9913.8 73 11.6 -99-99.9-9.9-9.9
5294320180916 27.0  8.4  0.009999-99.9-99.9-99.9-99.9-9.9 9912.3 65  9.8 -99-99.9-9.9-9.9
5294320180917 27.8  9.6  0.009999-99.9-99.9-99.9-99.9-9.9 9913.6 67 11.2 -99-99.9-9.9-9.9
5294320180918 28.4 13.7  1.519999-99.9-99.9-99.9-99.9-9.9 9914.6 59 12.3 -99-99.9-9.9-9.9
5294320180919 22.7  7.5  0.009999-99.9-99.9-99.9-99.9-9.9 99 9.1 45  5.4 -99-99.9-9.9-9.9
5294320180920 26.2  6.8  0.009999-99.9-99.9-99.9-99.9-9.9 99 9.6 54  6.2 -99-99.9-9.9-9.9
5294320180921 29.0  9.3  0.009999-99.9-99.9-99.9-99.9-9.9 9914.3 64 12.0 -99-99.9-9.9-9.9
5294320180922 34.0 16.4  0.009999-99.9-99.9-99.9-99.9-9.9 9918.2 57 15.5 -99-99.9-9.9-9.9
5294320180923 27.5 12.2  0.009999-99.9-99.9-99.9-99.9-9.9 9911.6 53  8.6 -99-99.9-9.9-9.9
5294320180924 24.5  5.0  0.009999-99.9-99.9-99.9-99.9-9.9 99 9.2 55  5.7 -99-99.9-9.9-9.9
5294320180925 26.7  9.3  0.009999-99.9-99.9-99.9-99.9-9.9 9913.1 61 10.7 -99-99.9-9.9-9.9
5294320180926 25.9 11.1  6.219999-99.9-99.9-99.9-99.9-9.9 9915.7 81 13.5 -99-99.9-9.9-9.9
5294320180927 15.8 12.4 36.219999-99.9-99.9-99.9-99.9-9.9 9914.9 90 12.9 -99-99.9-9.9-9.9
5294320180928 27.1 15.0 44.219999-99.9-99.9-99.9-99.9-9.9 9923.5 96 19.8 -99-99.9-9.9-9.9
5294320180929 24.2 12.9  0.009999-99.9-99.9-99.9-99.9-9.9 9916.1 82 13.8 -99-99.9-9.9-9.9
5294320180930 24.6  8.8  0.009999-99.9-99.9-99.9-99.9-9.9 9913.5 67 11.3 -99-99.9-9.9-9.9
5294320181001 16.4  7.6  0.009999-99.9-99.9-99.9-99.9-9.9 99 8.0 58  3.5 -99-99.9-9.9-9.9
5294320181002 23.0  1.5  0.009999-99.9-99.9-99.9-99.9-9.9 99 8.8 56  5.0 -99-99.9-9.9-9.9
5294320181003 23.3  5.1  0.009999-99.9-99.9-99.9-99.9-9.9 99 8.5 44  4.6 -99-99.9-9.9-9.9
5294320181004 23.7  5.3  0.009999-99.9-99.9-99.9-99.9-9.9 99 8.9 52  5.2 -99-99.9-9.9-9.9
5294320181005 24.1  9.2  0.009999-99.9-99.9-99.9-99.9-9.9 99 9.8 52  6.6 -99-99.9-9.9-9.9
5294320181006 26.5 11.9  0.009999-99.9-99.9-99.9-99.9-9.9 9911.5 50  9.0 -99-99.9-9.9-9.9
5294320181007 30.3 11.2  0.009999-99.9-99.9-99.9-99.9-9.9 9913.2 52 11.1 -99-99.9-9.9-9.9
5294320181008 30.3 13.0  0.009999-99.9-99.9-99.9-99.9-9.9 9915.4 62 13.3 -99-99.9-9.9-9.9
5294320181009 22.6  9.3  0.009999-99.9-99.9-99.9-99.9-9.9 99 9.1 47  5.1 -99-99.9-9.9-9.9
5294320181010 20.7  5.2  0.009999-99.9-99.9-99.9-99.9-9.9 99 7.5 43  2.8 -99-99.9-9.9-9.9
5294320181011 19.4 10.6  0.009999-99.9-99.9-99.9-99.9-9.9 9911.0 71  8.4 -99-99.9-9.9-9.9
5294320181012 22.5  9.9  0.009999-99.9-99.9-99.9-99.9-9.9 9912.9 78 10.8 -99-99.9-9.9-9.9
5294320181013 27.8  6.5  0.009999-99.9-99.9-99.9-99.9-9.9 9911.5 56  8.8 -99-99.9-9.9-9.9
5294320181014 31.0 10.6  0.009999-99.9-99.9-99.9-99.9-9.9 9912.1 48  9.7 -99-99.9-9.9-9.9
5294320181015 32.2  8.9  0.009999-99.9-99.9-99.9-99.9-9.9 9911.5 40  8.8 -99-99.9-9.9-9.9
5294320181016 32.4 11.5  0.009999-99.9-99.9-99.9-99.9-9.9 9914.6 52 12.6 -99-99.9-9.9-9.9
5294320181017 32.0 17.2 19.019999-99.9-99.9-99.9-99.9-9.9 9918.3 62 16.0 -99-99.9-9.9-9.9
5294320181018 26.9 13.8  0.009999-99.9-99.9-99.9-99.9-9.9 9919.5 84 17.0 -99-99.9-9.9-9.9
5294320181019 20.2 11.2  0.819999-99.9-99.9-99.9-99.9-9.9 9915.4 87 13.4 -99-99.9-9.9-9.9
5294320181020 22.4 13.3  2.519999-99.9-99.9-99.9-99.9-9.9 9916.1 83 14.1 -99-99.9-9.9-9.9
5294320181021 18.0 12.6  6.019999-99.9-99.9-99.9-99.9-9.9 9917.5100 15.3 -99-99.9-9.9-9.9
5294320181022 22.9 12.2  0.009999-99.9-99.9-99.9-99.9-9.9 9916.1 89 14.0 -99-99.9-9.9-9.9
5294320181023 22.2  8.1  5.219999-99.9-99.9-99.9-99.9-9.9 9913.0 69 10.8 -99-99.9-9.9-9.9
5294320181024 16.1 11.4  1.019999-99.9-99.9-99.9-99.9-9.9 9914.7 97 12.7 -99-99.9-9.9-9.9
5294320181025 22.8  8.5  0.009999-99.9-99.9-99.9-99.9-9.9 9914.5 81 12.4 -99-99.9-9.9-9.9
5294320181026 25.6 12.0  0.009999-99.9-99.9-99.9-99.9-9.9 9915.5 72 13.5 -99-99.9-9.9-9.9
5294320181027 27.3 10.3  0.009999-99.9-99.9-99.9-99.9-9.9 9915.6 69 13.5 -99-99.9-9.9-9.9
5294320181028 29.3 14.1  6.519999-99.9-99.9-99.9-99.9-9.9 9916.0 60 14.0 -99-99.9-9.9-9.9
5294320181029 26.7 15.2 17.819999-99.9-99.9-99.9-99.9-9.9 9919.6 84 17.1 -99-99.9-9.9-9.9
5294320181030 21.0 16.6 15.019999-99.9-99.9-99.9-99.9-9.9 9919.9100 17.4 -99-99.9-9.9-9.9
5294320181031 18.7 12.4  0.009999-99.9-99.9-99.9-99.9-9.9 9915.8 92 13.8 -99-99.9-9.9-9.9
5294320181101 21.0  7.1  0.009999-99.9-99.9-99.9-99.9-9.9 9912.8 68 10.5 -99-99.9-9.9-9.9
5294320181102 27.1 13.5  0.819999-99.9-99.9-99.9-99.9-9.9 9917.0 76 14.8 -99-99.9-9.9-9.9
5294320181103 29.4 14.4  0.009999-99.9-99.9-99.9-99.9-9.9 9917.5 67 15.4 -99-99.9-9.9-9.9
5294320181104 31.4 15.8  3.819999-99.9-99.9-99.9-99.9-9.9 9917.3 54 15.2 -99-99.9-9.9-9.9
5294320181105 28.9 17.3  0.009999-99.9-99.9-99.9-99.9-9.9 9920.9 72 18.2 -99-99.9-9.9-9.9
5294320181106 26.7 15.8  0.009999-99.9-99.9-99.9-99.9-9.9 9915.2 67 13.2 -99-99.9-9.9-9.9
5294320181107 28.7 13.0  0.009999-99.9-99.9-99.9-99.9-9.9 9913.6 55 11.5 -99-99.9-9.9-9.9
5294320181108 32.5 13.6  0.009999-99.9-99.9-99.9-99.9-9.9 9916.3 53 14.2 -99-99.9-9.9-9.9
5294320181109 36.0 18.0  0.009999-99.9-99.9-99.9-99.9-9.9 9921.8 61 18.8 -99-99.9-9.9-9.9
5294320181110 32.7 20.2-99.999999-99.9-99.9-99.9-99.9-9.9 9922.2 74 19.1 -99-99.9-9.9-9.9
5294320181111 25.6 17.8-99.999999-99.9-99.9-99.9-99.9-9.9 9924.4 94 20.6 -99-99.9-9.9-9.9
5294320181112 22.1 17.6-99.999999-99.9-99.9-99.9-99.9-9.9 9923.5 99 20.0 -99-99.9-9.9-9.9
5294320181113 24.4 14.2-99.999999-99.9-99.9-99.9-99.9-9.9 9916.8 81 14.8 -99-99.9-9.9-9.9
5294320181114 27.4 13.3-99.999999-99.9-99.9-99.9-99.9-9.9 9913.9 60 11.8 -99-99.9-9.9-9.9
5294320181115 29.5 12.1-99.999999-99.9-99.9-99.9-99.9-9.9 9913.7 51 11.6 -99-99.9-9.9-9.9
5294320181116 18.0 10.6-99.999999-99.9-99.9-99.9-99.9-9.9 9914.3 91 12.1 -99-99.9-9.9-9.9
5294320181117 25.3 15.3-99.999999-99.9-99.9-99.9-99.9-9.9 9917.0 73 14.6 -99-99.9-9.9-9.9
5294320181118 27.0  9.2-99.999999-99.9-99.9-99.9-99.9-9.9 9911.1 52  8.4 -99-99.9-9.9-9.9
5294320181119 30.5 10.2-99.999999-99.9-99.9-99.9-99.9-9.9 9913.0 46 10.8 -99-99.9-9.9-9.9
5294320181120 34.6 14.8  0.009999-99.9-99.9-99.9-99.9-9.9 9917.3 50 15.1 -99-99.9-9.9-9.9
5294320181121 36.7 18.4  0.009999-99.9-99.9-99.9-99.9-9.9 9919.9 49 17.3 -99-99.9-9.9-9.9
5294320181122 27.6 17.8  0.009999-99.9-99.9-99.9-99.9-9.9 9917.5 64 15.1 -99-99.9-9.9-9.9
5294320181123 24.8  8.5  0.009999-99.9-99.9-99.9-99.9-9.9 9911.7 60  9.2 -99-99.9-9.9-9.9
5294320181124 27.0 10.1  0.009999-99.9-99.9-99.9-99.9-9.9 9912.9 55 10.7 -99-99.9-9.9-9.9
5294320181125 28.3 10.7  0.009999-99.9-99.9-99.9-99.9-9.9 9914.5 62 12.5 -99-99.9-9.9-9.9
5294320181126 26.2 13.7  0.009999-99.9-99.9-99.9-99.9-9.9 9914.5 61 12.4 -99-99.9-9.9-9.9
5294320181127 26.9 14.2  0.219999-99.9-99.9-99.9-99.9-9.9 9916.8 70 14.7 -99-99.9-9.9-9.9
5294320181128 30.0 12.2  0.009999-99.9-99.9-99.9-99.9-9.9 9915.5 54 13.4 -99-99.9-9.9-9.9
5294320181129 31.3 16.4  0.009999-99.9-99.9-99.9-99.9-9.9 9918.0 58 15.9 -99-99.9-9.9-9.9
5294320181130 32.7 14.1  0.009999-99.9-99.9-99.9-99.9-9.9 9916.6 53 14.5 -99-99.9-9.9-9.9
5294320181201 24.8 10.8  0.009999-99.9-99.9-99.9-99.9-9.9 99 9.7 43  6.4 -99-99.9-9.9-9.9
5294320181202 26.1  8.0  0.009999-99.9-99.9-99.9-99.9-9.9 99 8.4 41  4.3 -99-99.9-9.9-9.9
5294320181203 32.7 10.2  0.009999-99.9-99.9-99.9-99.9-9.9 9913.0 47 10.8 -99-99.9-9.9-9.9
5294320181204 35.1 16.6  0.009999-99.9-99.9-99.9-99.9-9.9 9913.8 42 11.6 -99-99.9-9.9-9.9
5294320181205 29.4 10.8  0.009999-99.9-99.9-99.9-99.9-9.9 9912.8 48 10.6 -99-99.9-9.9-9.9
5294320181206 26.6 13.4  0.009999-99.9-99.9-99.9-99.9-9.9 9911.9 50  9.3 -99-99.9-9.9-9.9
5294320181207 29.9 11.1  0.009999-99.9-99.9-99.9-99.9-9.9 9911.6 44  9.1 -99-99.9-9.9-9.9
5294320181208 32.4 15.2  0.009999-99.9-99.9-99.9-99.9-9.9 9913.0 37 10.9 -99-99.9-9.9-9.9
5294320181209 32.0 15.4  0.009999-99.9-99.9-99.9-99.9-9.9 9916.2 50 14.2 -99-99.9-9.9-9.9
5294320181210 37.8 14.2 44.019999-99.9-99.9-99.9-99.9-9.9 9916.0 38 13.9 -99-99.9-9.9-9.9
5294320181211 31.8 18.6  0.219999-99.9-99.9-99.9-99.9-9.9 9924.1 84 20.5 -99-99.9-9.9-9.9
5294320181212 33.0 15.0  0.009999-99.9-99.9-99.9-99.9-9.9 9917.0 53 14.9 -99-99.9-9.9-9.9
5294320181213 26.9 18.0  5.019999-99.9-99.9-99.9-99.9-9.9 9923.9 94 20.3 -99-99.9-9.9-9.9
5294320181214 27.5 16.3  0.009999-99.9-99.9-99.9-99.9-9.9 9914.0 54 11.4 -99-99.9-9.9-9.9
5294320181215 30.8 10.9  0.009999-99.9-99.9-99.9-99.9-9.9 9912.8 45 10.5 -99-99.9-9.9-9.9
5294320181216 36.3 15.6  5.219999-99.9-99.9-99.9-99.9-9.9 9922.4 60 19.0 -99-99.9-9.9-9.9
5294320181217 27.7 17.9  0.009999-99.9-99.9-99.9-99.9-9.9 9919.6 76 17.1 -99-99.9-9.9-9.9
5294320181218 27.5 11.8  0.009999-99.9-99.9-99.9-99.9-9.9 9914.9 59 12.8 -99-99.9-9.9-9.9
5294320181219 31.6 17.1  0.009999-99.9-99.9-99.9-99.9-9.9 9922.2 72 19.2 -99-99.9-9.9-9.9
5294320181220 29.3 16.4  1.019999-99.9-99.9-99.9-99.9-9.9 9917.7 58 15.5 -99-99.9-9.9-9.9
5294320181221 29.8 15.0  0.009999-99.9-99.9-99.9-99.9-9.9 9917.5 63 15.3 -99-99.9-9.9-9.9
5294320181222 34.9 14.8  0.009999-99.9-99.9-99.9-99.9-9.9 9916.9 48 14.8 -99-99.9-9.9-9.9
5294320181223 36.4 16.6  0.009999-99.9-99.9-99.9-99.9-9.9 9917.3 46 15.2 -99-99.9-9.9-9.9
5294320181224 36.2 18.5  0.009999-99.9-99.9-99.9-99.9-9.9 9916.0 40 14.0 -99-99.9-9.9-9.9
5294320181225 35.9 18.3  0.009999-99.9-99.9-99.9-99.9-9.9 9919.8 51 17.3 -99-99.9-9.9-9.9
5294320181226 36.6 19.1 26.519999-99.9-99.9-99.9-99.9-9.9 9920.5 47 17.9 -99-99.9-9.9-9.9
5294320181227 30.8 19.7  1.219999-99.9-99.9-99.9-99.9-9.9 9924.5 80 20.8 -99-99.9-9.9-9.9
5294320181228 31.6 20.2  0.009999-99.9-99.9-99.9-99.9-9.9 9926.2 74 21.8 -99-99.9-9.9-9.9
5294320181229 33.6 21.5  3.819999-99.9-99.9-99.9-99.9-9.9 9927.5 69 22.6 -99-99.9-9.9-9.9
5294320181230 28.5 14.4  0.009999-99.9-99.9-99.9-99.9-9.9 9913.5 52 11.1 -99-99.9-9.9-9.9
5294320181231 31.9 14.4  0.009999-99.9-99.9-99.9-99.9-9.9 9920.2 63 17.4 -99-99.9-9.9-9.9
5294320190101 36.3 20.3  0.009999-99.9-99.9-99.9-99.9-9.9 9928.2 70 22.8 -99-99.9-9.9-9.9
5294320190102 30.4 21.8  0.009999-99.9-99.9-99.9-99.9-9.9 9926.5 79 21.6 -99-99.9-9.9-9.9
5294320190103 32.1 13.7  0.009999-99.9-99.9-99.9-99.9-9.9 9914.8 48 12.7 -99-99.9-9.9-9.9
5294320190104 32.8 14.3  0.009999-99.9-99.9-99.9-99.9-9.9 9916.6 50 14.5 -99-99.9-9.9-9.9
5294320190105 34.0 16.4 15.019999-99.9-99.9-99.9-99.9-9.9 9921.2 57 18.4 -99-99.9-9.9-9.9
5294320190106 27.9 17.7  0.219999-99.9-99.9-99.9-99.9-9.9 9921.7 87 18.8 -99-99.9-9.9-9.9
5294320190107 31.4 16.7  0.009999-99.9-99.9-99.9-99.9-9.9 9919.6 58 17.1 -99-99.9-9.9-9.9
5294320190108 31.4 18.4  0.219999-99.9-99.9-99.9-99.9-9.9 9923.2 76 19.8 -99-99.9-9.9-9.9
5294320190109 26.1 16.8  0.009999-99.9-99.9-99.9-99.9-9.9 9921.4 84 18.6 -99-99.9-9.9-9.9
5294320190110 23.0 12.4  0.009999-99.9-99.9-99.9-99.9-9.9 9913.2 72 11.1 -99-99.9-9.9-9.9
5294320190111 26.8  9.1  0.009999-99.9-99.9-99.9-99.9-9.9 9915.4 67 13.1 -99-99.9-9.9-9.9
5294320190112 30.1 16.0  0.219999-99.9-99.9-99.9-99.9-9.9 9922.6 74 19.4 -99-99.9-9.9-9.9
5294320190113 30.0 16.9  0.009999-99.9-99.9-99.9-99.9-9.9 9921.8 73 18.9 -99-99.9-9.9-9.9
5294320190114 30.0 16.5  0.009999-99.9-99.9-99.9-99.9-9.9 9923.0 84 19.7 -99-99.9-9.9-9.9
5294320190115 30.6 19.5  0.009999-99.9-99.9-99.9-99.9-9.9 9923.4 79 20.0 -99-99.9-9.9-9.9
5294320190116 34.3 17.6  5.219999-99.9-99.9-99.9-99.9-9.9 9922.7 68 19.4 -99-99.9-9.9-9.9
5294320190117 24.8 14.4  2.219999-99.9-99.9-99.9-99.9-9.9 9917.3 95 15.2 -99-99.9-9.9-9.9
5294320190118 26.1 12.7  0.009999-99.9-99.9-99.9-99.9-9.9 9916.1 69 14.1 -99-99.9-9.9-9.9
5294320190119 27.8 12.8  0.009999-99.9-99.9-99.9-99.9-9.9 9917.1 71 15.0 -99-99.9-9.9-9.9
5294320190120 28.4 15.2  0.009999-99.9-99.9-99.9-99.9-9.9 9918.7 70 16.4 -99-99.9-9.9-9.9
5294320190121 33.5 16.9  0.009999-99.9-99.9-99.9-99.9-9.9 9923.6 70 20.1 -99-99.9-9.9-9.9
5294320190122 35.8 21.5  0.009999-99.9-99.9-99.9-99.9-9.9 9930.0 72 24.0 -99-99.9-9.9-9.9
5294320190123 34.2 23.6  0.009999-99.9-99.9-99.9-99.9-9.9 9930.2 80 24.2 -99-99.9-9.9-9.9
5294320190124 33.1 22.0  4.219999-99.9-99.9-99.9-99.9-9.9 9928.8 75 23.4 -99-99.9-9.9-9.9
5294320190125 27.8 20.6 87.519999-99.9-99.9-99.9-99.9-9.9 9926.6 98 22.1 -99-99.9-9.9-9.9
5294320190126 32.9 21.4  0.219999-99.9-99.9-99.9-99.9-9.9 9928.5 85 23.2 -99-99.9-9.9-9.9
5294320190127 33.2 22.2  0.009999-99.9-99.9-99.9-99.9-9.9 9931.2 85 24.7 -99-99.9-9.9-9.9
5294320190128 36.1 23.7  0.009999-99.9-99.9-99.9-99.9-9.9 9932.6 79 25.5 -99-99.9-9.9-9.9
5294320190129 37.7 22.8  0.009999-99.9-99.9-99.9-99.9-9.9 9932.6 80 25.4 -99-99.9-9.9-9.9
5294320190130 34.2 23.4  0.009999-99.9-99.9-99.9-99.9-9.9 9925.4 69 21.1 -99-99.9-9.9-9.9
5294320190131 33.5 19.0  0.009999-99.9-99.9-99.9-99.9-9.9 9926.6 79 22.0 -99-99.9-9.9-9.9
5294320190201 35.2 21.3  0.009999-99.9-99.9-99.9-99.9-9.9 9924.6 65 20.7 -99-99.9-9.9-9.9
5294320190202 28.8 17.6  0.009999-99.9-99.9-99.9-99.9-9.9 9918.0 62 15.8 -99-99.9-9.9-9.9
5294320190203 26.6 12.7  0.009999-99.9-99.9-99.9-99.9-9.9 9915.3 68 13.3 -99-99.9-9.9-9.9
5294320190204 28.9 13.0  0.009999-99.9-99.9-99.9-99.9-9.9 9917.9 67 15.7 -99-99.9-9.9-9.9
5294320190205 29.8 15.0  0.009999-99.9-99.9-99.9-99.9-9.9 9918.7 66 16.5 -99-99.9-9.9-9.9
5294320190206 30.6 15.7  0.009999-99.9-99.9-99.9-99.9-9.9 9920.2 67 17.7 -99-99.9-9.9-9.9
5294320190207 33.2 17.6  0.009999-99.9-99.9-99.9-99.9-9.9 9922.9 69 19.6 -99-99.9-9.9-9.9
5294320190208 32.8 20.2  9.019999-99.9-99.9-99.9-99.9-9.9 9926.9 78 22.3 -99-99.9-9.9-9.9
5294320190209 34.1 18.7  0.009999-99.9-99.9-99.9-99.9-9.9 9926.9 74 22.2 -99-99.9-9.9-9.9
5294320190210 34.0 20.7  0.009999-99.9-99.9-99.9-99.9-9.9 9924.4 65 20.6 -99-99.9-9.9-9.9
5294320190211 23.6 14.9  0.009999-99.9-99.9-99.9-99.9-9.9 9916.7 76 14.6 -99-99.9-9.9-9.9
5294320190212 24.3  7.8  0.009999-99.9-99.9-99.9-99.9-9.9 9912.2 67  9.9 -99-99.9-9.9-9.9
5294320190213 23.8 11.0  0.009999-99.9-99.9-99.9-99.9-9.9 9914.9 73 12.8 -99-99.9-9.9-9.9
5294320190214 29.3 14.9  0.009999-99.9-99.9-99.9-99.9-9.9 9918.7 72 16.4 -99-99.9-9.9-9.9
5294320190215 31.5 14.9  0.009999-99.9-99.9-99.9-99.9-9.9 9919.2 66 16.9 -99-99.9-9.9-9.9
5294320190216 32.3 14.9  0.009999-99.9-99.9-99.9-99.9-9.9 9919.5 65 17.1 -99-99.9-9.9-9.9
5294320190217 33.4 15.7  0.009999-99.9-99.9-99.9-99.9-9.9 9922.3 70 19.1 -99-99.9-9.9-9.9
5294320190218 36.2 20.1  0.009999-99.9-99.9-99.9-99.9-9.9 9924.6 66 20.8 -99-99.9-9.9-9.9
5294320190219 36.5 19.4  0.009999-99.9-99.9-99.9-99.9-9.9 9924.4 61 20.6 -99-99.9-9.9-9.9
5294320190220 37.6 20.7  0.009999-99.9-99.9-99.9-99.9-9.9 9925.5 63 21.4 -99-99.9-9.9-9.9
5294320190221 36.9 21.7 27.219999-99.9-99.9-99.9-99.9-9.9 9925.6 65 21.3 -99-99.9-9.9-9.9
5294320190222 31.0 20.1  9.019999-99.9-99.9-99.9-99.9-9.9 9927.7 87 22.7 -99-99.9-9.9-9.9
5294320190223 28.6 21.9  0.009999-99.9-99.9-99.9-99.9-9.9 9926.4 88 21.9 -99-99.9-9.9-9.9
5294320190224 26.5 16.2  0.009999-99.9-99.9-99.9-99.9-9.9 9918.7 84 16.4 -99-99.9-9.9-9.9
5294320190225 23.6 11.8  0.009999-99.9-99.9-99.9-99.9-9.9 9913.8 74 11.7 -99-99.9-9.9-9.9
5294320190226 27.0  7.2  0.009999-99.9-99.9-99.9-99.9-9.9 9910.9 52  8.1 -99-99.9-9.9-9.9
5294320190227 31.9  9.7  0.009999-99.9-99.9-99.9-99.9-9.9 9915.4 60 13.2 -99-99.9-9.9-9.9
5294320190228 31.1 11.2  0.009999-99.9-99.9-99.9-99.9-9.9 9917.5 69 15.3 -99-99.9-9.9-9.9
5294320190301 34.2 19.0  0.009999-99.9-99.9-99.9-99.9-9.9 9920.8 63 18.0 -99-99.9-9.9-9.9
5294320190302 28.7 10.7  0.009999-99.9-99.9-99.9-99.9-9.9 9914.6 61 12.5 -99-99.9-9.9-9.9
5294320190303 30.1 15.5 11.219999-99.9-99.9-99.9-99.9-9.9 9920.9 81 18.1 -99-99.9-9.9-9.9
5294320190304 29.5 17.8  0.009999-99.9-99.9-99.9-99.9-9.9 9922.0 87 19.0 -99-99.9-9.9-9.9
5294320190305 29.9 16.5  0.009999-99.9-99.9-99.9-99.9-9.9 9923.0 85 19.7 -99-99.9-9.9-9.9
5294320190306 31.4 20.1  0.009999-99.9-99.9-99.9-99.9-9.9 9925.5 80 21.4 -99-99.9-9.9-9.9
5294320190307 33.0 20.7  0.009999-99.9-99.9-99.9-99.9-9.9 9924.9 79 20.7 -99-99.9-9.9-9.9
5294320190308 21.8 14.8  0.009999-99.9-99.9-99.9-99.9-9.9 9915.8 80 13.8 -99-99.9-9.9-9.9
5294320190309 22.5 12.8  0.009999-99.9-99.9-99.9-99.9-9.9 9913.9 76 11.8 -99-99.9-9.9-9.9
5294320190310 24.9 10.0  0.009999-99.9-99.9-99.9-99.9-9.9 9915.7 79 13.6 -99-99.9-9.9-9.9
5294320190311 23.3 13.0  0.009999-99.9-99.9-99.9-99.9-9.9 9918.5 87 16.2 -99-99.9-9.9-9.9
5294320190312 26.0 16.0  0.009999-99.9-99.9-99.9-99.9-9.9 9918.4 85 16.2 -99-99.9-9.9-9.9
5294320190313 29.0 13.2  0.009999-99.9-99.9-99.9-99.9-9.9 9917.2 72 15.1 -99-99.9-9.9-9.9
5294320190314 29.7 13.8  0.009999-99.9-99.9-99.9-99.9-9.9 9918.0 71 15.8 -99-99.9-9.9-9.9
5294320190315 26.6 16.5  0.009999-99.9-99.9-99.9-99.9-9.9 9919.8 83 17.3 -99-99.9-9.9-9.9
5294320190316 25.2 14.8  0.009999-99.9-99.9-99.9-99.9-9.9 9920.7 96 18.0 -99-99.9-9.9-9.9
5294320190317 28.7 15.5  0.009999-99.9-99.9-99.9-99.9-9.9 9919.3 81 16.9 -99-99.9-9.9-9.9
5294320190318 30.5 11.7  0.009999-99.9-99.9-99.9-99.9-9.9 9917.4 71 15.2 -99-99.9-9.9-9.9
5294320190319 21.9 11.6  0.009999-99.9-99.9-99.9-99.9-9.9 9915.5 87 13.4 -99-99.9-9.9-9.9
5294320190320 22.9  6.8  0.009999-99.9-99.9-99.9-99.9-9.9 9911.4 76  8.8 -99-99.9-9.9-9.9
5294320190321 23.0  6.7  0.009999-99.9-99.9-99.9-99.9-9.9 9911.6 71  9.1 -99-99.9-9.9-9.9
5294320190322 27.2  9.3  0.009999-99.9-99.9-99.9-99.9-9.9 9914.5 70 12.5 -99-99.9-9.9-9.9
5294320190323 29.5 12.0  0.009999-99.9-99.9-99.9-99.9-9.9 9917.4 74 15.2 -99-99.9-9.9-9.9
5294320190324 23.6  9.2  0.009999-99.9-99.9-99.9-99.9-9.9 9912.8 70 10.5 -99-99.9-9.9-9.9
5294320190325 22.1  7.7  0.009999-99.9-99.9-99.9-99.9-9.9 9911.9 76  9.5 -99-99.9-9.9-9.9
5294320190326 22.7  6.3  0.009999-99.9-99.9-99.9-99.9-9.9 9912.0 75  9.6 -99-99.9-9.9-9.9
5294320190327 25.9  9.1  0.009999-99.9-99.9-99.9-99.9-9.9 9914.1 66 12.0 -99-99.9-9.9-9.9
5294320190328 22.5 14.8  0.009999-99.9-99.9-99.9-99.9-9.9 9918.0 81 15.7 -99-99.9-9.9-9.9
5294320190329 30.0 16.1  0.009999-99.9-99.9-99.9-99.9-9.9 9919.3 68 16.9 -99-99.9-9.9-9.9
5294320190330 32.6 15.8  0.009999-99.9-99.9-99.9-99.9-9.9 9921.5 71 18.6 -99-99.9-9.9-9.9
5294320190331 23.8 18.4  0.009999-99.9-99.9-99.9-99.9-9.9 9924.7100 20.9 -99-99.9-9.9-9.9
5294320190401 31.3 19.4  0.009999-99.9-99.9-99.9-99.9-9.9 9925.0 87 21.1 -99-99.9-9.9-9.9
5294320190402 33.4 17.1  0.009999-99.9-99.9-99.9-99.9-9.9 9920.9 76 18.1 -99-99.9-9.9-9.9
5294320190403 30.0 10.7  0.009999-99.9-99.9-99.9-99.9-9.9 9914.1 53 12.0 -99-99.9-9.9-9.9
5294320190404 22.5 12.8  0.009999-99.9-99.9-99.9-99.9-9.9 9915.6 69 13.0 -99-99.9-9.9-9.9
5294320190405 24.5  7.7  0.009999-99.9-99.9-99.9-99.9-9.9 9911.2 63  8.5 -99-99.9-9.9-9.9
5294320190406 28.4  5.8  0.009999-99.9-99.9-99.9-99.9-9.9 9911.2 57  8.6 -99-99.9-9.9-9.9
5294320190407 31.2  6.3  0.009999-99.9-99.9-99.9-99.9-9.9 9911.9 55  9.5 -99-99.9-9.9-9.9
5294320190408 30.0  8.5  0.009999-99.9-99.9-99.9-99.9-9.9 9912.7 56 10.4 -99-99.9-9.9-9.9
5294320190409 29.7 10.6  0.009999-99.9-99.9-99.9-99.9-9.9 9915.9 61 13.9 -99-99.9-9.9-9.9
5294320190410 27.5 14.3  0.009999-99.9-99.9-99.9-99.9-9.9 9918.0 78 15.8 -99-99.9-9.9-9.9
5294320190411-99.9-99.9-99.999999-99.9-99.9-99.9-99.9-9.9 99-9.9-99-99.9 -99-99.9-9.9-9.9
5294320190412 27.8  7.7  0.009999-99.9-99.9-99.9-99.9-9.9 9913.5 64 11.3 -99-99.9-9.9-9.9
5294320190413 28.9 11.4  0.009999-99.9-99.9-99.9-99.9-9.9 9915.9 67 13.9 -99-99.9-9.9-9.9
5294320190414 27.3 13.5  1.219999-99.9-99.9-99.9-99.9-9.9 9913.0 63 10.6 -99-99.9-9.9-9.9
5294320190415 21.8 11.2  0.009999-99.9-99.9-99.9-99.9-9.9 9915.0 90 12.9 -99-99.9-9.9-9.9
5294320190416 24.6  9.5  0.009999-99.9-99.9-99.9-99.9-9.9 9914.2 77 12.1 -99-99.9-9.9-9.9
5294320190417 28.0 10.6  0.009999-99.9-99.9-99.9-99.9-9.9 9916.3 77 14.2 -99-99.9-9.9-9.9
5294320190418 29.3 13.8  0.009999-99.9-99.9-99.9-99.9-9.9 9919.0 76 16.6 -99-99.9-9.9-9.9
5294320190419 31.3 15.4  0.009999-99.9-99.9-99.9-99.9-9.9 9919.0 73 16.5 -99-99.9-9.9-9.9
5294320190420 26.4  7.3  0.009999-99.9-99.9-99.9-99.9-9.9 9911.5 63  9.0 -99-99.9-9.9-9.9
5294320190421-99.9-99.9-99.999999-99.9-99.9-99.9-99.9-9.9 99-9.9-99-99.9 -99-99.9-9.9-9.9
5294320190422 25.0  9.9  0.009999-99.9-99.9-99.9-99.9-9.9 9912.5 71 10.2 -99-99.9-9.9-9.9
5294320190423 22.7 11.4  0.009999-99.9-99.9-99.9-99.9-9.9 9912.7 69 10.5 -99-99.9-9.9-9.9
5294320190424 18.0  6.4  0.009999-99.9-99.9-99.9-99.9-9.9 9913.8 92 11.6 -99-99.9-9.9-9.9
5294320190425 19.3 12.7 26.019999-99.9-99.9-99.9-99.9-9.9 9917.7 99 15.5 -99-99.9-9.9-9.9
5294320190426 21.0 14.3  2.819999-99.9-99.9-99.9-99.9-9.9 9918.4 95 16.2 -99-99.9-9.9-9.9
5294320190427 22.1 12.0  0.009999-99.9-99.9-99.9-99.9-9.9 9916.2 90 14.1 -99-99.9-9.9-9.9
5294320190428 26.4  9.2  0.009999-99.9-99.9-99.9-99.9-9.9 9915.7 85 13.5 -99-99.9-9.9-9.9
5294320190429 21.6 10.2  0.009999-99.9-99.9-99.9-99.9-9.9 9912.2 74  9.6 -99-99.9-9.9-9.9
5294320190430 22.0  7.1  0.009999-99.9-99.9-99.9-99.9-9.9 99 8.5 60  4.5 -99-99.9-9.9-9.9
5294320190501 25.7  4.5  0.009999-99.9-99.9-99.9-99.9-9.9 9911.8 72  9.1 -99-99.9-9.9-9.9
5294320190502 26.3 12.9  0.009999-99.9-99.9-99.9-99.9-9.9 9916.9 83 14.8 -99-99.9-9.9-9.9
5294320190503 27.0 10.0  0.009999-99.9-99.9-99.9-99.9-9.9 9914.1 70 12.1 -99-99.9-9.9-9.9
5294320190504 26.9 14.5  0.009999-99.9-99.9-99.9-99.9-9.9 9915.7 65 13.6 -99-99.9-9.9-9.9
5294320190505 19.3 15.4  0.009999-99.9-99.9-99.9-99.9-9.9 9918.6100 16.2 -99-99.9-9.9-9.9
5294320190506 23.2  6.9  0.009999-99.9-99.9-99.9-99.9-9.9 9912.2 80  9.9 -99-99.9-9.9-9.9
5294320190507 20.1 10.3  0.009999-99.9-99.9-99.9-99.9-9.9 9914.7 90 12.7 -99-99.9-9.9-9.9
5294320190508 19.8  8.1  0.009999-99.9-99.9-99.9-99.9-9.9 9915.4 95 13.2 -99-99.9-9.9-9.9
5294320190509 15.8 13.7 10.819999-99.9-99.9-99.9-99.9-9.9 9916.2 99 14.2 -99-99.9-9.9-9.9
5294320190510-99.9-99.9-99.999999-99.9-99.9-99.9-99.9-9.9 99-9.9-99-99.9 -99-99.9-9.9-9.9
5294320190512-99.9-99.9-99.999999-99.9-99.9-99.9-99.9-9.9 9911.3 68  8.7 -99-99.9-9.9-9.9
5294320190513 25.9  8.1-99.999999-99.9-99.9-99.9-99.9-9.9 9912.9 78 10.7 -99-99.9-9.9-9.9
5294320190514 21.7  7.5-99.999999-99.9-99.9-99.9-99.9-9.9 9912.8 82 10.6 -99-99.9-9.9-9.9
5294320190515 22.7  7.9-99.999999-99.9-99.9-99.9-99.9-9.9 9912.4 78 10.0 -99-99.9-9.9-9.9
5294320190516 21.3  7.8-99.999999-99.9-99.9-99.9-99.9-9.9 9914.0 83 11.8 -99-99.9-9.9-9.9
5294320190517 23.4 13.3-99.999999-99.9-99.9-99.9-99.9-9.9 9917.7 83 15.6 -99-99.9-9.9-9.9
5294320190518 21.1  8.2-99.999999-99.9-99.9-99.9-99.9-9.9 9914.6 80 12.0 -99-99.9-9.9-9.9
5294320190519 20.5  2.2-99.999999-99.9-99.9-99.9-99.9-9.9 99 9.3 76  5.7 -99-99.9-9.9-9.9
5294320190520 13.2  9.4-99.999999-99.9-99.9-99.9-99.9-9.9 9912.4 94 10.1 -99-99.9-9.9-9.9
5294320190521 16.2  8.6-99.999999-99.9-99.9-99.9-99.9-9.9 9912.0 92  9.6 -99-99.9-9.9-9.9
5294320190522 15.3  2.5-99.999999-99.9-99.9-99.9-99.9-9.9 99 8.4 78  4.4 -99-99.9-9.9-9.9
5294320190523 20.3  0.8-99.999999-99.9-99.9-99.9-99.9-9.9 99 9.2 83  5.5 -99-99.9-9.9-9.9
5294320190524-99.9-99.9-99.999999-99.9-99.9-99.9-99.9-9.9 99-9.9 73-99.9 -99-99.9-9.9-9.9
5294320190525 19.9  4.9-99.999999-99.9-99.9-99.9-99.9-9.9 9911.7 84  9.2 -99-99.9-9.9-9.9
5294320190526 20.3  8.3-99.999999-99.9-99.9-99.9-99.9-9.9 9912.7 87 10.4 -99-99.9-9.9-9.9
5294320190527 19.3  5.2-99.999999-99.9-99.9-99.9-99.9-9.9 9911.5 87  8.8 -99-99.9-9.9-9.9
5294320190528-99.9-99.9-99.999999-99.9-99.9-99.9-99.9-9.9 99-9.9-99-99.9 -99-99.9-9.9-9.9
5294320190529 14.1  2.3-99.999999-99.9-99.9-99.9-99.9-9.9 99 9.8 87  6.5 -99-99.9-9.9-9.9
5294320190530 10.9  8.2-99.999999-99.9-99.9-99.9-99.9-9.9 9911.6 99  9.2 -99-99.9-9.9-9.9
5294320190531 14.0  8.9-99.999999-99.9-99.9-99.9-99.9-9.9 9912.5 95 10.2 -99-99.9-9.9-9.9
5294320190601 20.1  5.3-99.999999-99.9-99.9-99.9-99.9-9.9 9911.7 89  9.0 -99-99.9-9.9-9.9
5294320190602-99.9-99.9-99.999999-99.9-99.9-99.9-99.9-9.9 9910.9 82  8.0 -99-99.9-9.9-9.9
5294320190603-99.9-99.9-99.999999-99.9-99.9-99.9-99.9-9.9 9911.7 81  9.1 -99-99.9-9.9-9.9
5294320190604 20.7 10.0-99.999999-99.9-99.9-99.9-99.9-9.9 9913.9 83 11.9 -99-99.9-9.9-9.9
5294320190605 20.5 11.1-99.999999-99.9-99.9-99.9-99.9-9.9 9915.6 86 13.6 -99-99.9-9.9-9.9
5294320190606 17.5  9.9-99.999999-99.9-99.9-99.9-99.9-9.9 9914.7 96 12.5 -99-99.9-9.9-9.9
5294320190607-99.9-99.9-99.999999-99.9-99.9-99.9-99.9-9.9 99-9.9-99-99.9 -99-99.9-9.9-9.9
5294320190608-99.9-99.9-99.999999-99.9-99.9-99.9-99.9-9.9 99-9.9 67-99.9 -99-99.9-9.9-9.9
5294320190609-99.9-99.9-99.999999-99.9-99.9-99.9-99.9-9.9 99 9.5 70  6.1 -99-99.9-9.9-9.9
5294320190610 20.6  7.2-99.999999-99.9-99.9-99.9-99.9-9.9 9912.4 85 10.1 -99-99.9-9.9-9.9
5294320190611 14.7  7.5-99.999999-99.9-99.9-99.9-99.9-9.9 9914.2100 12.1 -99-99.9-9.9-9.9
5294320190612 15.3 12.8-99.999999-99.9-99.9-99.9-99.9-9.9 9916.0100 14.0 -99-99.9-9.9-9.9
5294320190613 14.2 11.5-99.999999-99.9-99.9-99.9-99.9-9.9 9915.0100 13.0 -99-99.9-9.9-9.9
5294320190614-99.9-99.9-99.999999-99.9-99.9-99.9-99.9-9.9 9912.0 96  9.6 -99-99.9-9.9-9.9
5294320190615-99.9-99.9-99.999999-99.9-99.9-99.9-99.9-9.9 99-9.9-99-99.9 -99-99.9-9.9-9.9
5294320190616-99.9-99.9-99.999999-99.9-99.9-99.9-99.9-9.9 99-9.9-99-99.9 -99-99.9-9.9-9.9
5294320190617-99.9-99.9-99.999999-99.9-99.9-99.9-99.9-9.9 99-9.9-99-99.9 -99-99.9-9.9-9.9
5294320190618 17.1  7.9-99.999999-99.9-99.9-99.9-99.9-9.9 99 9.8 68  6.6 -99-99.9-9.9-9.9
5294320190619-99.9-99.9-99.999999-99.9-99.9-99.9-99.9-9.9 99-9.9-99-99.9 -99-99.9-9.9-9.9
5294320190620-99.9-99.9-99.999999-99.9-99.9-99.9-99.9-9.9 99-9.9-99-99.9 -99-99.9-9.9-9.9
5294320190621-99.9-99.9-99.999999-99.9-99.9-99.9-99.9-9.9 9911.8 89  9.3 -99-99.9-9.9-9.9
5294320190622-99.9-99.9-99.999999-99.9-99.9-99.9-99.9-9.9 9912.0 87  9.3 -99-99.9-9.9-9.9
5294320190623 21.4  8.6-99.999999-99.9-99.9-99.9-99.9-9.9 9913.9 88 11.7 -99-99.9-9.9-9.9
5294320190624-99.9-99.9-99.999999-99.9-99.9-99.9-99.9-9.9 9910.9 85  8.1 -99-99.9-9.9-9.9
5294320190625-99.9-99.9-99.999999-99.9-99.9-99.9-99.9-9.9 99-9.9-99-99.9 -99-99.9-9.9-9.9
5294320190626-99.9-99.9-99.999999-99.9-99.9-99.9-99.9-9.9 99 5.8 62 -0.9 -99-99.9-9.9-9.9
5294320190627-99.9-99.9-99.999999-99.9-99.9-99.9-99.9-9.9 99-9.9 72-99.9 -99-99.9-9.9-9.9
5294320190628-99.9-99.9-99.999999-99.9-99.9-99.9-99.9-9.9 99 9.9 84  6.7 -99-99.9-9.9-9.9
5294320190629 10.3  7.8-99.999999-99.9-99.9-99.9-99.9-9.9 9911.4 97  8.9 -99-99.9-9.9-9.9
5294320190630-99.9-99.9-99.999999-99.9-99.9-99.9-99.9-9.9 99-9.9-99-99.9 -99-99.9-9.9-9.9
5294320190701-99.9-99.9-99.999999-99.9-99.9-99.9-99.9-9.9 99-9.9 68-99.9 -99-99.9-9.9-9.9
5294320190702-99.9-99.9-99.999999-99.9-99.9-99.9-99.9-9.9 99-9.9-99-99.9 -99-99.9-9.9-9.9
5294320190703-99.9-99.9-99.999999-99.9-99.9-99.9-99.9-9.9 99-9.9-99-99.9 -99-99.9-9.9-9.9
5294320190704-99.9-99.9-99.999999-99.9-99.9-99.9-99.9-9.9 99-9.9-99-99.9 -99-99.9-9.9-9.9
5294320190705-99.9-99.9-99.999999-99.9-99.9-99.9-99.9-9.9 99-9.9-99-99.9 -99-99.9-9.9-9.9
5294320190706-99.9-99.9-99.999999-99.9-99.9-99.9-99.9-9.9 99 6.7 78  1.1 -99-99.9-9.9-9.9
5294320190707-99.9-99.9-99.999999-99.9-99.9-99.9-99.9-9.9 99-9.9-99-99.9 -99-99.9-9.9-9.9
5294320190708-99.9-99.9-99.999999-99.9-99.9-99.9-99.9-9.9 99 8.1 69  3.8 -99-99.9-9.9-9.9
5294320190709 19.8  1.3-99.999999-99.9-99.9-99.9-99.9-9.9 99 9.3 76  5.9 -99-99.9-9.9-9.9
5294320190710 23.3  4.8-99.999999-99.9-99.9-99.9-99.9-9.9 9911.2 78  8.5 -99-99.9-9.9-9.9
5294320190711 16.9  5.6-99.999999-99.9-99.9-99.9-99.9-9.9 9911.8 87  9.3 -99-99.9-9.9-9.9
5294320190712 19.8  7.4-99.999999-99.9-99.9-99.9-99.9-9.9 99 9.8 72  6.6 -99-99.9-9.9-9.9
5294320190713-99.9-99.9-99.999999-99.9-99.9-99.9-99.9-9.9 99 9.1 86  5.4 -99-99.9-9.9-9.9
5294320190714-99.9-99.9-99.999999-99.9-99.9-99.9-99.9-9.9 99 8.6 78  4.6 -99-99.9-9.9-9.9
5294320190715-99.9-99.9-99.999999-99.9-99.9-99.9-99.9-9.9 99 7.6 76  2.9 -99-99.9-9.9-9.9
5294320190716-99.9-99.9-99.999999-99.9-99.9-99.9-99.9-9.9 99-9.9-99-99.9 -99-99.9-9.9-9.9
5294320190717-99.9-99.9-99.999999-99.9-99.9-99.9-99.9-9.9 99-9.9-99-99.9 -99-99.9-9.9-9.9
5294320190718-99.9-99.9-99.999999-99.9-99.9-99.9-99.9-9.9 99 8.3 76  4.2 -99-99.9-9.9-9.9
5294320190719 18.5 -2.2-99.999999-99.9-99.9-99.9-99.9-9.9 99 8.8 82  4.7 -99-99.9-9.9-9.9
5294320190720-99.9-99.9-99.999999-99.9-99.9-99.9-99.9-9.9 9915.5 93 13.0 -99-99.9-9.9-9.9
5294320190721 19.5 11.9-99.999999-99.9-99.9-99.9-99.9-9.9 9912.5 64  9.0 -99-99.9-9.9-9.9
5294320190722-99.9-99.9-99.999999-99.9-99.9-99.9-99.9-9.9 99 7.0 64  2.0 -99-99.9-9.9-9.9
5294320190723 12.3  3.9-99.999999-99.9-99.9-99.9-99.9-9.9 99 7.8 70  3.4 -99-99.9-9.9-9.9
5294320190724 16.6  5.8-99.999999-99.9-99.9-99.9-99.9-9.9 99 7.0 63  1.8 -99-99.9-9.9-9.9
5294320190725-99.9-99.9-99.999999-99.9-99.9-99.9-99.9-9.9 99-9.9-99-99.9 -99-99.9-9.9-9.9
5294320190726-99.9-99.9-99.999999-99.9-99.9-99.9-99.9-9.9 99-9.9 74-99.9 -99-99.9-9.9-9.9
5294320190727 20.5  0.3  0.009999-99.9-99.9-99.9-99.9-9.9 99 7.5 65  2.8 -99-99.9-9.9-9.9
5294320190728 15.6  5.4-99.999999-99.9-99.9-99.9-99.9-9.9 9910.8 85  8.0 -99-99.9-9.9-9.9
5294320190729 16.6  5.4  0.009999-99.9-99.9-99.9-99.9-9.9 9911.1 93  8.4 -99-99.9-9.9-9.9
5294320190730 23.0  3.2  0.009999-99.9-99.9-99.9-99.9-9.9 9910.6 74  7.7 -99-99.9-9.9-9.9
5294320190731 23.3  5.3  0.009999-99.9-99.9-99.9-99.9-9.9 9910.1 71  6.6 -99-99.9-9.9-9.9
5294320190801 17.8  6.6  0.009999-99.9-99.9-99.9-99.9-9.9 99 6.6 49  1.1 -99-99.9-9.9-9.9
5294320190802 16.1  1.1  0.009999-99.9-99.9-99.9-99.9-9.9 99 5.8 57 -0.8 -99-99.9-9.9-9.9
5294320190803 21.0 -2.8  0.009999-99.9-99.9-99.9-99.9-9.9 99 5.1 55 -2.5 -99-99.9-9.9-9.9
5294320190804-99.9-99.9-99.999999-99.9-99.9-99.9-99.9-9.9 99-9.9 59-99.9 -99-99.9-9.9-9.9
5294320190805 22.6  4.9  0.009999-99.9-99.9-99.9-99.9-9.9 99 8.5 63  4.6 -99-99.9-9.9-9.9
5294320190806 23.0  4.4  0.009999-99.9-99.9-99.9-99.9-9.9 99 8.8 69  5.1 -99-99.9-9.9-9.9
5294320190807 17.5  0.4  0.009999-99.9-99.9-99.9-99.9-9.9 99 6.1 61 -0.0 -99-99.9-9.9-9.9
5294320190808 11.6 -1.1  0.009999-99.9-99.9-99.9-99.9-9.9 99 6.4 68  0.7 -99-99.9-9.9-9.9
5294320190809 15.3  2.6  0.009999-99.9-99.9-99.9-99.9-9.9 99 7.3 71  2.4 -99-99.9-9.9-9.9
5294320190810 22.7 -2.9  0.009999-99.9-99.9-99.9-99.9-9.9 99 5.8 57 -0.8 -99-99.9-9.9-9.9
5294320190811 22.4  1.3  0.009999-99.9-99.9-99.9-99.9-9.9 99 7.3 62  2.4 -99-99.9-9.9-9.9
5294320190812 15.2  1.8  0.009999-99.9-99.9-99.9-99.9-9.9 99 6.7 70  1.2 -99-99.9-9.9-9.9
5294320190813-99.9-99.9-99.999999-99.9-99.9-99.9-99.9-9.9 99-9.9 66-99.9 -99-99.9-9.9-9.9
5294320190814-99.9-99.9-99.999999-99.9-99.9-99.9-99.9-9.9 99-9.9-99-99.9 -99-99.9-9.9-9.9
5294320190815 17.7  0.1  0.009999-99.9-99.9-99.9-99.9-9.9 99 7.5 69  2.9 -99-99.9-9.9-9.9
5294320190816 24.2  1.2  0.009999-99.9-99.9-99.9-99.9-9.9 99 8.6 66  4.6 -99-99.9-9.9-9.9
5294320190817 21.8  6.1  0.009999-99.9-99.9-99.9-99.9-9.9 99 9.3 66  5.9 -99-99.9-9.9-9.9
5294320190818 15.6  2.9  0.009999-99.9-99.9-99.9-99.9-9.9 99 7.9 72  3.5 -99-99.9-9.9-9.9
5294320190819  9.6  3.5  0.009999-99.9-99.9-99.9-99.9-9.9 99 6.6 71  1.0 -99-99.9-9.9-9.9
5294320190820 16.0  4.8  0.009999-99.9-99.9-99.9-99.9-9.9 99 7.1 66  2.0 -99-99.9-9.9-9.9
5294320190821-99.9-99.9-99.999999-99.9-99.9-99.9-99.9-9.9 99-9.9 70-99.9 -99-99.9-9.9-9.9
5294320190822 22.5  4.6  0.009999-99.9-99.9-99.9-99.9-9.9 99 9.3 67  5.8 -99-99.9-9.9-9.9
5294320190823 22.8  5.1  0.009999-99.9-99.9-99.9-99.9-9.9 99 9.9 64  6.8 -99-99.9-9.9-9.9
5294320190824 22.6  6.4  0.009999-99.9-99.9-99.9-99.9-9.9 9910.2 67  7.3 -99-99.9-9.9-9.9
5294320190825 25.1  6.4  0.009999-99.9-99.9-99.9-99.9-9.9 9911.3 69  8.7 -99-99.9-9.9-9.9
5294320190826 23.8  6.7  0.009999-99.9-99.9-99.9-99.9-9.9 9914.8 87 12.5 -99-99.9-9.9-9.9
5294320190827 27.3 10.6  0.009999-99.9-99.9-99.9-99.9-9.9 9918.2 82 15.9 -99-99.9-9.9-9.9
5294320190828 30.1 16.2  0.519999-99.9-99.9-99.9-99.9-9.9 9920.3 76 17.7 -99-99.9-9.9-9.9
5294320190829 22.6  8.1  0.009999-99.9-99.9-99.9-99.9-9.9 9910.2 64  6.6 -99-99.9-9.9-9.9
5294320190830 19.7  7.2  0.009999-99.9-99.9-99.9-99.9-9.9 99 8.7 58  4.9 -99-99.9-9.9-9.9
5294320190831 21.1  2.6  0.009999-99.9-99.9-99.9-99.9-9.9 99 6.6 53  0.9 -99-99.9-9.9-9.9
5294320190901-99.9-99.9-99.999999-99.9-99.9-99.9-99.9-9.9 99 5.5 52 -1.6 -99-99.9-9.9-9.9
5294320190902 14.4  1.0  0.009999-99.9-99.9-99.9-99.9-9.9 99 5.3 56 -2.2 -99-99.9-9.9-9.9
5294320190903 16.3 -7.9  0.009999-99.9-99.9-99.9-99.9-9.9 99 3.7 43 -6.9 -99-99.9-9.9-9.9
5294320190904 15.9 -3.5  0.009999-99.9-99.9-99.9-99.9-9.9 99 5.2 59 -2.4 -99-99.9-9.9-9.9
5294320190905-99.9-99.9-99.999999-99.9-99.9-99.9-99.9-9.9 99-9.9 56-99.9 -99-99.9-9.9-9.9
5294320190906 19.7  3.1  0.009999-99.9-99.9-99.9-99.9-9.9 99 8.5 70  4.6 -99-99.9-9.9-9.9
5294320190907 21.9  3.4  0.009999-99.9-99.9-99.9-99.9-9.9 9910.5 75  7.6 -99-99.9-9.9-9.9
5294320190908 23.9  3.9  0.009999-99.9-99.9-99.9-99.9-9.9 9911.1 73  8.4 -99-99.9-9.9-9.9
5294320190909 12.7 10.3  9.219999-99.9-99.9-99.9-99.9-9.9 9912.9100 10.7 -99-99.9-9.9-9.9
5294320190910 20.3  6.5  0.009999-99.9-99.9-99.9-99.9-9.9 9911.6 74  9.1 -99-99.9-9.9-9.9
5294320190911 12.5  6.8  1.519999-99.9-99.9-99.9-99.9-9.9 9910.8100  8.0 -99-99.9-9.9-9.9
5294320190912 20.8 -0.3  0.009999-99.9-99.9-99.9-99.9-9.9 99 8.6 67  4.5 -99-99.9-9.9-9.9
5294320190913 21.8  4.4  0.009999-99.9-99.9-99.9-99.9-9.9 99 9.9 67  6.7 -99-99.9-9.9-9.9
5294320190914 24.8  4.2  0.009999-99.9-99.9-99.9-99.9-9.9 9911.9 69  9.3 -99-99.9-9.9-9.9
5294320190915 29.1 10.0  0.009999-99.9-99.9-99.9-99.9-9.9 9913.9 70 11.8 -99-99.9-9.9-9.9
5294320190916 20.0  8.0  0.009999-99.9-99.9-99.9-99.9-9.9 99 7.5 45  2.3 -99-99.9-9.9-9.9
5294320190917-99.9-99.9-99.999999-99.9-99.9-99.9-99.9-9.9 99 7.5 53  2.7 -99-99.9-9.9-9.9
5294320190918 27.4  5.3  0.009999-99.9-99.9-99.9-99.9-9.9 99 9.2 50  5.7 -99-99.9-9.9-9.9
5294320190919 17.5  6.2  0.009999-99.9-99.9-99.9-99.9-9.9 99 5.5 37 -1.8 -99-99.9-9.9-9.9
5294320190920 22.1  1.1  0.009999-99.9-99.9-99.9-99.9-9.9 99 5.4 39 -1.9 -99-99.9-9.9-9.9
5294320190921 23.4  2.9  0.009999-99.9-99.9-99.9-99.9-9.9 99 5.8 39 -0.6 -99-99.9-9.9-9.9
5294320190922 25.0  2.6  0.009999-99.9-99.9-99.9-99.9-9.9 99 8.0 48  3.6 -99-99.9-9.9-9.9
5294320190923 27.7  7.1  0.009999-99.9-99.9-99.9-99.9-9.9 99 9.4 48  6.0 -99-99.9-9.9-9.9
5294320190924 31.7  7.3  0.009999-99.9-99.9-99.9-99.9-9.9 9910.0 44  6.9 -99-99.9-9.9-9.9
5294320190925 33.7  8.1  0.009999-99.9-99.9-99.9-99.9-9.9 99 9.8 40  6.6 -99-99.9-9.9-9.9
5294320190926 33.7  8.6  0.009999-99.9-99.9-99.9-99.9-9.9 9910.1 34  7.1 -99-99.9-9.9-9.9
5294320190927 29.0 12.9  0.009999-99.9-99.9-99.9-99.9-9.9 9911.6 48  9.2 -99-99.9-9.9-9.9
5294320190928 31.5 13.4  0.009999-99.9-99.9-99.9-99.9-9.9 9913.5 54 11.4 -99-99.9-9.9-9.9
5294320190929 34.6 13.4  0.009999-99.9-99.9-99.9-99.9-9.9 9916.0 50 14.0 -99-99.9-9.9-9.9
5294320190930 26.8 13.9  1.819999-99.9-99.9-99.9-99.9-9.9 9911.6 43  8.5 -99-99.9-9.9-9.9
5294320191001 22.3  8.0  0.009999-99.9-99.9-99.9-99.9-9.9 99 8.0 42  3.1 -99-99.9-9.9-9.9
5294320191002 22.8  3.5  0.009999-99.9-99.9-99.9-99.9-9.9 99 6.7 40  1.0 -99-99.9-9.9-9.9
5294320191003 14.1  4.3  0.009999-99.9-99.9-99.9-99.9-9.9 99 8.2 62  4.0 -99-99.9-9.9-9.9
5294320191004 12.8  7.0  0.219999-99.9-99.9-99.9-99.9-9.9 9910.8 97  8.0 -99-99.9-9.9-9.9
5294320191005-99.9-99.9-99.999999-99.9-99.9-99.9-99.9-9.9 99-9.9-99-99.9 -99-99.9-9.9-9.9
5294320191006-99.9-99.9  0.009999-99.9-99.9-99.9-99.9-9.9 99 9.8 49  6.7 -99-99.9-9.9-9.9
5294320191007 25.1  9.3  0.009999-99.9-99.9-99.9-99.9-9.9 99 8.6 37  4.6 -99-99.9-9.9-9.9
5294320191008 28.8  6.1  0.009999-99.9-99.9-99.9-99.9-9.9 99 8.0 38  3.7 -99-99.9-9.9-9.9
5294320191009 30.8 10.3  0.009999-99.9-99.9-99.9-99.9-9.9 9915.6 55 13.3 -99-99.9-9.9-9.9
5294320191010 33.1 13.8  0.009999-99.9-99.9-99.9-99.9-9.9 9919.2 58 16.8 -99-99.9-9.9-9.9
5294320191011 32.4 19.0 21.019999-99.9-99.9-99.9-99.9-9.9 9918.4 60 16.0 -99-99.9-9.9-9.9
5294320191012 28.1 17.6  0.009999-99.9-99.9-99.9-99.9-9.9 9922.1 93 19.1 -99-99.9-9.9-9.9
5294320191013 22.2 11.7  0.009999-99.9-99.9-99.9-99.9-9.9 9912.3 61  9.7 -99-99.9-9.9-9.9
5294320191014-99.9-99.9-99.999999-99.9-99.9-99.9-99.9-9.9 99-9.9-99-99.9 -99-99.9-9.9-9.9
5294320191022-99.9-99.9-99.999999-99.9-99.9-99.9-99.9-9.9 99-9.9-99-99.9 -99-99.9-9.9-9.9
5294320191023-99.9-99.9-99.999999-99.9-99.9-99.9-99.9-9.9 99-9.9-99-99.9 -99-99.9-9.9-9.9
5294320191024-99.9-99.9-99.999999-99.9-99.9-99.9-99.9-9.9 99-9.9-99-99.9 -99-99.9-9.9-9.9
5294320191025 30.5 11.5  0.009999-99.9-99.9-99.9-99.9-9.9 9918.7 74 16.3 -99-99.9-9.9-9.9
5294320191026 31.7 16.5  0.519999-99.9-99.9-99.9-99.9-9.9 9916.5 51 14.5 -99-99.9-9.9-9.9
5294320191027 28.1 16.0  0.219999-99.9-99.9-99.9-99.9-9.9 9919.5 78 17.1 -99-99.9-9.9-9.9
5294320191028 24.8 11.5  0.009999-99.9-99.9-99.9-99.9-9.9 9917.7 81 15.4 -99-99.9-9.9-9.9
5294320191029 26.2  9.8  0.009999-99.9-99.9-99.9-99.9-9.9 9915.8 82 13.8 -99-99.9-9.9-9.9
5294320191030 26.1 14.4  0.009999-99.9-99.9-99.9-99.9-9.9 9913.3 57 11.1 -99-99.9-9.9-9.9
5294320191031 27.4  9.5  0.009999-99.9-99.9-99.9-99.9-9.9 9913.1 56 10.9 -99-99.9-9.9-9.9
5294320191101 26.7 16.2  0.009999-99.9-99.9-99.9-99.9-9.9 9920.8 83 18.0 -99-99.9-9.9-9.9
5294320191102 26.7 16.1  0.009999-99.9-99.9-99.9-99.9-9.9 9913.3 51 10.7 -99-99.9-9.9-9.9
5294320191103 29.6  9.2  0.009999-99.9-99.9-99.9-99.9-9.9 9913.2 53 10.9 -99-99.9-9.9-9.9
5294320191104 30.7 16.1  0.009999-99.9-99.9-99.9-99.9-9.9 9915.3 54 12.7 -99-99.9-9.9-9.9
5294320191105 29.7  9.1  0.009999-99.9-99.9-99.9-99.9-9.9 9911.1 46  8.3 -99-99.9-9.9-9.9
5294320191106 31.0 16.1  0.009999-99.9-99.9-99.9-99.9-9.9 9915.0 51 13.0 -99-99.9-9.9-9.9
5294320191107 33.0 12.8  0.009999-99.9-99.9-99.9-99.9-9.9 9912.8 41 10.5 -99-99.9-9.9-9.9
5294320191108 33.6 13.1  0.009999-99.9-99.9-99.9-99.9-9.9 9914.5 53 12.4 -99-99.9-9.9-9.9
5294320191109 29.8 11.5  0.009999-99.9-99.9-99.9-99.9-9.9 9915.6 63 13.3 -99-99.9-9.9-9.9
5294320191110 27.2 14.8  0.009999-99.9-99.9-99.9-99.9-9.9 9919.2 75 16.8 -99-99.9-9.9-9.9
5294320191111 31.7 16.8  0.009999-99.9-99.9-99.9-99.9-9.9 9919.9 68 17.3 -99-99.9-9.9-9.9
5294320191112 32.8 17.9  0.009999-99.9-99.9-99.9-99.9-9.9 9920.1 68 17.6 -99-99.9-9.9-9.9
5294320191113 35.3 17.9  0.009999-99.9-99.9-99.9-99.9-9.9 9921.0 58 18.2 -99-99.9-9.9-9.9
5294320191114 35.3 16.3  0.009999-99.9-99.9-99.9-99.9-9.9 9914.2 39 11.8 -99-99.9-9.9-9.9
5294320191115 37.2 15.3  0.219999-99.9-99.9-99.9-99.9-9.9 9918.5 53 16.1 -99-99.9-9.9-9.9
5294320191116 30.8 17.5  0.009999-99.9-99.9-99.9-99.9-9.9 9922.8 76 19.6 -99-99.9-9.9-9.9
5294320191117 27.8 18.1  0.009999-99.9-99.9-99.9-99.9-9.9 9920.1 80 17.5 -99-99.9-9.9-9.9
5294320191118 32.5 18.1  0.009999-99.9-99.9-99.9-99.9-9.9 9921.0 68 18.3 -99-99.9-9.9-9.9
5294320191119 32.9 17.0  0.009999-99.9-99.9-99.9-99.9-9.9 9920.0 61 17.5 -99-99.9-9.9-9.9
5294320191120 38.5 18.1  0.009999-99.9-99.9-99.9-99.9-9.9 9920.6 52 17.9 -99-99.9-9.9-9.9
5294320191121 36.5 19.8  0.009999-99.9-99.9-99.9-99.9-9.9 9922.4 58 19.3 -99-99.9-9.9-9.9
5294320191122 28.5 17.0  0.009999-99.9-99.9-99.9-99.9-9.9 9919.2 76 16.6 -99-99.9-9.9-9.9
5294320191123-99.9-99.9-99.999999-99.9-99.9-99.9-99.9-9.9 99-9.9-99-99.9 -99-99.9-9.9-9.9
5294320191124 29.1 15.0  0.009999-99.9-99.9-99.9-99.9-9.9 9915.7 54 13.7 -99-99.9-9.9-9.9
5294320191125-99.9-99.9-99.999999-99.9-99.9-99.9-99.9-9.9 99-9.9 93-99.9 -99-99.9-9.9-9.9
5294320191126-99.9-99.9-99.999999-99.9-99.9-99.9-99.9-9.9 9913.7 69 11.5 -99-99.9-9.9-9.9
5294320191127 28.4 10.1-99.999999-99.9-99.9-99.9-99.9-9.9 9912.1 44  9.7 -99-99.9-9.9-9.9
5294320191128 33.0 12.7-99.999999-99.9-99.9-99.9-99.9-9.9 9913.3 40 11.1 -99-99.9-9.9-9.9
5294320191129 33.3 16.2-99.999999-99.9-99.9-99.9-99.9-9.9 9915.2 48 13.0 -99-99.9-9.9-9.9
5294320191130-99.9-99.9-99.999999-99.9-99.9-99.9-99.9-9.9 99-9.9-99-99.9 -99-99.9-9.9-9.9
5294320191201-99.9-99.9-99.999999-99.9-99.9-99.9-99.9-9.9 99-9.9-99-99.9 -99-99.9-9.9-9.9
5294320191202-99.9-99.9-99.999999-99.9-99.9-99.9-99.9-9.9 9912.5 40 10.2 -99-99.9-9.9-9.9
5294320191203 29.6 16.4  0.009999-99.9-99.9-99.9-99.9-9.9 9916.0 60 13.6 -99-99.9-9.9-9.9
5294320191204 23.4 13.9  0.009999-99.9-99.9-99.9-99.9-9.9 9911.0 54  8.2 -99-99.9-9.9-9.9
5294320191205 32.6  6.6  0.009999-99.9-99.9-99.9-99.9-9.9 99 9.8 38  6.5 -99-99.9-9.9-9.9
5294320191206 34.4 13.7  0.009999-99.9-99.9-99.9-99.9-9.9 9911.5 36  8.9 -99-99.9-9.9-9.9
5294320191207 23.5 12.9  0.009999-99.9-99.9-99.9-99.9-9.9 9915.1 72 12.8 -99-99.9-9.9-9.9
5294320191208 36.2 15.0  0.009999-99.9-99.9-99.9-99.9-9.9 9915.4 42 13.3 -99-99.9-9.9-9.9
5294320191209 39.7 15.1  0.009999-99.9-99.9-99.9-99.9-9.9 9914.3 30 12.1 -99-99.9-9.9-9.9
5294320191210 41.6 19.1  0.009999-99.9-99.9-99.9-99.9-9.9 9915.3 34 13.3 -99-99.9-9.9-9.9
5294320191211 40.3 19.2  0.009999-99.9-99.9-99.9-99.9-9.9 9919.2 55 16.7 -99-99.9-9.9-9.9
5294320191212 27.4 15.1  0.009999-99.9-99.9-99.9-99.9-9.9 99 7.9 29  3.2 -99-99.9-9.9-9.9
5294320191213 31.3  9.1  0.009999-99.9-99.9-99.9-99.9-9.9 9910.2 38  7.2 -99-99.9-9.9-9.9
5294320191214 34.8 14.6  0.009999-99.9-99.9-99.9-99.9-9.9 9915.8 46 13.8 -99-99.9-9.9-9.9
5294320191215 32.0 16.0  0.009999-99.9-99.9-99.9-99.9-9.9 9916.9 57 14.7 -99-99.9-9.9-9.9
5294320191216 33.3 11.3  0.009999-99.9-99.9-99.9-99.9-9.9 9911.8 36  9.2 -99-99.9-9.9-9.9
5294320191217 36.8 11.4  0.009999-99.9-99.9-99.9-99.9-9.9 9913.0 36 10.8 -99-99.9-9.9-9.9
5294320191218 37.3 18.2  0.009999-99.9-99.9-99.9-99.9-9.9 9914.8 36 12.8 -99-99.9-9.9-9.9
5294320191219 37.0 19.1  0.009999-99.9-99.9-99.9-99.9-9.9 9916.5 38 14.5 -99-99.9-9.9-9.9
5294320191220 29.4 16.0  0.009999-99.9-99.9-99.9-99.9-9.9 9918.9 84 16.6 -99-99.9-9.9-9.9
5294320191221 27.5  9.4  0.009999-99.9-99.9-99.9-99.9-9.9 9912.4 54 10.0 -99-99.9-9.9-9.9
5294320191222 31.0 10.9  0.009999-99.9-99.9-99.9-99.9-9.9 9911.8 47  9.4 -99-99.9-9.9-9.9
5294320191223 34.4 12.9  0.009999-99.9-99.9-99.9-99.9-9.9 9916.2 48 14.1 -99-99.9-9.9-9.9
5294320191224 38.9 20.2  0.219999-99.9-99.9-99.9-99.9-9.9 9917.3 39 15.1 -99-99.9-9.9-9.9
5294320191225 26.3 13.7  0.009999-99.9-99.9-99.9-99.9-9.9 9915.8 91 13.8 -99-99.9-9.9-9.9
5294320191226 25.6 11.2  0.009999-99.9-99.9-99.9-99.9-9.9 9918.8 84 16.3 -99-99.9-9.9-9.9
5294320191227 33.9 20.0  0.009999-99.9-99.9-99.9-99.9-9.9 9928.7 77 23.3 -99-99.9-9.9-9.9
5294320191228 29.6 19.5  0.009999-99.9-99.9-99.9-99.9-9.9 9926.5100 22.0 -99-99.9-9.9-9.9
5294320191229 28.6 20.8  0.009999-99.9-99.9-99.9-99.9-9.9 9927.4 96 22.6 -99-99.9-9.9-9.9
5294320191230 30.4 21.3  0.009999-99.9-99.9-99.9-99.9-9.9 9926.7 88 22.1 -99-99.9-9.9-9.9
5294320191231 34.5 20.4  0.009999-99.9-99.9-99.9-99.9-9.9 9925.2 80 21.2 -99-99.9-9.9-9.9
5294320200101 30.6 16.1-99.999999-99.9-99.9-99.9-99.9-9.9 9921.5 76 18.6 -99-99.9-9.9-9.9
5294320200102 29.9 17.4-99.999999-99.9-99.9-99.9-99.9-9.9 9920.9 76 18.2 -99-99.9-9.9-9.9
5294320200103 32.0 18.2-99.999999-99.9-99.9-99.9-99.9-9.9 9921.4 65 18.6 -99-99.9-9.9-9.9
5294320200104 32.7 17.7-99.999999-99.9-99.9-99.9-99.9-9.9 9921.0 59 18.3 -99-99.9-9.9-9.9
5294320200105 29.2 16.9-99.999999-99.9-99.9-99.9-99.9-9.9 9922.6 89 19.4 -99-99.9-9.9-9.9
5294320200106 25.0 15.4-99.999999-99.9-99.9-99.9-99.9-9.9 9914.7 61 12.5 -99-99.9-9.9-9.9
5294320200107 31.6 12.9-99.999999-99.9-99.9-99.9-99.9-9.9 9917.5 61 15.4 -99-99.9-9.9-9.9
5294320200108 33.1 17.6-99.999999-99.9-99.9-99.9-99.9-9.9 9920.1 57 17.5 -99-99.9-9.9-9.9
5294320200109 30.7 16.6-99.999999-99.9-99.9-99.9-99.9-9.9 9916.2 55 13.9 -99-99.9-9.9-9.9
5294320200110 31.9 17.7-99.999999-99.9-99.9-99.9-99.9-9.9 9915.8 54 13.8 -99-99.9-9.9-9.9
5294320200111 33.6 16.0-99.999999-99.9-99.9-99.9-99.9-9.9 9920.9 60 18.0 -99-99.9-9.9-9.9
5294320200112 30.3 20.1-99.999999-99.9-99.9-99.9-99.9-9.9 9924.2 78 20.5 -99-99.9-9.9-9.9
5294320200113 31.7 17.1-99.999999-99.9-99.9-99.9-99.9-9.9 9922.5 83 19.1 -99-99.9-9.9-9.9
5294320200114 32.5 20.4-99.999999-99.9-99.9-99.9-99.9-9.9 9928.9 85 23.4 -99-99.9-9.9-9.9
5294320200115 27.6 16.8-99.999999-99.9-99.9-99.9-99.9-9.9 9917.0 60 14.4 -99-99.9-9.9-9.9
5294320200116 27.7 12.0-99.999999-99.9-99.9-99.9-99.9-9.9 9915.1 60 13.0 -99-99.9-9.9-9.9
5294320200117 29.1 13.1-99.999999-99.9-99.9-99.9-99.9-9.9 9917.7 65 15.5 -99-99.9-9.9-9.9
5294320200118 31.6 17.5-99.999999-99.9-99.9-99.9-99.9-9.9 9920.5 63 17.8 -99-99.9-9.9-9.9
5294320200119 35.5 19.2-99.999999-99.9-99.9-99.9-99.9-9.9 9926.6 68 21.9 -99-99.9-9.9-9.9
5294320200120 36.7 24.5-99.999999-99.9-99.9-99.9-99.9-9.9 9931.3 70 24.7 -99-99.9-9.9-9.9
5294320200121 32.4 20.6-99.999999-99.9-99.9-99.9-99.9-9.9 9925.0 74 21.1 -99-99.9-9.9-9.9
5294320200122 33.8 20.6-99.999999-99.9-99.9-99.9-99.9-9.9 9925.8 69 21.6 -99-99.9-9.9-9.9
5294320200123 33.9 20.8-99.999999-99.9-99.9-99.9-99.9-9.9 9926.1 73 21.8 -99-99.9-9.9-9.9
5294320200124 36.2 21.1-99.999999-99.9-99.9-99.9-99.9-9.9 9925.0 62 21.1 -99-99.9-9.9-9.9
5294320200125 34.8 17.7-99.999999-99.9-99.9-99.9-99.9-9.9 9919.0 52 16.6 -99-99.9-9.9-9.9
5294320200126 35.3 17.7-99.999999-99.9-99.9-99.9-99.9-9.9 9918.6 52 16.3 -99-99.9-9.9-9.9
5294320200127-99.9-99.9-99.999999-99.9-99.9-99.9-99.9-9.9 9913.6 60 11.5 -99-99.9-9.9-9.9
5294320200128 32.8 15.7-99.999999-99.9-99.9-99.9-99.9-9.9 9917.8 57 15.6 -99-99.9-9.9-9.9
5294320200129 28.2 18.0-99.999999-99.9-99.9-99.9-99.9-9.9 9920.8 80 18.1 -99-99.9-9.9-9.9
5294320200130-99.9-99.9-99.999999-99.9-99.9-99.9-99.9-9.9 99-9.9-99-99.9 -99-99.9-9.9-9.9
5294320200131 32.7 13.6-99.999999-99.9-99.9-99.9-99.9-9.9 9917.1 56 14.9 -99-99.9-9.9-9.9
5294320200201 33.5 16.0-99.999999-99.9-99.9-99.9-99.9-9.9 9920.3 65 17.7 -99-99.9-9.9-9.9
5294320200202 35.5 19.3-99.999999-99.9-99.9-99.9-99.9-9.9 9921.5 56 18.6 -99-99.9-9.9-9.9
5294320200203 35.8 20.5-99.999999-99.9-99.9-99.9-99.9-9.9 9922.1 55 19.1 -99-99.9-9.9-9.9
5294320200204 37.2 20.2-99.999999-99.9-99.9-99.9-99.9-9.9 9924.6 69 20.7 -99-99.9-9.9-9.9
5294320200205 24.6 19.3-99.999999-99.9-99.9-99.9-99.9-9.9 9924.7 94 20.9 -99-99.9-9.9-9.9
5294320200206 31.5 19.3-99.999999-99.9-99.9-99.9-99.9-9.9 9926.0 86 21.7 -99-99.9-9.9-9.9
5294320200207 27.4 22.2-99.999999-99.9-99.9-99.9-99.9-9.9 9927.2 91 22.4 -99-99.9-9.9-9.9
5294320200208 30.0 20.2-99.999999-99.9-99.9-99.9-99.9-9.9 9923.8 86 20.2 -99-99.9-9.9-9.9
5294320200209 28.1 16.6-99.999999-99.9-99.9-99.9-99.9-9.9 9918.9 77 16.6 -99-99.9-9.9-9.9
5294320200210-99.9-99.9-99.999999-99.9-99.9-99.9-99.9-9.9 99-9.9-99-99.9 -99-99.9-9.9-9.9
5294320200211 28.8 14.4-99.999999-99.9-99.9-99.9-99.9-9.9 9917.9 69 15.8 -99-99.9-9.9-9.9
5294320200212 30.6 17.1-99.999999-99.9-99.9-99.9-99.9-9.9 9919.6 65 17.1 -99-99.9-9.9-9.9
5294320200213 31.4 19.0-99.999999-99.9-99.9-99.9-99.9-9.9 9922.7 75 19.5 -99-99.9-9.9-9.9
5294320200214 32.6 16.7-99.999999-99.9-99.9-99.9-99.9-9.9 9918.5 71 16.1 -99-99.9-9.9-9.9
5294320200215 34.4 16.6-99.999999-99.9-99.9-99.9-99.9-9.9 9923.8 72 20.1 -99-99.9-9.9-9.9
5294320200216 31.7 20.8-99.999999-99.9-99.9-99.9-99.9-9.9 9927.1 84 22.4 -99-99.9-9.9-9.9
5294320200217 24.3 19.9-99.999999-99.9-99.9-99.9-99.9-9.9 9925.1 89 20.9 -99-99.9-9.9-9.9
5294320200218 28.6 12.0  0.009999-99.9-99.9-99.9-99.9-9.9 9913.9 63 11.8 -99-99.9-9.9-9.9
5294320200219 32.1 11.8  0.009999-99.9-99.9-99.9-99.9-9.9 9917.6 68 15.3 -99-99.9-9.9-9.9
5294320200220-99.9-99.9-99.999999-99.9-99.9-99.9-99.9-9.9 99-9.9-99-99.9 -99-99.9-9.9-9.9
5294320200221 24.5  8.5  0.009999-99.9-99.9-99.9-99.9-9.9 9912.2 64  9.8 -99-99.9-9.9-9.9
5294320200222 25.6  9.1  0.009999-99.9-99.9-99.9-99.9-9.9 9913.6 68 11.5 -99-99.9-9.9-9.9
5294320200223 28.0 14.5  0.009999-99.9-99.9-99.9-99.9-9.9 9915.7 65 13.7 -99-99.9-9.9-9.9
5294320200224 32.0 15.2  0.009999-99.9-99.9-99.9-99.9-9.9 9917.1 60 15.0 -99-99.9-9.9-9.9
5294320200225 28.9 13.3  0.009999-99.9-99.9-99.9-99.9-9.9 9912.6 50 10.3 -99-99.9-9.9-9.9
5294320200226 31.2 10.3  0.009999-99.9-99.9-99.9-99.9-9.9 9912.7 57 10.4 -99-99.9-9.9-9.9
5294320200227 32.1 11.6  0.009999-99.9-99.9-99.9-99.9-9.9 9916.3 65 14.3 -99-99.9-9.9-9.9
5294320200228 35.7 14.7  0.009999-99.9-99.9-99.9-99.9-9.9 9919.5 61 17.0 -99-99.9-9.9-9.9
5294320200229 36.5 17.9  0.009999-99.9-99.9-99.9-99.9-9.9 9921.4 59 18.6 -99-99.9-9.9-9.9
5294320200301 34.3 18.3  0.009999-99.9-99.9-99.9-99.9-9.9 9919.7 58 17.2 -99-99.9-9.9-9.9
5294320200302 33.9 16.0  0.009999-99.9-99.9-99.9-99.9-9.9 9918.6 57 16.4 -99-99.9-9.9-9.9
5294320200303 33.6 15.6  0.009999-99.9-99.9-99.9-99.9-9.9 9918.2 56 16.0 -99-99.9-9.9-9.9
5294320200304 34.9 17.5  0.009999-99.9-99.9-99.9-99.9-9.9 9919.5 62 17.1 -99-99.9-9.9-9.9
5294320200305 34.1 18.2  0.009999-99.9-99.9-99.9-99.9-9.9 9918.6 53 16.3 -99-99.9-9.9-9.9
5294320200306 33.0 18.3  0.009999-99.9-99.9-99.9-99.9-9.9 9920.8 64 18.1 -99-99.9-9.9-9.9
5294320200307 33.3 19.2  0.009999-99.9-99.9-99.9-99.9-9.9 9920.5 59 17.9 -99-99.9-9.9-9.9
5294320200308 36.9 19.6  0.009999-99.9-99.9-99.9-99.9-9.9 9922.3 64 19.2 -99-99.9-9.9-9.9
5294320200309 24.1 18.0  7.219999-99.9-99.9-99.9-99.9-9.9 9922.1 95 19.1 -99-99.9-9.9-9.9
5294320200310 30.0 17.8  3.219999-99.9-99.9-99.9-99.9-9.9 9923.5 86 20.1 -99-99.9-9.9-9.9
5294320200311 23.4 17.7 56.019999-99.9-99.9-99.9-99.9-9.9 9921.5100 18.7 -99-99.9-9.9-9.9
5294320200312 30.2 15.6  0.009999-99.9-99.9-99.9-99.9-9.9 9923.4 83 19.9 -99-99.9-9.9-9.9
5294320200313 34.5 21.0  0.009999-99.9-99.9-99.9-99.9-9.9 9927.5 77 22.6 -99-99.9-9.9-9.9
5294320200314-99.9-99.9-99.999999-99.9-99.9-99.9-99.9-9.9 99-9.9-99-99.9 -99-99.9-9.9-9.9
5294320200315-99.9-99.9  0.009999-99.9-99.9-99.9-99.9-9.9 9916.9 78 14.9 -99-99.9-9.9-9.9
5294320200316 26.5 15.7  0.009999-99.9-99.9-99.9-99.9-9.9 9920.3 84 17.7 -99-99.9-9.9-9.9
5294320200317 21.5 15.8  0.219999-99.9-99.9-99.9-99.9-9.9 9920.4100 17.7 -99-99.9-9.9-9.9
5294320200318 25.7 13.3  0.009999-99.9-99.9-99.9-99.9-9.9 9918.6 89 16.3 -99-99.9-9.9-9.9
5294320200319 30.3 13.9  0.009999-99.9-99.9-99.9-99.9-9.9 9917.0 67 14.9 -99-99.9-9.9-9.9
5294320200320 32.0 12.3  0.009999-99.9-99.9-99.9-99.9-9.9 9916.1 57 14.1 -99-99.9-9.9-9.9
5294320200321 30.3 13.9  0.009999-99.9-99.9-99.9-99.9-9.9 9917.6 66 15.5 -99-99.9-9.9-9.9
5294320200322 31.4 15.6  0.009999-99.9-99.9-99.9-99.9-9.9 9918.6 66 16.3 -99-99.9-9.9-9.9
5294320200323 32.6 16.1  0.009999-99.9-99.9-99.9-99.9-9.9 9919.2 59 16.9 -99-99.9-9.9-9.9
5294320200324 35.7 17.9  0.219999-99.9-99.9-99.9-99.9-9.9 9922.4 67 19.2 -99-99.9-9.9-9.9
5294320200325 26.6 18.2 11.519999-99.9-99.9-99.9-99.9-9.9 9922.1100 19.1 -99-99.9-9.9-9.9
5294320200326 20.7 16.6  0.009999-99.9-99.9-99.9-99.9-9.9 9921.3100 18.5 -99-99.9-9.9-9.9
5294320200327 29.5 18.0  0.009999-99.9-99.9-99.9-99.9-9.9 9924.1 84 20.5 -99-99.9-9.9-9.9
5294320200328 26.2 19.0  0.009999-99.9-99.9-99.9-99.9-9.9 9923.2 91 19.9 -99-99.9-9.9-9.9
5294320200329 30.0 17.5  0.009999-99.9-99.9-99.9-99.9-9.9 9924.1 84 20.4 -99-99.9-9.9-9.9
5294320200330 31.9 19.4  0.009999-99.9-99.9-99.9-99.9-9.9 9924.4 79 20.7 -99-99.9-9.9-9.9
5294320200331 27.9 18.6-99.999999-99.9-99.9-99.9-99.9-9.9 9924.2 91 20.5 -99-99.9-9.9-9.9
5294320200401-99.9-99.9-99.999999-99.9-99.9-99.9-99.9-9.9 99-9.9-99-99.9 -99-99.9-9.9-9.9
5294320200402 24.3 12.7  0.009999-99.9-99.9-99.9-99.9-9.9 9914.8 77 12.7 -99-99.9-9.9-9.9
5294320200403-99.9-99.9-99.999999-99.9-99.9-99.9-99.9-9.9 99-9.9-99-99.9 -99-99.9-9.9-9.9
