5296520250307-99.9-99.9-99.999999-99.9-99.9-99.9-99.9-9.9 99-9.9-99-99.9 -99-99.9-9.9-9.9
5296520250308 16.7  5.0  0.009999-99.9-99.9-99.9-99.9 9.9 77 9.0 69  5.3  16 12.918.214.5
5296520250309 19.5  6.8  3.519999-99.9-99.9-99.9-99.9 6.3 49 9.6 49  6.2  26 20.713.424.5
5296520250310 18.1  6.2  6.519999-99.9-99.9-99.9-99.9 7.7 61 7.0 49  1.2  46 36.715.1-9.9
5296520250311 18.0  7.0  0.009999-99.9-99.9-99.9-99.9 9.0 71 6.3 43  0.3  19 14.916.6-9.9
5296520250312 20.8  4.4  0.009999-99.9-99.9-99.9-99.910.7 85 9.5 66  5.9  15 11.718.616.0
5296520250313 23.2 11.2  0.009999-99.9-99.9-99.9-99.910.0 80 9.1 49  5.6  14 11.317.522.2
5296520250314 20.8  7.1  0.009999-99.9-99.9-99.9-99.910.5 84 9.4 66  5.7  12  9.518.112.9
5296520250315 21.9  6.2  0.009999-99.9-99.9-99.9-99.9 8.5 69 9.5 60  6.0  15 12.015.517.7
5296520250316 22.6  7.8  0.009999-99.9-99.9-99.9-99.9 6.6 5311.7 62  9.2  18 14.713.015.1
5296520250317 25.0 12.8  0.519999-99.9-99.9-99.9-99.9 5.2 43 9.9 45  6.4  27 21.811.3-9.9
5296520250318 16.9  2.3  0.009999-99.9-99.9-99.9-99.9 9.2 75 7.6 63  2.6  19 15.415.919.1
5296520250319 26.0 12.7  0.009999-99.9-99.9-99.9-99.9 2.4 20 8.9 38  4.9  41 32.7 7.7-9.9
5296520250320 25.0 16.5  0.009999-99.9-99.9-99.9-99.9-9.9 9911.0 48  8.3  32 25.2 4.2-9.9
5296520250321 21.2  7.8  0.009999-99.9-99.9-99.9-99.9 8.4 69 7.1 47  1.9  17 13.414.5-9.9
5296520250322 15.2  5.8  0.009999-99.9-99.9-99.9-99.9 2.7 23 7.1 58  2.0   9  7.4 7.8 9.4
5296520250323 21.0  3.4  0.009999-99.9-99.9-99.9-99.9 9.7 81 7.5 53  2.8  20 16.115.721.5
5296520250324 25.9  9.8  0.009999-99.9-99.9-99.9-99.9 7.9 66 8.9 48  4.9  15 11.613.522.1
5296520250325 28.0  8.0  0.009999-99.9-99.9-99.9-99.9 9.9 8412.0 63  9.6  11  9.215.814.5
5296520250326 28.8 10.3  0.009999-99.9-99.9-99.9-99.910.2 8611.7 62  9.2   9  7.615.913.8
5296520250327 19.2 11.7  0.009999-99.9-99.9-99.9-99.9 9.3 80 8.0 51  3.6  21 17.014.8-9.9
5296520250328 21.4  6.4  0.009999-99.9-99.9-99.9-99.9 8.7 75 8.8 56  4.8   9  7.314.010.6
5296520250329 14.5 11.1  9.819999-99.9-99.9-99.9-99.9-9.9 9911.7 85  8.9   9  7.3 2.3-9.9
5296520250330 13.0  5.3  0.819999-99.9-99.9-99.9-99.9 5.6 49 9.6 81  6.3  26 21.010.310.7
5296520250331 14.6  3.5  0.009999-99.9-99.9-99.9-99.9 8.5 74 8.6 79  4.6  15 12.113.4 7.9
5296520250401 17.2  8.8  3.019999-99.9-99.9-99.9-99.9-9.9 99 9.1 67  5.5  32 25.4 3.3-9.9
5296520250402-99.9-99.9-99.999999-99.9-99.9-99.9-99.9 0.4  3 7.6 93  2.8 -99-99.9 4.4-9.9
5296520250403 10.1 -0.3  0.009999-99.9-99.9-99.9-99.9 9.2 81 6.0 76 -0.2  17 13.413.7 7.9
5296520250404 13.0 -2.1  0.009999-99.9-99.9-99.9-99.9 9.4 83 6.9 69  1.3  14 11.213.7 6.8
5296520250405 21.3  3.0  0.009999-99.9-99.9-99.9-99.9 6.5 58 8.5 60  4.4  10  7.710.6 9.3
5296520250406 22.1  7.9  0.009999-99.9-99.9-99.9-99.9 9.6 8611.8 78  9.3  15 11.713.6 9.7
5296520250407 22.4  8.6  0.009999-99.9-99.9-99.9-99.9 5.2 47 9.3 47  5.8  18 14.6 9.022.0
5296520250408 23.5  7.3  0.009999-99.9-99.9-99.9-99.9 6.1 5610.2 65  6.7  11  8.8 9.910.7
5296520250409 20.8 11.8  0.009999-99.9-99.9-99.9-99.9 4.2 3814.1 82 12.1  18 14.4 7.811.0
5296520250410 17.0  8.0 11.219999-99.9-99.9-99.9-99.9 4.2 3911.6 78  9.1  18 14.7 7.7 8.1
5296520250411 15.9  8.5  0.009999-99.9-99.9-99.9-99.9 5.7 5312.1 91  9.7  16 12.9 9.1 4.4
5296520250412 18.1  6.5  0.009999-99.9-99.9-99.9-99.9 7.7 7110.5 79  7.7  21 16.910.910.7
5296520250413 11.5  3.3  0.009999-99.9-99.9-99.9-99.9 5.6 52 8.0 80  3.7   5  4.2 8.8 3.4
5296520250414-99.9-99.9-99.999999-99.9-99.9-99.9-99.9-9.9 99-9.9-99-99.9 -99-99.9-9.9-9.9
5296520250415-99.9-99.9  0.219999-99.9-99.9-99.9-99.9-9.9 99-9.9100-99.9 -99-99.9-9.9-9.9
5296520250416 13.1  8.6  0.219999-99.9-99.9-99.9-99.9 0.8  812.5 97 10.3  17 13.3 4.0 1.6
5296520250417  9.6  4.9  3.819999-99.9-99.9-99.9-99.9-9.9 9910.0100  6.9  16 12.5 2.4-9.9
5296520250418 14.0  4.6  0.009999-99.9-99.9-99.9-99.9 8.4 80 9.6 86  6.3  12  9.610.9 4.3
5296520250419 15.9  2.3  0.009999-99.9-99.9-99.9-99.9 7.6 7310.3 85  7.3  13 10.110.0 2.7
5296520250420 16.6  8.5  0.009999-99.9-99.9-99.9-99.9 4.1 3911.2 72  8.6  18 14.8 6.7 9.5
5296520250421 14.2  6.1  0.009999-99.9-99.9-99.9-99.9 8.6 83 8.8 75  5.0  13 10.410.6 9.7
5296520250422 11.3  4.5  2.019999-99.9-99.9-99.9-99.9-9.9 9911.3 99  8.6  14 11.5 2.0-9.9
5296520250423 14.8  5.0  0.009999-99.9-99.9-99.9-99.9 7.3 71 9.8 87  6.6  10  7.9 9.2 3.1
5296520250424 15.9  5.7  0.219999-99.9-99.9-99.9-99.9 3.1 3010.9 85  8.1  16 12.8 5.5 3.3
5296520250425 13.5  1.3 11.819999-99.9-99.9-99.9-99.9 0.6  5 9.2 90  5.4  31 24.7 3.3 8.4
5296520250426 12.9  2.6  0.009999-99.9-99.9-99.9-99.9 4.4 44 8.0 71  3.6  22 17.6 6.5 9.2
5296520250427 18.6  5.6  0.009999-99.9-99.9-99.9-99.9 6.3 63 9.5 74  6.2  16 12.8 8.1 9.3
5296520250428 17.2  2.2  0.009999-99.9-99.9-99.9-99.9 8.2 82 9.2 80  5.8   9  7.1 9.5 4.1
5296520250429 19.3  5.7  0.009999-99.9-99.9-99.9-99.9 6.9 69 9.6 80  6.4   9  7.2 8.3 5.3
5296520250430 15.6  3.6  0.009999-99.9-99.9-99.9-99.9 6.8 6810.6 88  7.8  10  8.0 8.1 2.6
5296520250501 17.1  8.0  0.009999-99.9-99.9-99.9-99.9 5.8 5911.5 82  8.8  14 11.4 7.3 5.1
5296520250502 16.4  4.3  0.009999-99.9-99.9-99.9-99.9 7.2 74 8.8 73  5.1  17 13.6 8.3 9.0
5296520250503 11.1  4.4  0.009999-99.9-99.9-99.9-99.9 2.8 28 7.8 77  3.3  12  9.6 4.7 8.0
5296520250504 12.2 -2.2  0.009999-99.9-99.9-99.9-99.9 7.8 80 5.5 63 -1.6  11  9.0 8.5 7.1
5296520250505 14.5  2.0  0.009999-99.9-99.9-99.9-99.9 3.6 37 7.9 74  3.4  14 10.8 5.2 7.5
5296520250506 13.6  6.1  0.009999-99.9-99.9-99.9-99.9 2.5 26 7.4 54  2.5  19 15.2 4.316.0
5296520250507 12.1  2.9  0.009999-99.9-99.9-99.9-99.9 6.2 65 7.2 79  2.2  15 12.1 7.1 8.9
5296520250508  8.7 -0.1  0.519999-99.9-99.9-99.9-99.9 3.0 32 8.4 95  4.4   9  7.1 4.6 0.2
5296520250509 12.0  3.6  0.009999-99.9-99.9-99.9-99.9 6.5 69 7.9 78  3.4  13 10.3 7.1 6.1
5296520250510 19.0  2.0  0.009999-99.9-99.9-99.9-99.9 5.9 63 9.0 67  5.4  24 18.9 6.610.5
5296520250511 15.6  7.1  0.009999-99.9-99.9-99.9-99.9 3.7 4010.2 82  7.2  15 12.4 4.9 9.4
5296520250512 16.9  7.8  0.009999-99.9-99.9-99.9-99.9 2.3 2510.1 66  7.1  24 19.0 3.915.4
5296520250513 16.6  8.9  0.009999-99.9-99.9-99.9-99.9 2.2 24 9.9 81  6.7  18 14.3 3.711.9
5296520250514 12.7  5.2  0.009999-99.9-99.9-99.9-99.9 3.0 33 6.6 55  0.9  33 26.4 4.3-9.9
5296520250515 14.2  6.3  0.009999-99.9-99.9-99.9-99.9 5.4 59 5.9 44 -0.7  29 23.5 5.9-9.9
5296520250516  9.6  1.3  5.819999-99.9-99.9-99.9-99.9-9.9 99 7.6 77  2.8   8  6.4 1.8-9.9
5296520250517  8.0  1.9  2.819999-99.9-99.9-99.9-99.9 0.8  9 8.6100  4.7  24 19.1 2.6 2.7
5296520250518  6.2  0.0  0.009999-99.9-99.9-99.9-99.9 6.3 69 6.1 82 -0.1  23 18.2 6.3 5.2
5296520250519  5.4 -0.8  0.219999-99.9-99.9-99.9-99.9 7.2 79 5.5 80 -1.4  23 18.3 6.8 7.5
5296520250520  4.4 -1.6  0.009999-99.9-99.9-99.9-99.9 5.2 57 5.8 95 -0.7  18 14.1 5.4 2.4
5296520250521  8.2 -5.5  0.009999-99.9-99.9-99.9-99.9 4.0 45 6.6 93  0.7   8  6.1 4.6 0.0
5296520250522 10.7 -0.7  0.009999-99.9-99.9-99.9-99.9 6.2 69 7.9 92  3.4  10  8.3 5.9 0.4
5296520250523 10.6  4.2  0.219999-99.9-99.9-99.9-99.9 1.6 18 8.7 93  5.0  16 12.4 2.9 2.9
5296520250524  9.9  2.7  0.009999-99.9-99.9-99.9-99.9 3.0 34 7.5 78  2.9  25 20.2 3.8 9.6
5296520250525 15.3  5.7  0.219999-99.9-99.9-99.9-99.9 4.4 50 8.1 70  3.8  15 12.3 4.710.5
5296520250526  9.4  3.8  0.219999-99.9-99.9-99.9-99.9 0.7  8 8.7100  4.9  27 21.4 2.3 3.3
5296520250527  5.7 -1.1  0.009999-99.9-99.9-99.9-99.9 6.8 77 6.3 90  0.3  22 17.8 6.1 4.9
5296520250528 12.4 -4.0  0.009999-99.9-99.9-99.9-99.9 5.8 67 7.5 84  2.5  10  7.9 5.4 0.3
5296520250529 12.0  1.0  0.009999-99.9-99.9-99.9-99.9 5.4 61 7.9 75  3.6  18 14.5 5.1 6.5
5296520250530 11.1  1.7  0.219999-99.9-99.9-99.9-99.9 3.6 42 7.1 73  2.1  23 18.8 4.012.3
5296520250531 10.0  1.2  0.009999-99.9-99.9-99.9-99.9 6.4 73 6.6 74  0.9  19 15.3 5.6 8.9
5296520250601 10.5  1.3  0.219999-99.9-99.9-99.9-99.9 0.7  8 8.7 91  4.8  17 13.9 2.1 2.3
5296520250602 10.0 -2.5  0.009999-99.9-99.9-99.9-99.9 5.5 64 6.2 79  0.1  11  8.5 5.0 3.4
5296520250603 12.0 -1.4  0.219999-99.9-99.9-99.9-99.9 5.7 66 6.0 71 -0.2  15 11.8 5.1 8.3
5296520250604  8.1 -0.1  0.009999-99.9-99.9-99.9-99.9 5.0 58 5.9 75 -0.5  18 14.7 4.7 7.1
5296520250605 12.9 -0.7  0.009999-99.9-99.9-99.9-99.9 1.1 12 7.4 74  2.7  22 17.3 2.3 9.5
5296520250606 12.2  0.3  0.009999-99.9-99.9-99.9-99.9 3.8 44 7.8 86  3.4   9  7.0 3.9 2.5
5296520250607 13.8 -1.6  0.009999-99.9-99.9-99.9-99.9 6.1 72 7.5 86  2.8   3  2.6 5.2 0.5
5296520250608 10.7  1.1  0.009999-99.9-99.9-99.9-99.9 6.1 71 8.5 91  4.5   9  7.2 5.2 1.5
5296520250609 10.6 -1.0  0.009999-99.9-99.9-99.9-99.9 5.4 63 7.6 93  2.8   3  2.3 4.8 0.0
5296520250610 10.5  2.7  0.009999-99.9-99.9-99.9-99.9 1.4 1710.7 99  7.9  17 14.0 2.4 0.0
5296520250611 10.5  8.2  0.009999-99.9-99.9-99.9-99.9 0.9 1011.9100  9.6  21 16.8 2.1 0.1
5296520250612  9.7  4.4  0.009999-99.9-99.9-99.9-99.9-9.9 9910.1100  7.1   6  4.7 1.5-9.9
5296520250613  8.8  0.4  0.009999-99.9-99.9-99.9-99.9 5.3 62 7.2 83  2.2  19 15.3 4.6 4.6
5296520250614 11.8  1.3  0.219999-99.9-99.9-99.9-99.9 6.0 70 7.8 86  3.4  14 11.2 5.0 3.2
5296520250615  8.1  3.1  0.009999-99.9-99.9-99.9-99.9 0.5  6 9.4100  6.1  11  8.4 1.9 0.1
5296520250616-99.9-99.9-99.999999-99.9-99.9-99.9-99.9-9.9 99-9.9-99-99.9 -99-99.9-9.9-9.9
5296520250617  6.8 -2.2  0.009999-99.9-99.9-99.9-99.9 4.0 48 6.3 92  0.3   9  7.5 3.8 1.1
5296520250618  7.5 -2.7  0.219999-99.9-99.9-99.9-99.9 1.5 18 7.3 89  2.1  13 10.0 2.4 0.0
5296520250619-99.9-99.9-99.999999-99.9-99.9-99.9-99.9-9.9 99-9.9-99-99.9 -99-99.9-9.9-9.9
5296520250620  7.8 -0.1  0.009999-99.9-99.9-99.9-99.9 5.8 69 7.3 90  2.3  12  9.4 4.8 1.6
5296520250621  8.2  2.1  1.819999-99.9-99.9-99.9-99.9-9.9 99 7.8 93  3.2  26 21.0 0.9-9.9
5296520250622  4.5 -0.4  0.009999-99.9-99.9-99.9-99.9 6.1 72 6.0 86 -0.3  28 22.6 5.0 6.7
5296520250623  8.9 -2.3  0.009999-99.9-99.9-99.9-99.9 3.3 39 7.4 90  2.6  23 18.6 3.4 1.0
5296520250624  7.0 -0.6  1.519999-99.9-99.9-99.9-99.9-9.9 99 7.2100  2.2  16 13.2 0.9-9.9
5296520250625  2.0 -2.4  0.519999-99.9-99.9-99.9-99.9-9.9 99 5.6 94 -1.3  22 17.2 1.1-9.9
5296520250626  2.3 -4.1  0.009999-99.9-99.9-99.9-99.9 5.7 68 5.2 93 -2.2  27 21.4 4.8 3.3
5296520250627  1.9 -3.6  0.009999-99.9-99.9-99.9-99.9 5.4 64 5.4 92 -1.8  29 23.1 4.6 1.4
5296520250628  2.1 -2.6  0.009999-99.9-99.9-99.9-99.9 5.8 69 5.5 97 -1.5  23 18.3 4.9 1.9
5296520250629  1.8 -8.8  0.009999-99.9-99.9-99.9-99.9 7.1 84 4.1 91 -5.4   9  6.8 5.6 1.0
5296520250630  2.3-10.2  0.009999-99.9-99.9-99.9-99.9 6.9 81 3.5 82 -7.4   7  5.9 5.6 1.5
5296520250701  7.5-10.2  0.009999-99.9-99.9-99.9-99.9 5.2 61 4.5 81 -4.5   6  5.1 4.6 0.6
5296520250702  7.7 -2.4  0.009999-99.9-99.9-99.9-99.9 2.1 25 6.9 82  1.6  15 12.3 2.8 2.4
5296520250703  9.7  0.1  0.009999-99.9-99.9-99.9-99.9 6.3 74 6.9 83  1.6  15 12.3 5.3 6.3
5296520250704  7.9 -3.8  0.009999-99.9-99.9-99.9-99.9 6.5 76 6.1 89 -0.2   5  4.2 5.4 0.6
5296520250705  6.9 -2.3  0.009999-99.9-99.9-99.9-99.9 2.2 25 8.1100  3.7  15 12.1 2.9 0.0
5296520250706  6.7  0.7  0.009999-99.9-99.9-99.9-99.9-9.9 99 7.5100  2.7  10  7.9 1.6-9.9
5296520250707  6.5 -4.6  0.219999-99.9-99.9-99.9-99.9 5.3 61 7.1 99  1.6  11  9.1 4.8 0.0
5296520250708  9.5  1.8  0.009999-99.9-99.9-99.9-99.9 6.3 74 7.5 78  2.7  22 17.9 5.4 8.1
5296520250709 10.3 -0.7  0.009999-99.9-99.9-99.9-99.9 6.3 73 7.2 82  2.2  19 15.4 5.4 4.9
5296520250710 14.1  4.0  0.009999-99.9-99.9-99.9-99.9 1.6 19 8.0 62  3.7  35 27.8 2.720.0
5296520250711 12.0 -1.0  0.009999-99.9-99.9-99.9-99.9 4.0 46 8.2 86  3.9  15 12.2 4.1 4.7
5296520250712 15.9  8.5  0.009999-99.9-99.9-99.9-99.9 2.2 25 9.8 71  6.6  32 25.5 3.121.7
5296520250713 11.6  6.0  0.009999-99.9-99.9-99.9-99.9-9.9 9910.3 99  7.3   8  6.4 0.7-9.9
5296520250714 13.2  2.9  0.009999-99.9-99.9-99.9-99.9 3.3 37 9.3 82  5.9   9  7.4 3.8 2.1
5296520250715 10.9  2.0  0.009999-99.9-99.9-99.9-99.9 5.3 60 6.8 65  1.3  16 12.9 5.110.9
5296520250716 11.4  0.3  0.009999-99.9-99.9-99.9-99.9 0.6  7 7.3 66  2.5  31 24.5 2.214.6
5296520250717 12.1  5.5  0.219999-99.9-99.9-99.9-99.9-9.9 99 9.8 90  6.6  19 15.1 1.7-9.9
5296520250718 18.8  9.2  0.219999-99.9-99.9-99.9-99.9 6.7 75 9.5 62  6.2  39 31.5 6.1-9.9
5296520250719 12.4  1.7  0.009999-99.9-99.9-99.9-99.9 7.0 79 5.1 53 -2.5  22 17.8 6.421.4
5296520250720  9.2 -2.1  0.009999-99.9-99.9-99.9-99.9 6.4 72 4.9 72 -3.0  11  9.1 6.0 6.6
5296520250721  8.2 -6.4  0.009999-99.9-99.9-99.9-99.9 7.1 79 4.4 73 -4.4   6  4.4 6.6 2.4
5296520250722  8.3 -6.0  0.009999-99.9-99.9-99.9-99.9 7.1 79 4.6 75 -3.9   8  6.4 6.6 3.0
5296520250723  9.3 -6.2  0.009999-99.9-99.9-99.9-99.9 5.8 64 5.0 85 -2.8  10  8.4 5.8 2.6
5296520250724  6.3 -2.5  0.819999-99.9-99.9-99.9-99.9 0.9 10 6.3 93 -0.0  20 16.1 2.6 4.0
5296520250725  2.0 -6.3  0.009999-99.9-99.9-99.9-99.9 7.3 81 4.1 81 -5.5  18 14.3 7.0 6.0
5296520250726  4.2-10.4  0.009999-99.9-99.9-99.9-99.9 7.5 82 3.7 85 -6.7   9  7.6 7.2 1.9
5296520250727  7.0 -8.5  0.009999-99.9-99.9-99.9-99.9 5.9 64 5.8 94 -1.5   8  6.0 6.1 0.0
5296520250728  6.3  1.7  0.009999-99.9-99.9-99.9-99.9 1.4 16 8.6100  4.8  16 12.6 3.1 0.1
5296520250729 10.4  1.6  0.519999-99.9-99.9-99.9-99.9 2.1 23 8.5 93  4.5   9  7.5 3.6 1.5
5296520250730  9.9 -0.4  0.219999-99.9-99.9-99.9-99.9 0.2  2 9.3100  5.8  11  8.9 2.3 0.2
5296520250731 12.8  3.2  0.009999-99.9-99.9-99.9-99.9 2.6 28 9.6 91  6.3   9  7.3 4.0 1.6
5296520250801  8.6 -0.8  0.009999-99.9-99.9-99.9-99.9 3.6 38 7.9100  3.3  10  7.6 4.8 0.4
5296520250802  5.0  0.1  1.019999-99.9-99.9-99.9-99.9 0.5  6 7.4100  2.6  18 14.2 2.6 0.2
5296520250803  5.3  2.0  0.219999-99.9-99.9-99.9-99.9 2.2 23 7.5100  2.9  17 13.8 3.9 1.3
5296520250804  5.7 -0.2  0.009999-99.9-99.9-99.9-99.9 2.7 28 7.1 97  2.0   5  4.3 4.3 0.2
5296520250805  8.5  0.5  0.009999-99.9-99.9-99.9-99.9 1.3 14 8.4 98  4.5  16 12.7 3.3 0.4
5296520250806 10.3 -4.0  0.009999-99.9-99.9-99.9-99.9 8.1 85 5.8 84 -0.9  10  8.0 8.5 3.5
5296520250807 14.3 -1.8  0.009999-99.9-99.9-99.9-99.9 7.8 80 6.7 80  1.2   8  6.1 8.4 3.3
5296520250808 15.6 -1.8  0.009999-99.9-99.9-99.9-99.9 7.6 79 6.8 80  1.5   6  4.6 8.3 2.0
5296520250809 12.2 -1.4  0.009999-99.9-99.9-99.9-99.9 5.0 52 7.2 82  2.2   7  5.8 6.4 2.0
5296520250810 12.9 -1.6  1.519999-99.9-99.9-99.9-99.9 7.0 71 7.4 85  2.5   7  5.4 8.0 1.5
5296520250811 13.2  1.0  0.009999-99.9-99.9-99.9-99.9 6.0 61 9.3 92  5.6   7  5.7 7.4 0.6
5296520250812-99.9-99.9-99.999999-99.9-99.9-99.9-99.9-9.9 99-9.9-99-99.9 -99-99.9-9.9-9.9
5296520250813 10.5 -3.2  0.009999-99.9-99.9-99.9-99.9 8.4 85 5.9 78 -0.7  10  7.9 9.5 3.4
5296520250814 12.1 -5.0  0.009999-99.9-99.9-99.9-99.9 8.7 87 6.3 80  0.2   7  5.3 9.8 1.3
5296520250815-99.9-99.9-99.999999-99.9-99.9-99.9-99.9-9.9 99-9.9-99-99.9 -99-99.9-9.9-9.9
5296520250816 14.6 -1.9  0.009999-99.9-99.9-99.9-99.9 8.1 80 7.3 87  2.3   4  3.3 9.5 1.3
5296520250817 13.5 -1.3  0.009999-99.9-99.9-99.9-99.9 3.9 39 8.7 94  4.6   5  4.3 6.1 0.5
5296520250818 15.8 -1.2  0.009999-99.9-99.9-99.9-99.9 5.9 57 8.0 87  3.5   7  5.8 7.9 0.6
5296520250819 13.6  3.2  0.219999-99.9-99.9-99.9-99.9 1.4 14 8.6 76  4.7  22 17.2 4.1 9.3
5296520250820 14.1  1.4  0.009999-99.9-99.9-99.9-99.9 8.6 84 6.3 61  0.3  23 18.210.416.7
5296520250821 12.2  2.7  0.519999-99.9-99.9-99.9-99.9 4.5 44 6.9 77  1.6  12  9.2 7.0 8.1
5296520250822  9.2 -1.7  0.009999-99.9-99.9-99.9-99.9 8.4 81 5.7 77 -1.0  14 11.410.5 6.9
5296520250823 14.6 -1.3  0.819999-99.9-99.9-99.9-99.9 6.9 66 6.9 73  1.3  24 18.9 9.312.4
5296520250824 16.6  4.4  0.009999-99.9-99.9-99.9-99.9 7.0 67 7.6 68  2.8  23 18.4 9.519.2
5296520250825 14.2 -1.4  0.009999-99.9-99.9-99.9-99.9 8.2 78 7.0 71  1.6  10  7.710.7 4.3
5296520250826 16.9  1.9  0.009999-99.9-99.9-99.9-99.9 7.7 73 7.7 67  3.1  20 15.710.313.1
5296520250827 16.4  7.8  0.009999-99.9-99.9-99.9-99.9 4.7 44 8.7 71  5.0  18 14.0 7.716.2
5296520250828 13.7  4.9  0.009999-99.9-99.9-99.9-99.9 3.6 3410.2 94  7.2  14 11.2 6.7 3.3
5296520250829 10.5  3.4  0.009999-99.9-99.9-99.9-99.9 4.9 45 8.4 91  4.4  21 17.1 8.0 5.8
5296520250830  9.9 -3.0  0.009999-99.9-99.9-99.9-99.9 8.7 81 7.2 89  2.0   9  6.911.8 1.2
5296520250831  8.9  0.9  0.009999-99.9-99.9-99.9-99.9 6.6 61 8.6 99  4.7  18 14.6 9.9 0.8
5296520250901 14.4  0.3  0.009999-99.9-99.9-99.9-99.9 7.9 72 7.1 74  2.0   9  7.011.2 5.5
5296520250902 10.1 -1.1  0.009999-99.9-99.9-99.9-99.9 5.0 46 5.7 74 -1.2  13 10.4 8.5 8.4
5296520250903  7.1 -2.8  0.009999-99.9-99.9-99.9-99.9 7.0 63 4.7 68 -3.7  26 20.410.613.5
5296520250904 10.5 -2.2  0.009999-99.9-99.9-99.9-99.9 5.1 46 5.6 65 -1.2  19 15.2 8.812.3
5296520250905 19.5 -3.0  0.009999-99.9-99.9-99.9-99.9 9.1 82 5.2 51 -2.4   8  6.813.0 8.7
5296520250906 17.0 -0.9  0.009999-99.9-99.9-99.9-99.9 9.5 85 6.8 74  1.2   8  6.313.5 6.0
5296520250907 17.2 -1.1  0.009999-99.9-99.9-99.9-99.9 9.4 83 7.0 67  1.7   6  5.113.5 4.9
5296520250908 13.8 -1.6  0.009999-99.9-99.9-99.9-99.9 6.1 54 6.5 72  0.8   8  6.410.2 5.1
5296520250909 10.0  2.7  1.019999-99.9-99.9-99.9-99.9 1.5 13 9.8100  6.6  17 13.3 5.5 0.7
5296520250910 16.8  4.0  0.009999-99.9-99.9-99.9-99.9 5.6 4910.0 90  6.9   8  6.1 9.9 2.6
5296520250911 16.8  2.5  0.009999-99.9-99.9-99.9-99.9 6.1 53 8.6 78  4.8  17 13.410.6 8.2
5296520250912 14.2  4.2  0.009999-99.9-99.9-99.9-99.9 5.6 4810.6 95  7.7  18 14.210.1 1.8
5296520250913 18.3  5.9  0.009999-99.9-99.9-99.9-99.9 7.8 67 7.1 47  1.7  30 24.012.6-9.9
5296520250914 17.3  5.9  0.009999-99.9-99.9-99.9-99.9 7.3 63 6.7 51  1.3  30 24.012.2-9.9
5296520250915 15.3  8.4  0.009999-99.9-99.9-99.9-99.9 0.9  8 7.2 51  2.2  29 23.1 5.3-9.9
5296520250916 11.2  2.1  0.819999-99.9-99.9-99.9-99.9 1.0  8 8.1100  3.8  10  7.7 5.4 2.8
5296520250917 11.5 -3.4  0.009999-99.9-99.9-99.9-99.9 7.0 60 6.4 81  0.3   8  6.312.3 3.4
5296520250918  8.6  4.3  3.019999-99.9-99.9-99.9-99.9-9.9 99 9.9100  6.8  13 10.6 3.0-9.9
5296520250919 14.9  0.4  0.009999-99.9-99.9-99.9-99.910.5 88 7.8 78  3.4   9  7.316.5 6.3
5296520250920 18.2  1.3  0.009999-99.9-99.9-99.9-99.9 9.7 81 9.3 81  5.8  11  8.715.7 5.7
5296520250921 16.1  5.8  0.009999-99.9-99.9-99.9-99.9 7.5 62 8.4 65  4.1  18 14.213.313.7
5296520250922 11.7  2.8  0.009999-99.9-99.9-99.9-99.910.0 83 4.2 44 -5.3  28 22.016.3-9.9
5296520250923 10.6 -1.3  0.009999-99.9-99.9-99.9-99.9 8.4 69 5.3 74 -2.0  12  9.814.6 8.2
5296520250924 11.0  0.8  0.009999-99.9-99.9-99.9-99.9 7.3 60 9.4 93  6.0  20 16.313.4 1.5
5296520250925 15.2  6.6  0.009999-99.9-99.9-99.9-99.9 9.0 7311.5 92  9.0  23 18.315.6 5.5
5296520250926 21.1  6.2  0.009999-99.9-99.9-99.9-99.9 9.2 75 8.4 48  4.3  21 16.916.0-9.9
5296520250927 20.5  7.2  0.009999-99.9-99.9-99.9-99.9 5.5 45 7.7 47  3.2  33 26.111.6-9.9
5296520250928 16.9  7.2  0.009999-99.9-99.9-99.9-99.910.2 82 6.0 42 -0.8  47 37.317.4-9.9
5296520250929 19.3  6.1  0.009999-99.9-99.9-99.9-99.9 9.8 79 6.0 43 -0.2  43 34.117.1-9.9
5296520250930 20.0  3.2  0.009999-99.9-99.9-99.9-99.9 8.5 68 6.2 41  0.3  36 28.815.6-9.9
5296520251001 22.4  9.2  0.009999-99.9-99.9-99.9-99.9 6.4 51 7.3 42  2.4  37 29.513.1-9.9
5296520251002 22.9  9.6  0.009999-99.9-99.9-99.9-99.9 6.3 50 7.8 44  3.4  31 25.113.1-9.9
5296520251003 13.3  6.6  0.219999-99.9-99.9-99.9-99.9 1.1  8 9.5 83  6.2   9  7.4 6.6 6.8
5296520251004 12.4  1.4  0.009999-99.9-99.9-99.9-99.9 6.1 48 6.8 67  1.2  16 12.613.110.9
5296520251005 14.9 -1.5  0.009999-99.9-99.9-99.9-99.9 6.3 49 6.9 76  1.3  12 10.013.5 7.9
5296520251006 18.9  2.0  0.009999-99.9-99.9-99.9-99.9 9.3 72 5.6 39 -1.3  17 13.517.422.4
5296520251007 21.3  3.4  0.009999-99.9-99.9-99.9-99.9 8.6 67 6.5 40  0.7  27 21.616.6-9.9
5296520251008 23.0 11.4  0.009999-99.9-99.9-99.9-99.9 9.6 74 7.4 41  2.6  45 36.018.0-9.9
5296520251009 18.3  5.4  0.009999-99.9-99.9-99.9-99.910.1 78 5.4 34 -2.2  33 26.718.9-9.9
5296520251010 18.7  3.9  0.009999-99.9-99.9-99.9-99.912.1 92 4.6 32 -3.9  20 16.121.6-9.9
5296520251011 22.2 -0.9  0.009999-99.9-99.9-99.9-99.911.4 87 4.8 31 -3.5  14 11.420.822.8
5296520251012 21.4  8.2  0.009999-99.9-99.9-99.9-99.9 8.3 63 7.0 42  1.8  32 25.716.8-9.9
5296520251013 20.0  7.2  0.009999-99.9-99.9-99.9-99.9 9.5 72 5.0 28 -3.0  37 29.218.6-9.9
5296520251014 16.1  7.8  0.519999-99.9-99.9-99.9-99.9 1.1  8 5.9 35 -0.5  30 24.1 7.3-9.9
5296520251015 16.7  7.8  0.519999-99.9-99.9-99.9-99.9 3.7 27 7.3 61  1.9  21 16.510.924.1
5296520251016 17.9  6.2  0.009999-99.9-99.9-99.9-99.9 8.4 63 5.4 47 -1.9  31 25.017.4-9.9
5296520251017 18.4 -0.6  0.009999-99.9-99.9-99.9-99.911.9 89 5.6 49 -1.6  13 10.322.417.0
5296520251018 24.1  2.5  0.009999-99.9-99.9-99.9-99.912.2 90 6.9 48  1.7  14 11.222.819.0
5296520251019 27.8  7.8  0.009999-99.9-99.9-99.9-99.9 6.7 49 6.7 27  1.0  26 20.515.4-9.9
5296520251020 21.1 10.4  5.819999-99.9-99.9-99.9-99.9 2.8 20 9.4 69  5.8  24 18.910.0-9.9
5296520251021 19.2  1.8  0.009999-99.9-99.9-99.9-99.911.3 82 5.5 38 -1.8  18 14.122.0-9.9
5296520251022 22.3  6.2  0.009999-99.9-99.9-99.9-99.912.6 91 6.1 32 -0.0  29 23.523.9-9.9
5296520251023 19.7  8.7  0.009999-99.9-99.9-99.9-99.9 7.0 50 6.2 42  0.1  18 14.116.2-9.9
5296520251024 18.5  4.1  0.009999-99.9-99.9-99.9-99.9 9.9 71 4.9 30 -3.1  26 21.120.4-9.9
5296520251025 14.8  3.4  0.819999-99.9-99.9-99.9-99.9 9.4 68 3.8 34 -6.6  34 27.119.8-9.9
5296520251026  9.0  2.3  0.219999-99.9-99.9-99.9-99.9 8.2 58 7.5 89  2.7  33 26.518.110.8
5296520251027 13.6 -4.8  0.009999-99.9-99.9-99.9-99.913.3 95 5.7 62 -1.3  12  9.425.5 9.6
5296520251028 16.6  3.8  0.009999-99.9-99.9-99.9-99.913.1 93 9.1 69  5.5  24 19.325.414.7
5296520251029 24.3  7.7  0.009999-99.9-99.9-99.9-99.9 9.1 64 8.0 36  3.4  21 16.719.7-9.9
5296520251030 20.9  8.0  0.009999-99.9-99.9-99.9-99.9 5.5 39 7.1 40  2.1  27 21.514.7-9.9
5296520251031 20.9  5.7  0.009999-99.9-99.9-99.9-99.9 8.6 60 6.0 33 -0.4  27 21.419.2-9.9
5296520251101 20.4  5.2  0.219999-99.9-99.9-99.9-99.912.3 86 4.7 25 -3.8  31 24.424.7-9.9
5296520251102 21.5  7.6  0.009999-99.9-99.9-99.9-99.9 9.6 67 4.1 24 -5.6  27 21.820.8-9.9
5296520251103 21.8  2.9  0.009999-99.9-99.9-99.9-99.912.8 89 4.6 33 -3.9  15 11.925.6-9.9
5296520251104 20.6  4.1  0.009999-99.9-99.9-99.9-99.913.8 95 5.8 46 -1.3  18 14.127.2-9.9
5296520251105 18.5  0.4  0.009999-99.9-99.9-99.9-99.913.3 91 7.5 54  2.7  10  7.926.612.0
5296520251106 19.1  3.2  0.009999-99.9-99.9-99.9-99.913.5 93 7.9 49  3.3  10  7.627.013.2
5296520251107 23.0  2.2  0.009999-99.9-99.9-99.9-99.912.5 85 7.4 41  2.5  15 12.325.621.6
5296520251108 23.5  6.5  0.009999-99.9-99.9-99.9-99.912.2 83 8.7 59  4.6  16 12.625.222.5
5296520251109 27.7  5.4  0.009999-99.9-99.9-99.9-99.913.1 89 9.2 41  5.5  13 10.426.721.0
5296520251110 29.3 10.2  0.009999-99.9-99.9-99.9-99.912.2 83 9.5 40  6.0  18 14.025.5-9.9
5296520251111 24.1  9.3  3.819999-99.9-99.9-99.9-99.9 7.8 5310.1 60  7.0  22 17.619.0-9.9
5296520251112 24.4  5.2  0.009999-99.9-99.9-99.9-99.910.8 73 6.7 31  0.6  28 22.523.5-9.9
5296520251113 24.8  9.1  0.009999-99.9-99.9-99.9-99.911.2 75 6.5 30  0.9  28 22.224.2-9.9
5296520251114 30.2 10.9  0.519999-99.9-99.9-99.9-99.9 8.3 56 8.8 45  5.0  41 33.019.9-9.9
5296520251115 23.6 10.4  0.009999-99.9-99.9-99.9-99.9 7.7 52 6.2 31 -0.7  40 31.919.1-9.9
5296520251116 20.5  5.4  0.009999-99.9-99.9-99.9-99.912.6 84 4.7 26 -3.8  26 21.126.6-9.9
5296520251117 22.3 10.3 34.519999-99.9-99.9-99.9-99.9 9.4 62 5.5 28 -2.4  60 48.121.8-9.9
5296520251118 18.5  6.9  3.519999-99.9-99.9-99.9-99.9 8.0 53 5.0 36 -3.0  44 35.219.7-9.9
5296520251119 15.2  1.5  0.009999-99.9-99.9-99.9-99.9 6.2 41 7.6 58  2.8  12  9.917.012.1
5296520251120 18.9  6.4  0.009999-99.9-99.9-99.9-99.9 6.8 45 9.0 58  5.2  14 11.318.015.6
5296520251121 22.8  8.1  1.519999-99.9-99.9-99.9-99.910.9 72 9.7 61  6.4  19 15.224.422.1
5296520251122 19.4  3.3  0.009999-99.9-99.9-99.9-99.911.6 7610.8 70  7.9  18 14.225.414.9
5296520251123 27.4 11.1  0.009999-99.9-99.9-99.9-99.9 9.4 6210.0 53  6.8  22 17.522.2-9.9
5296520251124 25.0  9.1  0.009999-99.9-99.9-99.9-99.9 8.5 56 9.9 53  6.5  14 11.620.920.0
5296520251125 27.9  6.7  0.009999-99.9-99.9-99.9-99.910.2 66 9.9 53  6.5  13 10.423.518.7
5296520251126 29.4 13.9  0.009999-99.9-99.9-99.9-99.9 9.4 61 8.9 37  5.2  30 23.822.4-9.9
5296520251127 19.8  9.4  0.009999-99.9-99.9-99.9-99.910.8 70 7.5 50  2.6  19 15.224.5-9.9
5296520251128 21.8  4.3  0.009999-99.9-99.9-99.9-99.913.5 87 8.3 46  4.1  19 15.528.724.8
5296520251129 22.5  4.7  0.009999-99.9-99.9-99.9-99.914.7 95 8.6 46  4.7  15 11.830.720.9
5296520251130 21.5  8.1  0.009999-99.9-99.9-99.9-99.914.4 9313.3 77 11.2  23 18.730.415.5
5296520251201 27.9 11.6  0.009999-99.9-99.9-99.9-99.911.6 7412.2 53  9.5  26 20.826.0-9.9
5296520251202 29.3 13.0  0.219999-99.9-99.9-99.9-99.913.1 84 8.0 28  3.4  26 21.028.3-9.9
5296520251203 26.0 10.8  0.009999-99.9-99.9-99.9-99.9 7.4 48 6.5 32  0.7  19 15.119.6-9.9
5296520251204 23.0  6.2  0.009999-99.9-99.9-99.9-99.910.9 70 4.8 26 -3.3  18 14.425.0-9.9
5296520251205 23.0  9.1  0.009999-99.9-99.9-99.9-99.9 8.1 52 6.7 35  1.1  21 16.720.7-9.9
5296520251206 27.5 12.1  0.009999-99.9-99.9-99.9-99.911.8 75 9.3 43  5.6  17 13.826.5-9.9
5296520251207 32.1 10.4  0.009999-99.9-99.9-99.9-99.911.4 7210.4 31  7.5  20 15.825.9-9.9
5296520251208 32.2 13.6  0.009999-99.9-99.9-99.9-99.912.1 7711.1 36  8.5  12  9.827.0-9.9
5296520251209 27.1 15.1  5.019999-99.9-99.9-99.9-99.9 4.9 3111.7 39  8.9  18 14.115.8-9.9
5296520251210 25.4  9.1  0.009999-99.9-99.9-99.9-99.912.4 79 7.8 34  3.2  16 13.127.6-9.9
5296520251211 27.3 11.2  0.009999-99.9-99.9-99.9-99.9 7.0 44 8.8 34  5.1  37 29.519.1-9.9
5296520251212 22.8 12.2  0.009999-99.9-99.9-99.9-99.911.8 75 4.7 21 -3.9  42 33.326.7-9.9
5296520251213 19.1  6.4  0.009999-99.9-99.9-99.9-99.9 9.7 61 4.7 28 -3.7  35 27.723.3-9.9
5296520251214 18.9  7.8  0.009999-99.9-99.9-99.9-99.9 7.6 48 4.4 25 -4.6  28 22.420.2-9.9
5296520251215 18.3  5.4  0.009999-99.9-99.9-99.9-99.912.7 80 5.6 44 -2.0  21 17.028.1-9.9
5296520251216 27.5  8.0  0.009999-99.9-99.9-99.9-99.9 8.8 56 8.2 31  4.0  30 23.622.0-9.9
5296520251217 22.4 12.0  0.009999-99.9-99.9-99.9-99.9 8.1 51 5.8 33 -0.9  21 17.120.8-9.9
5296520251218 18.8  4.2  0.009999-99.9-99.9-99.9-99.9 9.0 57 7.7 41  2.7  12  9.622.417.3
5296520251219 24.7  7.2  0.009999-99.9-99.9-99.9-99.910.7 67 9.1 41  5.2  12  9.525.020.1
5296520251220 23.9  8.6  0.009999-99.9-99.9-99.9-99.9 8.6 54 8.9 41  5.1  15 12.321.8-9.9
5296520251221 26.0  8.5  0.009999-99.9-99.9-99.9-99.913.9 87 6.4 25  0.6  20 16.330.0-9.9
5296520251222 26.6 11.5  0.009999-99.9-99.9-99.9-99.9 3.4 22 7.0 32  1.7  35 28.113.6-9.9
5296520251223 21.8  8.5  0.009999-99.9-99.9-99.9-99.9 8.9 56 6.4 31  0.5  21 17.022.2-9.9
5296520251224 22.5 11.0  0.009999-99.9-99.9-99.9-99.912.7 80 5.4 26 -2.0  32 25.928.2-9.9
5296520251225 25.1 10.3  0.009999-99.9-99.9-99.9-99.915.0 95 6.5 32  0.7  23 18.231.8-9.9
5296520251226 21.7 13.6  6.519999-99.9-99.9-99.9-99.9 2.0 1313.3 77 10.9  23 18.111.321.1
5296520251227 28.6  7.3  0.009999-99.9-99.9-99.9-99.913.7 86 7.8 28  3.0  29 23.329.7-9.9
5296520251228 26.4 11.5  0.009999-99.9-99.9-99.9-99.913.8 87 8.0 39  3.1  17 13.329.9-9.9
5296520251229 29.1 12.8  0.009999-99.9-99.9-99.9-99.9 7.9 5010.4 32  7.4  23 18.220.6-9.9
5296520251230 31.6 17.4  0.009999-99.9-99.9-99.9-99.9 8.8 56 9.8 32  6.6  35 28.122.0-9.9
5296520251231 24.2  9.8  0.009999-99.9-99.9-99.9-99.915.0 95 8.1 45  3.7  19 15.131.8-9.9
5296520260101 21.3  8.2  0.009999-99.9-99.9-99.9-99.914.0 89 6.8 37  0.2  28 22.130.1-9.9
5296520260102 15.6  6.9  0.009999-99.9-99.9-99.9-99.9 4.3 27 9.1 74  5.4  19 15.514.917.5
5296520260103 27.0  9.0  0.009999-99.9-99.9-99.9-99.911.1 7012.8 54 10.5  20 15.825.522.4
5296520260104 31.5 12.7  0.009999-99.9-99.9-99.9-99.914.3 9113.8 46 11.7  15 11.730.6-9.9
5296520260105 28.1 13.1  0.009999-99.9-99.9-99.9-99.914.5 9211.9 45  9.5  20 16.030.7-9.9
5296520260106 20.3 10.0  0.009999-99.9-99.9-99.9-99.9 8.7 55 7.5 41  2.8  12  9.721.721.4
5296520260107 18.4  9.5  0.009999-99.9-99.9-99.9-99.9 9.0 57 7.3 51  2.3  18 14.522.1-9.9
5296520260108 27.2 11.0  0.009999-99.9-99.9-99.9-99.9 9.5 6112.1 56  9.7  19 15.022.924.9
5296520260109 29.8 13.2  0.009999-99.9-99.9-99.9-99.912.2 7810.1 35  7.1  16 12.527.0-9.9
5296520260110 29.3 13.1  0.009999-99.9-99.9-99.9-99.9 8.1 5214.3 55 11.8  24 19.320.6-9.9
5296520260111 25.6 12.2  0.009999-99.9-99.9-99.9-99.910.0 64 8.9 56  4.8  21 17.123.5-9.9
5296520260112 25.8  8.4  0.009999-99.9-99.9-99.9-99.913.1 85 8.0 27  3.2  21 16.728.4-9.9
5296520260113 28.0 12.4  0.009999-99.9-99.9-99.9-99.910.5 68 8.9 34  5.2  39 31.424.2-9.9
5296520260114 27.4 16.9  0.009999-99.9-99.9-99.9-99.9 9.3 60 8.9 32  4.9  37 29.822.3-9.9
5296520260115 23.7  9.9  0.009999-99.9-99.9-99.9-99.912.7 82 6.6 29  1.0  27 21.527.5-9.9
5296520260116 27.4 15.9  0.819999-99.9-99.9-99.9-99.910.2 66 8.0 35  3.2  42 33.723.7-9.9
5296520260117 21.3 11.8  0.219999-99.9-99.9-99.9-99.9 8.9 58 6.1 34 -0.2  30 24.221.6-9.9
5296520260118 21.6  4.6  0.009999-99.9-99.9-99.9-99.913.8 90 8.9 54  4.7  18 14.329.022.7
5296520260119 32.9 11.6  0.009999-99.9-99.9-99.9-99.913.2 86 9.4 26  5.6  23 18.828.1-9.9
5296520260120 32.3 11.7  0.009999-99.9-99.9-99.9-99.914.1 92 9.6 32  6.2  18 14.229.4-9.9
5296520260121 23.3 12.2  0.009999-99.9-99.9-99.9-99.913.3 87 9.0 53  5.0  26 20.928.1-9.9
5296520260122 21.9  4.1  0.009999-99.9-99.9-99.9-99.914.5 96 9.9 58  6.5  13 10.129.916.2
5296520260123 28.1 11.4  0.009999-99.9-99.9-99.9-99.913.9 9212.0 57  9.5  21 16.829.0-9.9
5296520260124 33.1 11.8  0.009999-99.9-99.9-99.9-99.914.4 95 6.8 19  0.9  22 17.529.6-9.9
5296520260125 31.1 14.8  0.009999-99.9-99.9-99.9-99.913.8 92 8.0 28  3.7  35 27.728.6-9.9
5296520260126 24.0 10.7  0.009999-99.9-99.9-99.9-99.914.2 95 8.6 47  4.3  27 21.929.2-9.9
5296520260127 29.8 12.8  0.009999-99.9-99.9-99.9-99.9 2.2 1413.7 58 11.5  26 20.410.7-9.9
5296520260128 28.9 10.8  0.009999-99.9-99.9-99.9-99.911.6 7814.2 68 12.1  15 12.425.019.2
5296520260129 28.4 11.6  0.009999-99.9-99.9-99.9-99.913.3 9016.4 82 14.3  17 13.727.515.4
5296520260130 31.9 15.3  0.009999-99.9-99.9-99.9-99.912.3 8317.2 55 15.1  18 14.225.9-9.9
5296520260131 26.7 13.0  0.009999-99.9-99.9-99.9-99.9 9.9 6711.3 54  8.4  29 22.922.2-9.9
5296520260201 18.4 11.1  0.009999-99.9-99.9-99.9-99.9 5.3 3611.6 71  8.4  16 12.515.213.5
5296520260202 15.1 10.0  2.019999-99.9-99.9-99.9-99.9 1.0  712.7 76 10.2  17 13.4 8.7 9.7
5296520260203 20.7  4.0  8.019999-99.9-99.9-99.9-99.911.4 7810.4 65  7.4  16 12.624.315.1
5296520260204 15.3 11.0  0.219999-99.9-99.9-99.9-99.9 4.4 3012.2 78  9.7  24 19.013.712.7
5296520260205 22.6  6.5  0.009999-99.9-99.9-99.9-99.9 3.6 24 9.1 58  5.5  19 15.512.420.9
5296520260206 28.0 10.9  0.009999-99.9-99.9-99.9-99.911.6 8011.0 54  8.1  19 14.924.2-9.9
5296520260207 26.2 11.7  0.009999-99.9-99.9-99.9-99.912.1 8412.7 61 10.4  15 12.024.819.9
5296520260208 20.0  8.3  0.009999-99.9-99.9-99.9-99.9 8.7 6013.6 74 11.4  19 15.119.710.9
5296520260209 25.2 13.4  0.009999-99.9-99.9-99.9-99.912.2 85 7.9 29  2.7  24 19.524.8-9.9
5296520260210 20.2 12.5  0.009999-99.9-99.9-99.9-99.9 3.1 22 8.0 48  3.6  30 24.211.4-9.9
5296520260211 16.9  7.8  1.219999-99.9-99.9-99.9-99.9 7.9 56 6.5 51  0.6  28 22.318.3-9.9
5296520260212 13.4  4.5  1.019999-99.9-99.9-99.9-99.9 7.1 50 8.6 78  4.7  25 20.117.014.7
5296520260213 21.6  3.8  0.009999-99.9-99.9-99.9-99.913.0 9210.0 66  6.6  14 11.225.513.5
5296520260214 21.3 10.4  0.009999-99.9-99.9-99.9-99.910.5 7510.1 48  6.5  22 17.821.8-9.9
5296520260215 22.0  7.9  0.009999-99.9-99.9-99.9-99.911.0 7912.1 74  9.5  21 16.922.517.8
5296520260216 26.5 12.3  0.009999-99.9-99.9-99.9-99.9 8.3 60 9.4 39  5.9  31 24.818.4-9.9
5296520260217 25.7 14.8  0.009999-99.9-99.9-99.9-99.910.7 77 8.9 43  4.6  32 25.921.8-9.9
5296520260218 22.1  6.5  0.009999-99.9-99.9-99.9-99.910.0 72 6.4 34  0.5  15 12.320.6-9.9
5296520260219 28.6 12.2  0.009999-99.9-99.9-99.9-99.9 2.0 14 9.7 41  6.4  27 21.5 9.2-9.9
5296520260220 32.1 17.1  0.009999-99.9-99.9-99.9-99.9 9.4 6913.0 50 10.7  15 11.819.6-9.9
5296520260221 34.7 15.3  0.009999-99.9-99.9-99.9-99.912.5 92 9.5 25  5.8  19 14.923.8-9.9
5296520260222 27.4 16.2  0.009999-99.9-99.9-99.9-99.9 9.4 6911.1 47  8.3  16 12.719.4-9.9
5296520260223 29.4 10.7  6.219999-99.9-99.9-99.9-99.9 6.1 4512.2 60  9.6  29 23.514.7-9.9
5296520260224 16.5  5.3  0.009999-99.9-99.9-99.9-99.911.9 88 8.0 59  3.5  30 23.822.5-9.9
5296520260225 18.6  5.2  0.009999-99.9-99.9-99.9-99.911.7 8711.4 82  8.8  17 13.722.210.2
5296520260226 29.5 11.6  0.009999-99.9-99.9-99.9-99.911.8 8811.5 58  8.7  21 16.622.1-9.9
5296520260227 27.0 12.2  0.009999-99.9-99.9-99.9-99.9 8.2 6111.9 51  9.5  20 16.117.0-9.9
5296520260228 25.3 14.4  0.009999-99.9-99.9-99.9-99.9 7.3 5510.3 45  7.3  28 22.515.8-9.9
5296520260301 20.9 10.7  0.819999-99.9-99.9-99.9-99.9 3.1 2311.2 71  8.1  16 12.9 9.917.8
5296520260302 24.8 11.5  0.009999-99.9-99.9-99.9-99.9 9.0 69 8.3 39  4.1  27 21.817.8-9.9
5296520260303 21.3  8.6  0.009999-99.9-99.9-99.9-99.9 4.2 32 8.2 50  3.7  27 21.911.3-9.9
5296520260304 18.9  6.5  0.009999-99.9-99.9-99.9-99.9 8.2 63 5.0 30 -2.9  30 23.816.5-9.9
5296520260305 21.6  7.0  0.009999-99.9-99.9-99.9-99.911.0 85 6.4 43  0.4  18 14.120.1-9.9
5296520260306 17.5  2.7  0.009999-99.9-99.9-99.9-99.911.4 88 9.6 73  6.3  12  9.920.4 9.6
5296520260307 16.0  9.6 10.819999-99.9-99.9-99.9-99.9-9.9 9914.7100 12.7  30 23.8 5.5-9.9
5296520260308 13.8 12.3 13.219999-99.9-99.9-99.9-99.9-9.9 9914.7 99 12.7  31 24.7 1.9-9.9
5296520260309 21.5 12.8  0.009999-99.9-99.9-99.9-99.9 4.2 3317.5 91 15.3  22 17.710.8 3.1
5296520260310 23.4 10.4  0.009999-99.9-99.9-99.9-99.911.4 9014.1 79 12.1  19 15.519.916.3
5296520260311 24.6 13.2  0.009999-99.9-99.9-99.9-99.9 4.9 3812.7 56 10.4  25 20.311.4-9.9
5296520260312 22.5  9.6  0.009999-99.9-99.9-99.9-99.911.1 88 8.8 50  4.8  23 18.319.1-9.9
5296520260313 18.8 11.8  0.009999-99.9-99.9-99.9-99.9 9.3 75 8.5 57  4.0  22 17.916.8-9.9
5296520260314 17.5 11.1  0.009999-99.9-99.9-99.9-99.9 3.3 2713.6 82 11.5  25 19.8 9.2 8.6
5296520260315 20.0  9.6  0.009999-99.9-99.9-99.9-99.9 7.3 59 8.1 48  3.6  23 18.114.0-9.9
5296520260316 19.5  8.3  0.009999-99.9-99.9-99.9-99.9 7.5 60 8.8 57  4.8  23 18.614.1-9.9
5296520260317 17.4  6.5  0.219999-99.9-99.9-99.9-99.9 7.6 62 6.1 42 -0.2  34 27.214.2-9.9
5296520260318 22.5  9.1  0.219999-99.9-99.9-99.9-99.9 6.3 51 9.2 58  5.6  24 19.012.4-9.9
5296520260319 17.1  7.2  0.009999-99.9-99.9-99.9-99.9 7.6 6210.2 83  7.2  18 14.413.914.4
5296520260320 16.2  4.3  0.009999-99.9-99.9-99.9-99.9 8.9 7410.4 84  7.4  13 10.615.3 6.5
5296520260321 16.9  6.6  0.009999-99.9-99.9-99.9-99.9 3.3 2710.1 74  7.0  19 15.2 8.611.7
5296520260322 12.3  2.8  0.009999-99.9-99.9-99.9-99.910.7 89 5.3 52 -2.2  21 16.617.222.7
5296520260323 19.6  3.1  0.009999-99.9-99.9-99.9-99.9 1.6 13 8.2 63  3.9  34 27.5 6.424.5
5296520260324 16.6  5.5  0.009999-99.9-99.9-99.9-99.9 9.7 82 5.0 36 -2.8  41 32.615.7-9.9
5296520260325 21.4  8.6  0.219999-99.9-99.9-99.9-99.9 8.6 73 5.8 37 -1.0  41 33.014.3-9.9
5296520260326 19.9  2.4  0.009999-99.9-99.9-99.9-99.9 8.6 73 6.7 51  0.9  17 13.414.219.5
5296520260327 23.6 10.8  0.009999-99.9-99.9-99.9-99.9 9.9 85 8.6 46  4.8  31 25.115.5-9.9
5296520260328 22.4 11.2  0.009999-99.9-99.9-99.9-99.9 8.3 71 7.6 44  2.9  25 19.713.5-9.9
5296520260329 24.4 14.1  0.009999-99.9-99.9-99.9-99.9 9.8 84 8.4 42  4.2  28 22.615.1-9.9
5296520260330 26.2 11.6  0.009999-99.9-99.9-99.9-99.9 9.9 86 9.4 48  5.7  24 19.215.0-9.9
5296520260331 20.9 13.8  0.009999-99.9-99.9-99.9-99.9 8.6 75 7.1 35  1.6  34 27.013.5-9.9
5296520260401 20.2  8.1  0.009999-99.9-99.9-99.9-99.9 9.8 85 6.6 40  1.0  31 24.914.6-9.9
5296520260402 23.6 10.1  0.519999-99.9-99.9-99.9-99.9 4.8 42 8.5 44  4.6  45 35.9 9.1-9.9
5296520260403 19.0  2.9  0.009999-99.9-99.9-99.9-99.910.0 88 5.6 44 -1.5  32 25.614.6-9.9
5296520260404 18.9  7.3  0.009999-99.9-99.9-99.9-99.9 8.1 71 8.2 57  4.1  15 11.812.415.4
5296520260405 19.5  6.3  0.009999-99.9-99.9-99.9-99.9 9.4 8410.1 79  7.1  15 11.713.611.1
5296520260406 18.5  5.0  0.009999-99.9-99.9-99.9-99.9 6.9 62 8.0 56  3.6  15 11.610.914.1
5296520260407 18.1  1.4  0.009999-99.9-99.9-99.9-99.9 8.8 7910.5 86  7.3  11  8.712.7 3.0
5296520260408 18.5  1.7  0.009999-99.9-99.9-99.9-99.9 9.2 83 6.8 55  1.3   8  6.813.0 9.4
5296520260409 23.7  6.0  0.009999-99.9-99.9-99.9-99.9 5.5 50 7.7 41  3.1  26 21.0 9.1-9.9
5296520260410 18.7  5.0  0.009999-99.9-99.9-99.9-99.9 7.8 7110.7 81  7.7  20 15.911.313.5
5296520260411 26.2 12.1  0.519999-99.9-99.9-99.9-99.9 6.7 6111.5 58  9.0  36 28.810.1-9.9
5296520260412 15.8  4.6  0.009999-99.9-99.9-99.9-99.9 9.0 83 7.6 60  2.4  18 14.712.216.8
5296520260413 18.1  6.9  0.009999-99.9-99.9-99.9-99.9 2.9 27 6.1 39 -0.1  30 24.2 6.2-9.9
5296520260414 18.0  9.2  0.009999-99.9-99.9-99.9-99.9 7.7 72 6.4 35 -0.1  34 27.510.8-9.9
5296520260415 18.5  6.9  0.009999-99.9-99.9-99.9-99.9 8.6 80 7.9 62  3.3  27 21.411.4-9.9
5296520260416 22.6  7.7  0.009999-99.9-99.9-99.9-99.9 4.6 43 9.9 48  6.8  21 16.8 7.523.1
5296520260417 17.8  5.2  0.009999-99.9-99.9-99.9-99.9 6.1 58 6.6 50  0.9  19 15.5 8.924.3
5296520260418 12.7  7.8  0.819999-99.9-99.9-99.9-99.9 2.3 2211.7 99  9.1  22 17.5 5.3 3.3
5296520260419 12.3  0.3  0.009999-99.9-99.9-99.9-99.9 8.5 81 6.6 69  0.9  22 17.210.913.1
5296520260420 16.9  5.2  0.009999-99.9-99.9-99.9-99.9 5.9 56 7.8 64  3.4  24 19.0 8.418.4
5296520260421 16.6  6.1  0.009999-99.9-99.9-99.9-99.9 4.3 41 8.4 67  4.4  26 20.6 6.820.9
5296520260422 16.3  6.3  0.009999-99.9-99.9-99.9-99.9 8.2 80 6.7 60  1.0  22 17.510.2-9.9
5296520260423 18.7  7.8  0.009999-99.9-99.9-99.9-99.9 7.5 73 7.1 51  1.9  39 31.0 9.5-9.9
5296520260424 11.9  0.1  0.009999-99.9-99.9-99.9-99.9 7.4 73 4.1 43 -5.6  24 19.3 9.3-9.9
5296520260425 11.3  0.6  0.009999-99.9-99.9-99.9-99.9 0.8  8 6.5 73  0.6  28 22.4 3.511.8
5296520260426  9.0 -0.3  0.009999-99.9-99.9-99.9-99.9 8.2 81 5.6 71 -1.4  21 16.9 9.710.3
5296520260427 15.6  2.8  0.009999-99.9-99.9-99.9-99.9 6.9 68 6.7 67  1.2  14 11.2 8.510.7
5296520260428  9.6  1.5  6.219999-99.9-99.9-99.9-99.9-9.9 99 9.2 99  5.5  18 14.6 1.1-9.9
5296520260429 14.1  2.6  0.519999-99.9-99.9-99.9-99.9 7.2 72 8.0 79  3.7  25 19.7 8.511.9
5296520260430 11.9  2.9  4.019999-99.9-99.9-99.9-99.9 4.5 45 8.7 86  4.9  14 11.5 6.3 3.0
5296520260501  7.9  0.6  0.009999-99.9-99.9-99.9-99.9 6.3 64 6.9 85  1.5  24 19.1 7.6 7.9
5296520260502  9.0 -1.8  0.219999-99.9-99.9-99.9-99.9 7.6 77 6.3 86  0.4  10  8.3 8.6 2.7
5296520260503 16.0  0.4  0.219999-99.9-99.9-99.9-99.9 5.3 54 8.9 70  5.3  21 17.0 6.7 7.0
5296520260504 12.6  4.9  0.009999-99.9-99.9-99.9-99.9 1.4 15 7.9 73  3.5  23 18.8 3.617.7
5296520260505 14.0 -0.5  0.219999-99.9-99.9-99.9-99.9 7.5 78 7.9 83  3.4   7  5.9 8.2 2.1
5296520260506 12.0  3.0 12.219999-99.9-99.9-99.9-99.9 3.5 3610.5 97  7.5   7  5.4 5.1 0.2
5296520260507  8.1  3.7  7.019999-99.9-99.9-99.9-99.9-9.9 99 8.3 98  4.3  30 23.9 1.9-9.9
5296520260508  7.8  3.5  0.219999-99.9-99.9-99.9-99.9 1.2 12 8.6 96  4.7  29 23.4 3.2 2.2
5296520260509  5.8  0.0  0.009999-99.9-99.9-99.9-99.9-9.9 99 7.3 98  2.4   9  6.8 1.9-9.9
5296520260510  8.8  1.3  0.009999-99.9-99.9-99.9-99.9 4.8 51 8.0 91  3.6  12  9.3 5.8 0.7
5296520260511 11.2  4.8  0.219999-99.9-99.9-99.9-99.9 5.9 63 9.4 86  6.0  24 19.0 6.5 6.7
5296520260512  7.4  0.0  0.009999-99.9-99.9-99.9-99.9 7.5 80 6.3 75  0.2  24 19.1 7.6 8.1
5296520260513 10.2  4.4  0.009999-99.9-99.9-99.9-99.9 2.3 24 8.4 86  4.5  17 14.0 3.8 4.2
5296520260514 10.7  2.5  1.519999-99.9-99.9-99.9-99.9 2.0 21 8.4 87  4.4   6  4.8 3.5 1.6
5296520260515  8.9  1.3  0.219999-99.9-99.9-99.9-99.9 5.2 57 7.2 85  2.2  10  7.8 5.8 3.0
5296520260516 14.0 -0.4  0.009999-99.9-99.9-99.9-99.9 6.9 75 7.1 75  1.9  18 14.6 6.8 6.2
5296520260517 13.9  0.0  0.009999-99.9-99.9-99.9-99.9 7.1 77 6.6 72  0.9  12 10.0 6.9 7.0
5296520260518 19.0  3.8  0.009999-99.9-99.9-99.9-99.9 4.3 47 9.7 73  6.4  19 15.5 5.011.4
5296520260519 13.1  1.2  0.009999-99.9-99.9-99.9-99.9 3.6 39 8.3 81  4.1  14 10.8 4.4 6.2
5296520260520 15.5  4.1  0.009999-99.9-99.9-99.9-99.9 5.2 57 8.8 72  4.7   6  5.1 5.4 3.5
5296520260521 16.4  2.9  0.009999-99.9-99.9-99.9-99.9 6.7 75 8.2 72  3.7   9  7.4 6.4 4.5
5296520260522 12.7  2.6  0.009999-99.9-99.9-99.9-99.9 6.7 75 7.5 74  2.5   9  7.2 6.3 4.8
5296520260523  8.4  0.8  0.009999-99.9-99.9-99.9-99.9 3.2 35 5.7 71 -1.0   6  4.5 4.0 3.3
5296520260524 10.8 -0.4  0.009999-99.9-99.9-99.9-99.9 4.8 54 5.6 68 -1.7   7  5.7 5.0 4.1
5296520260525 12.7  0.0  0.219999-99.9-99.9-99.9-99.9 5.9 66 5.8 68 -1.3   7  5.3 5.6 4.1
5296520260526 11.9  3.8  1.519999-99.9-99.9-99.9-99.9 1.2 14 5.1 45 -2.5  13 10.3 2.613.6
5296520260527  8.2  5.7  1.519999-99.9-99.9-99.9-99.9 0.3  3 4.0 38 -5.9  17 13.3 2.020.5
5296520260528  9.5  5.9  3.819999-99.9-99.9-99.9-99.9-9.9 99 3.9 36 -6.1  20 16.3 0.5-9.9
5296520260529 11.8  6.0  0.009999-99.9-99.9-99.9-99.9 3.9 45 3.5 31 -7.6   8  6.4 4.212.4
5296520260530 10.7  1.4  0.009999-99.9-99.9-99.9-99.9 6.2 71 3.1 35 -9.6   9  6.9 5.611.6
5296520260531  7.6  3.5  0.009999-99.9-99.9-99.9-99.9-9.9 99 3.9 58 -7.0  11  9.0 1.4-9.9
5296520260601  7.5  2.2  1.019999-99.9-99.9-99.9-99.9-9.9 99 2.5 28-14.4  16 12.7 1.7-9.9
5296520260602 10.1  7.5  1.019999-99.9-99.9-99.9-99.9-9.9 99 0.2  3-99.9  16 12.9 1.4-9.9
5296520260603 14.9  5.7  0.009999-99.9-99.9-99.9-99.9 5.1 59 4.1 42-99.9  16 12.9 4.824.6
5296520260604 12.1  0.1  0.009999-99.9-99.9-99.9-99.9 6.5 75 2.8 22-99.9   5  4.1 5.5 7.1
5296520260605  9.5  3.3  0.219999-99.9-99.9-99.9-99.9 0.5  6-9.9  0-99.9  16 12.5 2.0-9.9
5296520260606 11.3  4.7  0.009999-99.9-99.9-99.9-99.9 4.4 52 4.0 45-99.9  11  9.2 4.315.5
5296520260607 10.8 -0.3  0.219999-99.9-99.9-99.9-99.9 6.4 74 3.1 29-99.9   7  5.5 5.4 8.1
5296520260608 10.4  2.6  0.009999-99.9-99.9-99.9-99.9 5.9 70 3.5 40-99.9  18 14.0 5.122.2
5296520260609 12.4  5.8  0.009999-99.9-99.9-99.9-99.9 1.8 22 5.2 56-99.9  14 11.5 2.715.7
5296520260610 11.1  1.6  0.009999-99.9-99.9-99.9-99.9 5.5 65 6.4 70  0.5  23 18.7 4.814.1
5296520260611 11.7 -0.1  0.009999-99.9-99.9-99.9-99.9 1.7 19 8.4 83  4.4  25 19.7 2.6 3.6
5296520260612  7.0  0.0  6.519999-99.9-99.9-99.9-99.9 1.3 15 5.9 94 -1.0  41 32.5 2.312.5
5296520260613  5.8 -3.1  0.009999-99.9-99.9-99.9-99.9 6.5 76 5.4 75 -1.8  22 17.4 5.3 5.5
5296520260614 15.2  1.5  0.009999-99.9-99.9-99.9-99.9 6.6 78 8.0 76  3.7  20 16.4 5.3 8.4
5296520260615 16.2  5.5  0.009999-99.9-99.9-99.9-99.9 5.4 63 6.1 39 -0.3  26 20.8 4.6-9.9
5296520260616  8.8 -0.4  0.009999-99.9-99.9-99.9-99.9 6.3 74 6.3 81  0.4  20 16.4 5.113.2
5296520260617  8.3 -1.2  0.009999-99.9-99.9-99.9-99.9 0.6  7 7.6 85  2.9  17 13.7 1.9 2.8
5296520260618 12.6  1.5  0.009999-99.9-99.9-99.9-99.9 4.2 50 7.5 77  2.8  21 16.5 4.0 8.0
5296520260619  8.0 -0.4  0.009999-99.9-99.9-99.9-99.9-9.9 99 6.4 79  0.3  12  9.3 1.3-9.9
5296520260620  9.8  0.7  0.009999-99.9-99.9-99.9-99.9 5.4 64 7.0 82  1.7  17 14.0 4.6 6.5
5296520260621  8.6  0.7  0.009999-99.9-99.9-99.9-99.9 3.6 43 5.1 63 -3.7  21 16.7 3.614.0
5296520260622  9.6 -1.7  0.009999-99.9-99.9-99.9-99.9 8.2 98 5.8 76 -1.2   9  7.1 6.2 3.5
5296520260623  6.7 -0.9  0.519999-99.9-99.9-99.9-99.9 6.6 78 6.4 86  0.5  13 10.5 5.3 2.2
5296520260624  5.1 -1.7  0.009999-99.9-99.9-99.9-99.9 1.3 15 3.6 62 -8.8  12  9.9 2.310.5
5296520260625  7.9 -3.2  0.009999-99.9-99.9-99.9-99.9 3.6 43 5.0 59 -3.8  21 17.2 3.610.9
5296520260626 11.7  2.3  0.009999-99.9-99.9-99.9-99.9 2.1 25 6.8 81  1.1  12  9.8 2.8 7.1
5296520260627  7.8 -1.5  0.009999-99.9-99.9-99.9-99.9 6.9 82 4.8 62-99.9   8  6.2 5.5 5.0
5296520260628 10.2 -1.1  0.009999-99.9-99.9-99.9-99.9 4.1 49 5.5 71-99.9  20 16.2 3.911.5
5296520260629  9.1 -3.2  0.009999-99.9-99.9-99.9-99.9 7.7 90 5.7 73 -0.9  20 15.7 6.0 6.5
5296520260630  6.1 -0.7  0.219999-99.9-99.9-99.9-99.9 6.2 73 5.5 78 -1.5  34 27.3 5.115.1
5296520260701  3.4 -4.3  0.009999-99.9-99.9-99.9-99.9 3.0 35 4.8 83 -3.2  14 11.2 3.3 3.8
5296520260702 11.2 -2.7  0.009999-99.9-99.9-99.9-99.9 8.7 99 4.3 60 -5.0  12 10.0 6.6-9.9
5296520260703  9.8 -1.2  0.009999-99.9-99.9-99.9-99.9 7.2 85 4.6 65 -4.4   7  5.6 5.8 5.1
5296520260704  5.1 -6.0  0.009999-99.9-99.9-99.9-99.9 3.1 37 2.4 36-99.9  10  8.0 3.5 9.9
5296520260705  6.7 -4.9  0.009999-99.9-99.9-99.9-99.9 9.8 99 4.1 62 -7.0   6  5.0 7.4-9.9
5296520260706  8.9 -2.3  0.009999-99.9-99.9-99.9-99.9 6.0 70 5.8 70 -1.0  22 17.8 5.1 8.1
5296520260707  9.8  0.6  0.009999-99.9-99.9-99.9-99.9 6.7 78 7.9 85  3.5  17 13.4 5.6 8.0
5296520260708  4.9 -4.4  0.009999-99.9-99.9-99.9-99.9 9.5 99 5.2 87 -2.3   9  6.9 7.3-9.9
5296520260709  5.9 -7.9  0.009999-99.9-99.9-99.9-99.9 5.9 68 4.5 80 -5.2   8  6.5 5.2 1.5
5296520260710  5.8 -8.4  0.009999-99.9-99.9-99.9-99.9 9.4 99 4.4 80 -5.6   4  3.1 7.3-9.9
5296520260711  8.0 -4.8  0.219999-99.9-99.9-99.9-99.9 5.0 57 4.2 61-99.9   9  7.1 4.7 4.9
5296520260712  6.9 -4.5  3.519999-99.9-99.9-99.9-99.9 3.0 34 4.6 58-99.9  12  9.5 3.5 5.8
5296520260713  7.0  2.4  0.009999-99.9-99.9-99.9-99.9 2.6 30 1.3 14-99.9  15 12.1 3.424.3
5296520260714  9.8  1.2  0.009999-99.9-99.9-99.9-99.9 8.8100 2.4 23-99.9  10  8.0 7.212.9
5296520260715 13.0  1.1  0.519999-99.9-99.9-99.9-99.9 8.4 96 6.1 56-99.9  20 16.1 7.014.4
5296520260716  9.1  1.5 15.019999-99.9-99.9-99.9-99.9 3.2 36 6.8 74-99.9  16 12.9 3.8 7.8
5296520260717  4.6  1.0  4.019999-99.9-99.9-99.9-99.9-9.9 99 1.8 26-99.9  27 22.0 1.4-9.9
5296520260718  2.0 -1.3  0.009999-99.9-99.9-99.9-99.9 1.9 21 2.0 52-99.9  10  8.2 3.011.0
5296520260719  1.8 -4.3  0.009999-99.9-99.9-99.9-99.9 9.8 99 5.0 91 -2.9  14 11.4 8.1-9.9
5296520260720  1.3 -5.6  0.009999-99.9-99.9-99.9-99.9 7.1 79 4.6 94 -3.8  15 12.4 6.5 1.3
5296520260721 -0.4 -8.8  0.009999-99.9-99.9-99.9-99.910.5 99 3.9 93 -6.1  11  8.7 8.7-9.9
5296520260722  0.8-10.3  0.009999-99.9-99.9-99.9-99.9 8.6 95 4.5100 -4.6   9  7.0 7.6 0.0
5296520260723  3.4 -2.5  5.519999-99.9-99.9-99.9-99.9-9.9 99 2.9 51-99.9  15 12.3 1.4-9.9
5296520260724  4.7 -0.9  0.009999-99.9-99.9-99.9-99.9 8.0 88 4.1 58-99.9  15 12.3 7.3 9.7
5296520260725  4.2 -1.4  0.009999-99.9-99.9-99.9-99.910.6 99 6.4100  0.6  17 13.4 9.1-9.9
5296520260726  3.3 -2.4  0.009999-99.9-99.9-99.9-99.910.2 99 4.9 79-99.9  12  9.3 9.0-9.9
5296520260727  1.1 -1.3  3.519999-99.9-99.9-99.9-99.9-9.9 99 2.0 33-99.9  15 12.1 1.6-9.9
5296520260728  0.4 -1.6  0.009999-99.9-99.9-99.9-99.9 4.9 53 3.2 55-99.9   5  3.7 5.5 3.3
5296520260729  0.9 -5.6  0.009999-99.9-99.9-99.9-99.9 9.8 99 4.9100 -3.1   7  5.4 8.9-9.9
5296520260730  3.7 -7.5  9.019999-99.9-99.9-99.9-99.9 0.7  7 4.4 80-99.9  14 10.8 2.6 2.7
5296520260731  4.2  0.4  8.819999-99.9-99.9-99.9-99.9 1.4 15 0.1  1-99.9  16 12.9 3.2-9.9
5296520260801  5.8  1.7  5.019999-99.9-99.9-99.9-99.9 2.7 29 1.7 21-99.9  11  8.6 4.214.7
5296520260802  5.4  2.4 17.219999-99.9-99.9-99.9-99.9-9.9 99 2.1 38-99.9  21 16.5 1.7-9.9
5296520260803  6.1  1.9  0.009999-99.9-99.9-99.9-99.9 3.3 34 2.8 36-99.9  18 14.5 4.721.6
5296520260804  3.4 -1.2  0.219999-99.9-99.9-99.9-99.9 3.1 33 4.9 73-99.9   9  6.8 4.6 3.5
5296520260805  5.5 -0.3  0.009999-99.9-99.9-99.9-99.9 9.4 99 4.3 59-99.9  15 11.8 9.4 9.1
5296520260806  6.0 -1.7  0.009999-99.9-99.9-99.9-99.9 9.0 94 6.5 95  0.6  14 11.3 9.2 0.3
5296520260807  5.2 -0.4  0.009999-99.9-99.9-99.9-99.9 7.4 77 6.7 98  1.2  15 11.6 8.1 1.4
5296520260808  3.9 -1.2  0.219999-99.9-99.9-99.9-99.9 3.7 38 5.6 87 -1.2  28 22.1 5.3 4.9
5296520260809  4.1 -0.6  0.009999-99.9-99.9-99.9-99.911.3 99 5.7 87 -1.2  25 19.911.3-9.9
5296520260810  6.5 -1.6  0.009999-99.9-99.9-99.9-99.911.2 99 6.3 94  0.3  14 11.511.3-9.9
5296520260811  8.0 -2.0  0.009999-99.9-99.9-99.9-99.911.7 99 6.2 91  0.0   9  7.411.9-9.9
5296520260812  5.2 -2.4  0.009999-99.9-99.9-99.9-99.9 4.3 44 5.5 80 -1.7   8  6.2 6.1 1.9
5296520260813  7.4  3.2  0.009999-99.9-99.9-99.9-99.9 4.7 47 5.8 64 -1.5  16 12.5 6.410.2
5296520260814  9.0  4.6  1.019999-99.9-99.9-99.9-99.9 3.0 30 4.1 40-99.9  13 10.0 5.114.6
5296520260815 12.8  1.9  0.009999-99.9-99.9-99.9-99.9 8.6 85 4.7 52-99.9  15 12.1 9.815.8
5296520260816  5.9 -1.2  0.009999-99.9-99.9-99.9-99.9 3.0 30 5.6 78 -1.5  24 19.0 5.3 8.6
5296520260817 10.5 -1.5  0.009999-99.9-99.9-99.9-99.912.3 99 6.3 79 -0.3  13 10.613.2-9.9
5296520260818 12.7  3.2  0.009999-99.9-99.9-99.9-99.9 6.8 66 8.4 85  4.3  30 24.2 8.6 9.0
5296520260819  8.1 -1.2  0.009999-99.9-99.9-99.9-99.9 5.2 51 6.4 83  0.4  12  9.8 7.4 4.5
5296520260820  6.0 -0.9  0.009999-99.9-99.9-99.9-99.913.0 99 5.7 84 -0.9  26 20.814.3-9.9
5296520260821  9.8 -1.3  0.009999-99.9-99.9-99.9-99.910.3100 6.6 83  0.9  22 18.012.0 6.0
5296520260822  6.6  0.6  0.009999-99.9-99.9-99.9-99.9 8.1 78 6.7 81  1.0  17 13.210.2 4.5
5296520260823  6.2 -0.5  0.009999-99.9-99.9-99.9-99.9 6.1 58 6.1 81 -0.2  12  9.8 8.5 3.8
5296520260824  8.4  3.0  0.009999-99.9-99.9-99.9-99.9 5.9 57 5.3 62-99.9  18 14.7 8.513.9
5296520260825 14.1  3.7  5.819999-99.9-99.9-99.9-99.9 9.9 94 6.9 61-99.9  13 10.512.2 9.7
5296520260826 14.6  2.3  0.219999-99.9-99.9-99.9-99.9 9.4 88 4.8 41-99.9   8  6.411.8 9.3
5296520260827 13.2  4.2-99.999999-99.9-99.9-99.9-99.910.0 94 8.0 77  3.5  19 15.412.6 9.1
5296520260902-99.9-99.9  0.009999-99.9-99.9-99.9-99.9-9.9 99-9.9-99-99.9 -99-99.9-9.9-9.9
5296520260903 12.7 -0.1  0.009999-99.9-99.9-99.9-99.9 9.9 90 6.4 63  0.5  23 18.013.514.4
5296520260904  7.4  1.1  1.019999-99.9-99.9-99.9-99.9 8.3 75 6.2 84  0.0  35 28.211.914.7
5296520260905  1.4 -4.5-99.999999-99.9-99.9-99.9-99.9-9.9 99-9.9-99-99.9 -99-99.9-9.9-9.9
