5296420061107-99.9-99.9-99.999999-99.9-99.9-99.9-99.9-9.9 99-9.9-99-99.9 -99-99.9-9.9-9.9
5296420250424-99.9-99.9-99.999999-99.9-99.9-99.9-99.9-9.9 99-9.9-99-99.9 -99-99.9-9.9-9.9
5296420250425 11.4 -0.9  1.819999-99.9-99.9-99.9-99.9 3.2 32 6.5 83  0.6  20 16.2 5.3 8.5
5296420250426  9.8  1.5  0.009999-99.9-99.9-99.9-99.9 4.0 40 6.3 63  0.4  22 17.3 5.813.5
5296420250427 16.0  5.7  0.009999-99.9-99.9-99.9-99.9 6.8 69 7.6 61  3.1  21 16.9 8.016.9
5296420250428 16.0  3.4  0.009999-99.9-99.9-99.9-99.9 7.4 75 6.8 55  1.4  11  9.0 8.411.4
5296420250429 14.6  7.2  0.009999-99.9-99.9-99.9-99.9 3.1 32 7.6 64  2.9  12  9.6 4.912.2
5296420250430 14.5  3.7  0.009999-99.9-99.9-99.9-99.9 5.0 51 8.2 76  4.1   7  5.5 6.3 3.9
5296420250501  9.7  1.7  0.009999-99.9-99.9-99.9-99.9 5.0 51 8.0 87  3.7   6  4.9 6.2 1.5
5296420250502 12.9  2.9  0.009999-99.9-99.9-99.9-99.9 3.0 31 7.9 68  3.5   7  5.8 4.6 3.9
5296420250503 10.1  2.4  0.009999-99.9-99.9-99.9-99.9 6.4 67 4.8 52 -3.5  10  7.8 7.1 9.6
5296420250504  8.8 -1.4  0.009999-99.9-99.9-99.9-99.9 5.9 62 4.7 55 -3.5   8  6.3 6.6 6.0
5296420250505 10.2  2.2  0.009999-99.9-99.9-99.9-99.9-9.9 99 6.7 66  1.3  10  8.2 1.5-9.9
5296420250506 10.9  1.4  0.009999-99.9-99.9-99.9-99.9 4.9 52 6.0 60 -0.4   8  6.6 5.8 7.5
5296420250507  7.6 -1.4  0.819999-99.9-99.9-99.9-99.9 6.3 66 6.0 81 -0.3   6  5.0 6.6 2.4
5296420250508  6.7  0.2  0.009999-99.9-99.9-99.9-99.9 4.5 48 6.4 76  0.7  11  8.9 5.3 3.4
5296420250509 10.9  1.4  0.009999-99.9-99.9-99.9-99.9 5.7 61 5.7 65 -0.9   8  6.6 6.1 6.1
5296420250510 17.3  3.0  0.009999-99.9-99.9-99.9-99.9 5.8 62 7.0 56  1.8  14 11.1 6.112.5
5296420250511 12.2  2.9  0.009999-99.9-99.9-99.9-99.9-9.9 99 6.0 60 -0.2  13 10.0 1.5-9.9
5296420250512 13.0  7.0  0.009999-99.9-99.9-99.9-99.9 3.6 39 6.4 55  0.4  21 16.7 4.522.3
5296420250513 12.6 -0.1  0.009999-99.9-99.9-99.9-99.9 6.6 72 5.3 52 -1.9  18 14.2 6.416.0
5296420250514 10.2  2.1  0.009999-99.9-99.9-99.9-99.9 2.9 32 5.1 49 -2.5  23 18.3 3.920.5
5296420250515 10.5  3.4  0.009999-99.9-99.9-99.9-99.9 7.0 77 4.8 48 -3.4  33 26.7 6.5-9.9
5296420250516  7.8  1.3  5.219999-99.9-99.9-99.9-99.9 2.9 33 5.0 63 -2.7   9  7.4 3.8 6.6
5296420250517  3.7 -1.4  1.519999-99.9-99.9-99.9-99.9 0.2  2 5.5 97 -1.4  14 11.3 2.0 1.9
5296420250518  1.3 -5.7  0.009999-99.9-99.9-99.9-99.9 5.0 56 4.9 88 -3.2  10  8.0 5.0 1.0
5296420250519  2.8 -5.0  0.009999-99.9-99.9-99.9-99.9 7.0 78 4.2 74 -5.0   9  7.3 6.2 3.7
5296420250520 -0.9 -9.3  0.009999-99.9-99.9-99.9-99.9 6.9 78 3.4 86 -7.9   6  4.5 6.1 1.2
5296420250521  4.5-10.1  0.009999-99.9-99.9-99.9-99.9 6.5 74 4.3 79 -5.1   8  6.7 5.8 0.4
5296420250522  6.4 -3.8  0.009999-99.9-99.9-99.9-99.9 5.4 61 5.7 81 -0.9   7  5.5 5.0 1.2
5296420250523  8.7 -0.3  0.009999-99.9-99.9-99.9-99.9 6.0 69 6.0 72 -0.3   8  6.1 5.3 3.4
5296420250524  6.4  1.4  0.009999-99.9-99.9-99.9-99.9-9.9 99 6.1 72 -0.1  12  9.9 1.7-9.9
5296420250525  8.1  2.7  5.219999-99.9-99.9-99.9-99.9-9.9 99 7.2 86  2.2   8  6.7 1.3-9.9
5296420250526  2.8 -1.2  4.219999-99.9-99.9-99.9-99.9-9.9 99 5.2 88 -2.2  12  9.8 1.6-9.9
5296420250527  1.2 -6.6  0.819999-99.9-99.9-99.9-99.9 6.6 77 4.6 89 -3.8   4  3.5 5.5 0.7
5296420250528  9.9 -3.3  0.519999-99.9-99.9-99.9-99.9 6.0 70 6.7 78  1.2   8  6.3 5.1 2.1
5296420250529  8.6  1.7  0.009999-99.9-99.9-99.9-99.9-9.9 99 6.6 78  0.9  10  8.0 1.4-9.9
5296420250530  7.1  2.8  0.009999-99.9-99.9-99.9-99.9 0.2  2 5.9 74 -0.5  13 10.6 1.7 7.4
5296420250531  7.9  0.8  0.009999-99.9-99.9-99.9-99.9 5.5 65 5.5 63 -1.4   7  5.6 4.7 4.4
5296420250601  7.4  1.3  0.009999-99.9-99.9-99.9-99.9 1.1 13 6.3 73  0.3   8  6.6 2.1 4.5
5296420250602-99.9-99.9-99.999999-99.9-99.9-99.9-99.9 1.3 15 5.2 67 -2.2 -99-99.9 2.3-9.9
5296420250603  9.7  2.7  0.009999-99.9-99.9-99.9-99.9 6.9 82 5.8 63 -0.6  19 15.2 5.312.2
5296420250604  4.9 -0.6  0.009999-99.9-99.9-99.9-99.9 0.4  5 5.1 63 -2.6  18 14.5 1.7 9.2
5296420250605 11.5  4.4  0.009999-99.9-99.9-99.9-99.9 2.1 25 6.9 65  1.7  22 17.9 2.615.5
5296420250606 11.5  2.5  0.009999-99.9-99.9-99.9-99.9 4.6 56 7.1 76  2.0   5  3.9 4.0 3.0
5296420250607  7.4 -0.9  0.009999-99.9-99.9-99.9-99.9 4.1 49 6.3 88  0.3   5  4.1 3.7 1.1
5296420250608  7.7 -1.4  0.009999-99.9-99.9-99.9-99.9 4.5 54 6.2 86  0.2   4  3.2 3.9 0.7
5296420250609  8.6 -0.6  0.009999-99.9-99.9-99.9-99.9 3.1 38 6.7 87  1.2   9  6.8 3.1 1.5
5296420250610 11.7  2.2  0.009999-99.9-99.9-99.9-99.9 0.7  9 7.9 78  3.4   7  5.8 1.8 2.9
5296420250611 12.4  4.0  0.009999-99.9-99.9-99.9-99.9 0.5  6 6.4 61  0.6   5  4.4 1.7 6.0
5296420250612  5.7  0.4  1.019999-99.9-99.9-99.9-99.9-9.9 99 6.7 79  1.2   4  3.2 1.1-9.9
5296420250613  6.3  0.0  0.009999-99.9-99.9-99.9-99.9 4.0 49 5.8 74 -0.8   8  6.0 3.5 3.0
5296420250614  8.5  1.3  0.219999-99.9-99.9-99.9-99.9 1.3 16 6.1 68 -0.1   8  6.4 2.1 4.6
5296420250615  4.1 -1.2  6.819999-99.9-99.9-99.9-99.9-9.9 99 5.7 90 -0.9   6  5.0 0.2-9.9
5296420250616  3.3 -0.7  0.009999-99.9-99.9-99.9-99.9 2.9 36 5.7 92 -1.1   4  3.6 2.9 0.8
5296420250617  5.3 -2.2  0.009999-99.9-99.9-99.9-99.9 2.3 28 5.4 79 -1.8   6  4.7 2.6 1.7
5296420250618  8.2 -1.0  0.009999-99.9-99.9-99.9-99.9-9.9 99 6.1 78  0.0  11  9.1 0.4-9.9
5296420250619  9.1  2.9  0.009999-99.9-99.9-99.9-99.9 4.3 53 7.2 81  2.2   7  5.6 3.6 3.3
5296420250620  5.1 -1.6  0.009999-99.9-99.9-99.9-99.9 3.8 46 5.1 67 -2.4  11  8.9 3.4 5.2
5296420250621  8.1  1.3  0.009999-99.9-99.9-99.9-99.9-9.9 99 5.9 72 -0.7  21 16.9 0.9-9.9
5296420250622  5.2 -2.0  0.009999-99.9-99.9-99.9-99.9 6.0 73 4.4 65 -4.5   8  6.5 4.5 4.2
5296420250623 12.0 -0.4  0.009999-99.9-99.9-99.9-99.9 2.7 33 5.9 57 -0.7  20 16.3 2.814.5
5296420250624  6.0 -0.6  0.009999-99.9-99.9-99.9-99.9 2.4 29 5.4 83 -1.8  10  8.1 2.7 4.4
5296420250625  2.3 -3.9  0.009999-99.9-99.9-99.9-99.9 3.9 48 4.0 64 -5.7  23 18.4 3.510.2
5296420250626  1.2 -3.0  0.009999-99.9-99.9-99.9-99.9 4.6 56 4.0 74 -5.8  14 11.0 3.8 5.9
5296420250627 -0.6-11.7  0.009999-99.9-99.9-99.9-99.9 1.5 19 4.4 98 -4.5   8  6.5 2.2 0.2
5296420250628 -0.9 -9.6  0.009999-99.9-99.9-99.9-99.9 6.2 75 3.8 86 -6.4   5  3.8 4.7 1.2
5296420250629 -2.5-13.9  0.009999-99.9-99.9-99.9-99.9 6.9 83 2.5 77-11.7   6  5.2 5.0 1.6
5296420250630  0.1-12.3  0.009999-99.9-99.9-99.9-99.9 5.1 62 2.9 68-10.1   7  5.3 4.1 1.9
5296420250701  2.6 -7.4  0.009999-99.9-99.9-99.9-99.9 6.2 75 4.8 88 -3.4   6  5.2 4.7 0.5
5296420250702  6.6 -2.9  0.009999-99.9-99.9-99.9-99.9 0.7  9 6.2 87  0.2   7  5.6 1.8 1.4
5296420250703  6.3  0.2  0.009999-99.9-99.9-99.9-99.9 1.6 19 5.4 70 -1.8   7  5.9 2.3 4.1
5296420250704  4.3 -4.8  0.009999-99.9-99.9-99.9-99.9 6.2 75 5.1 88 -2.5   6  4.4 4.8 1.0
5296420250705  2.9 -2.5  0.009999-99.9-99.9-99.9-99.9 4.0 49 5.4 85 -1.9   7  5.5 3.7 1.6
5296420250706  1.6 -5.0  0.009999-99.9-99.9-99.9-99.9 5.5 66 4.8 92 -3.3   2  1.9 4.5 0.4
5296420250707  7.9 -6.2  0.009999-99.9-99.9-99.9-99.9 1.3 16 5.3 71 -2.2   7  5.9 2.2 0.8
5296420250708  9.0 -0.8  0.009999-99.9-99.9-99.9-99.9 5.1 60 5.6 67 -1.1  15 12.4 4.3 8.1
5296420250709 10.3  4.0  0.009999-99.9-99.9-99.9-99.9 4.8 57 6.0 56 -0.2  16 12.5 4.212.6
5296420250710 12.8  4.4  0.819999-99.9-99.9-99.9-99.9 0.8 10 6.7 67  1.3  25 19.9 2.019.2
5296420250711  7.2 -0.2  0.009999-99.9-99.9-99.9-99.9 5.3 62 4.9 55 -3.1  15 11.6 4.5 9.8
5296420250712 11.9  3.2  0.009999-99.9-99.9-99.9-99.9 3.4 41 6.4 60  0.5  20 15.8 3.514.3
5296420250713  8.4  1.6  0.009999-99.9-99.9-99.9-99.9 0.3  4 6.3 72  0.3  10  7.6 1.8 5.9
5296420250714 10.7  3.0  0.009999-99.9-99.9-99.9-99.9 0.6  7 7.4 76  2.6   8  6.4 2.0 3.8
5296420250715  8.6  1.8  0.009999-99.9-99.9-99.9-99.9 6.2 73 5.2 60 -2.2  15 11.8 5.211.1
5296420250716 13.2  1.7  0.009999-99.9-99.9-99.9-99.9 0.5  5 6.1 54 -0.2  17 13.3 1.913.8
5296420250717 11.5  0.1  0.009999-99.9-99.9-99.9-99.9-9.9 99 6.9 81  1.6   9  7.1 1.0-9.9
5296420250718 13.1  2.5  0.009999-99.9-99.9-99.9-99.9 2.9 33 7.5 76  2.8  15 11.9 3.4 8.3
5296420250719  6.6  1.0  0.009999-99.9-99.9-99.9-99.9 6.8 78 4.6 62 -3.9  26 20.6 5.717.2
5296420250720  6.8 -0.9  0.009999-99.9-99.9-99.9-99.9 6.6 75 4.3 59 -4.9  14 11.1 5.7 9.2
5296420250721  6.0 -4.8  0.009999-99.9-99.9-99.9-99.9 6.8 77 4.2 70 -5.1   6  4.6 5.9 3.1
5296420250722  7.7 -5.6  0.009999-99.9-99.9-99.9-99.9 6.6 75 4.3 71 -4.6   5  4.2 5.8 2.2
5296420250723  5.6 -4.0  0.009999-99.9-99.9-99.9-99.9 1.2 14 3.8 53 -6.3   4  3.1 2.5 2.6
5296420250724  5.9 -3.8  0.519999-99.9-99.9-99.9-99.9-9.9 99 5.1 94 -2.7   6  4.6 1.2-9.9
5296420250725 -2.1-11.7  0.009999-99.9-99.9-99.9-99.9 7.4 82 3.0 84 -9.5   1  1.0 6.5 0.4
5296420250726  0.4-12.1  0.009999-99.9-99.9-99.9-99.9 7.5 83 2.7 69-11.0   2  1.8 6.6 0.8
5296420250727  3.7 -9.8  0.009999-99.9-99.9-99.9-99.9 7.1 78 4.1 81 -5.7   5  4.3 6.4 0.7
5296420250728  6.0 -3.2  0.519999-99.9-99.9-99.9-99.9 5.4 59 5.5 87 -1.5   6  4.5 5.4 1.3
5296420250729  9.6 -2.4  0.819999-99.9-99.9-99.9-99.9 4.5 49 6.1 93 -0.2   4  3.5 4.9 0.2
5296420250730  1.0 -1.3  3.519999-99.9-99.9-99.9-99.9-9.9 99 5.9 98 -0.4  11  8.5 0.7-9.9
5296420250731  4.0 -1.7  0.219999-99.9-99.9-99.9-99.9 4.0 43 6.1 97 -0.1   4  2.9 4.7 0.1
5296420250801  1.0 -2.2  1.219999-99.9-99.9-99.9-99.9-9.9 99 5.6 96 -1.2   5  3.7 0.9-9.9
5296420250802  1.8 -1.4  1.019999-99.9-99.9-99.9-99.9-9.9 99 5.5 96 -1.5   5  4.3 0.8-9.9
5296420250803  2.1 -1.4  3.819999-99.9-99.9-99.9-99.9 1.9 21 5.5 93 -1.5   2  1.4 3.4 0.3
5296420250804  1.8 -1.4  0.009999-99.9-99.9-99.9-99.9 2.5 26 5.6 97 -1.2   6  4.7 3.9 0.6
5296420250805  2.7 -3.5  0.009999-99.9-99.9-99.9-99.9 5.7 61 5.4 94 -1.8   4  3.0 6.2 0.4
5296420250806  8.5 -4.0  0.009999-99.9-99.9-99.9-99.9 7.0 74 5.0 73 -2.7   5  4.2 7.2 1.7
5296420250807  9.3 -1.2  0.009999-99.9-99.9-99.9-99.9 5.5 58 5.4 71 -1.8   5  4.1 6.2 2.9
5296420250808  9.2 -2.9  0.009999-99.9-99.9-99.9-99.9 7.1 74 5.7 81 -1.1   4  3.3 7.4 1.4
5296420250809  8.4 -1.5  0.009999-99.9-99.9-99.9-99.9 3.4 35 5.8 79 -0.8   5  3.8 4.8 1.7
5296420250810  6.2 -2.8  0.219999-99.9-99.9-99.9-99.9 4.6 48 6.2 87  0.0   5  3.7 5.8 0.6
5296420250811 10.5 -1.1  0.219999-99.9-99.9-99.9-99.9 5.9 61 6.8 86  1.5   3  2.7 6.9 0.9
5296420250812  4.4 -1.1  0.009999-99.9-99.9-99.9-99.9 3.2 33 6.2 90  0.1   4  2.8 4.9 0.9
5296420250813 10.2 -1.7  0.009999-99.9-99.9-99.9-99.9 8.4 86 5.9 82 -0.6   4  3.5 8.9 1.4
5296420250814 11.6 -4.5  0.009999-99.9-99.9-99.9-99.9 8.5 86 5.1 69 -2.4   7  5.7 9.1 3.4
5296420250815  9.1  0.2  0.009999-99.9-99.9-99.9-99.9 4.5 45 6.7 82  1.2   5  4.2 6.1 2.5
5296420250816 11.4 -3.4  0.009999-99.9-99.9-99.9-99.9 6.4 64 5.9 79 -0.6   4  3.0 7.7 1.3
5296420250817  7.0 -2.2  0.009999-99.9-99.9-99.9-99.9 1.3 13 6.3 93  0.5   4  3.1 3.7 0.8
5296420250818 11.1 -2.8  0.009999-99.9-99.9-99.9-99.9 3.8 38 6.9 83  1.4   7  5.2 5.8 0.9
5296420250819 11.1  3.7  0.009999-99.9-99.9-99.9-99.9 4.7 46 6.0 57 -0.4  14 10.9 6.610.2
5296420250820 11.0  1.5  0.009999-99.9-99.9-99.9-99.9 8.0 78 5.0 59 -2.7  14 11.1 9.411.5
5296420250821  5.4 -1.9  0.009999-99.9-99.9-99.9-99.9 1.9 18 4.5 61 -4.3   6  4.6 4.4 4.0
5296420250822  7.4 -5.0  0.009999-99.9-99.9-99.9-99.9 7.1 69 3.9 59 -6.1  12  9.2 8.9 6.9
5296420250823  9.4  1.8  0.009999-99.9-99.9-99.9-99.9 2.3 22 5.5 59 -1.4  17 13.4 4.911.8
5296420250824 13.8  2.6  0.009999-99.9-99.9-99.9-99.9 8.9 86 5.0 46 -2.8  21 16.910.722.1
5296420250825 11.3 -2.4  0.009999-99.9-99.9-99.9-99.9 5.7 55 5.4 61 -1.7  11  9.2 8.0 8.5
5296420250826 12.7  3.3  0.009999-99.9-99.9-99.9-99.9 1.1 11 5.7 53 -1.1  16 12.9 4.115.8
5296420250827 15.9  5.8  0.009999-99.9-99.9-99.9-99.9 6.3 60 5.9 50 -0.7  10  8.3 8.712.4
5296420250828  7.7  4.0  0.009999-99.9-99.9-99.9-99.9 0.5  4 6.6 71  0.9   8  6.1 3.6 4.9
5296420250829 10.7 -5.0  0.009999-99.9-99.9-99.9-99.9 9.4 88 4.9 66 -3.2   5  4.211.7 3.8
5296420250830 13.3 -3.6  0.009999-99.9-99.9-99.9-99.9 9.7 90 3.9 41 -6.1  14 11.012.113.3
5296420250831 12.7  3.7  0.009999-99.9-99.9-99.9-99.9 5.4 50 5.2 48 -2.4  14 11.0 8.314.7
5296420250901 10.6 -0.1  0.009999-99.9-99.9-99.9-99.9 9.5 88 4.3 50 -5.1  11  9.012.311.9
5296420250902  6.8 -1.4  0.009999-99.9-99.9-99.9-99.9 6.8 62 3.8 52 -6.5  19 14.8 9.915.7
5296420250903  6.3 -5.2  0.009999-99.9-99.9-99.9-99.9 8.0 73 3.3 48 -8.4  14 11.211.110.6
5296420250904 13.3 -0.4  0.009999-99.9-99.9-99.9-99.9 9.6 87 3.6 40 -7.3   6  5.012.8 7.9
5296420250905 16.6 -1.8  0.009999-99.9-99.9-99.9-99.9 6.5 59 4.7 48 -3.6   6  5.0 9.9 6.9
5296420250906 18.2 -2.1  0.009999-99.9-99.9-99.9-99.9 9.2 83 5.2 47 -2.2   7  5.212.7 7.5
5296420250907 16.1 -3.1  0.009999-99.9-99.9-99.9-99.9 9.0 81 4.9 54 -3.0   5  4.012.6 5.6
5296420250908 12.4 -2.6  0.009999-99.9-99.9-99.9-99.9 8.3 74 5.3 60 -2.0  12  9.712.1 9.7
5296420250909 14.6  2.2  0.009999-99.9-99.9-99.9-99.9 7.3 65 6.8 69  1.5  11  9.011.2 9.1
5296420250910 16.2  0.7  0.009999-99.9-99.9-99.9-99.9 7.2 63 6.9 64  1.6  13 10.511.2 9.7
5296420250911 15.4  5.1  0.009999-99.9-99.9-99.9-99.9 6.0 53 5.3 43 -2.1  15 11.710.118.8
5296420250912 15.7  4.0  0.009999-99.9-99.9-99.9-99.9 1.4 13 4.6 34 -4.1  16 12.6 5.422.4
5296420250913 14.1  2.6  0.009999-99.9-99.9-99.9-99.9 9.8 85 4.7 44 -3.6  23 18.714.3-9.9
5296420250914 11.8  2.2  0.009999-99.9-99.9-99.9-99.9 1.3 11 5.3 49 -2.0  20 15.9 5.419.9
5296420250915 12.6  5.9  1.819999-99.9-99.9-99.9-99.9 1.1  9 6.1 55 -0.2  17 13.5 5.217.6
5296420250916  7.2 -1.9  0.009999-99.9-99.9-99.9-99.9 5.7 49 5.3 78 -2.0   6  5.110.3 3.5
5296420250917 11.4 -5.4  0.009999-99.9-99.9-99.9-99.910.5 89 4.4 61 -4.4   5  4.315.6 4.9
5296420250918 10.7  2.0  0.009999-99.9-99.9-99.9-99.9 6.4 54 6.1 71 -0.1   6  5.111.3 5.1
5296420250919 13.9 -4.9  0.009999-99.9-99.9-99.9-99.910.2 86 4.6 55 -4.0   5  4.115.6 5.3
5296420250920 17.8 -1.8  0.009999-99.9-99.9-99.9-99.9 9.7 81 5.0 44 -2.7   7  5.615.2 9.1
5296420250921 14.6 -1.4  0.009999-99.9-99.9-99.9-99.9 7.7 64 5.1 51 -2.5  15 12.313.115.5
5296420250922  8.5 -2.9  0.009999-99.9-99.9-99.9-99.9 9.5 79 4.0 61 -6.0  13 10.115.311.6
5296420250923 10.9 -8.0  0.009999-99.9-99.9-99.9-99.910.7 88 3.7 49 -6.8   8  6.616.8 7.5
5296420250924 14.7  1.5  0.009999-99.9-99.9-99.9-99.9 0.9  7 5.3 48 -2.2   8  6.6 5.6 9.4
5296420250925 21.8  8.1  0.009999-99.9-99.9-99.9-99.9 5.8 47 6.4 39  0.7  14 10.811.321.0
5296420250926 15.9  2.6  0.819999-99.9-99.9-99.9-99.9 6.9 56 6.8 54  1.0  12  9.512.813.2
5296420250927 18.7  4.9  0.009999-99.9-99.9-99.9-99.9 7.0 57 6.1 44 -0.1  21 16.513.1-9.9
5296420250928 12.9  3.7  0.819999-99.9-99.9-99.9-99.9 8.4 67 4.4 46 -4.6  36 28.714.8-9.9
5296420250929 11.5  1.3  0.009999-99.9-99.9-99.9-99.910.7 85 4.6 48 -3.8  29 23.417.6-9.9
5296420250930 13.0  0.8  0.219999-99.9-99.9-99.9-99.9 9.3 74 5.2 52 -2.3  36 28.516.2-9.9
5296420251001 14.8  6.1  0.219999-99.9-99.9-99.9-99.910.0 79 6.1 49  0.0  31 24.617.1-9.9
5296420251002 13.8  3.9  0.009999-99.9-99.9-99.9-99.9 4.8 38 5.4 44 -2.2  24 19.410.9-9.9
5296420251003 11.9  3.8  0.009999-99.9-99.9-99.9-99.9 3.3 26 4.5 52 -4.3  10  8.2 9.212.1
5296420251004 11.3 -1.4  0.009999-99.9-99.9-99.9-99.9 9.5 74 4.3 43 -5.0   5  4.016.9 6.6
5296420251005 13.6 -4.1  0.009999-99.9-99.9-99.9-99.910.1 79 4.3 44 -4.7  13 10.717.812.9
5296420251006 11.0  2.2  0.009999-99.9-99.9-99.9-99.9 2.9 23 5.2 50 -2.2  26 21.0 9.024.7
5296420251007 16.4  5.0  0.219999-99.9-99.9-99.9-99.9 7.5 57 5.6 42 -1.3  24 19.614.8-9.9
5296420251008 12.6  4.8  0.009999-99.9-99.9-99.9-99.9 8.5 65 5.5 49 -1.7  39 31.116.2-9.9
5296420251009 11.0  1.5  0.009999-99.9-99.9-99.9-99.9 6.6 51 4.2 44 -5.0  33 26.414.0-9.9
5296420251010 15.3  1.8  0.009999-99.9-99.9-99.9-99.911.6 88 4.4 39 -4.5  15 12.220.420.3
5296420251011 14.6 -2.0  0.009999-99.9-99.9-99.9-99.9 9.3 71 5.2 45 -2.2  23 18.517.623.1
5296420251012 18.2  7.7  0.009999-99.9-99.9-99.9-99.9 5.4 41 5.6 39 -1.2  20 15.712.7-9.9
5296420251013 13.3  3.4  0.009999-99.9-99.9-99.9-99.912.2 92 5.0 45 -2.8  34 27.621.7-9.9
5296420251014 16.3  2.5  0.009999-99.9-99.9-99.9-99.9 7.3 54 5.0 41 -2.8  20 16.315.324.8
5296420251015 13.8 -1.8  0.009999-99.9-99.9-99.9-99.9 7.5 56 4.7 45 -3.7  16 13.115.818.3
5296420251016 12.3  2.4  0.009999-99.9-99.9-99.9-99.9 4.8 36 4.4 43 -4.7  28 22.212.3-9.9
5296420251017 11.4  1.0  0.009999-99.9-99.9-99.9-99.9 5.1 38 4.7 43 -3.7  19 15.312.820.4
5296420251018 21.1  6.4  0.009999-99.9-99.9-99.9-99.9 8.5 63 5.4 36 -1.7  20 15.817.4-9.9
5296420251019 23.4  8.1  0.009999-99.9-99.9-99.9-99.9 6.7 49 5.4 35 -1.9  13 10.115.122.9
5296420251020 15.6  6.2  0.009999-99.9-99.9-99.9-99.9 6.3 46 5.0 42 -2.7  24 19.114.7-9.9
5296420251021 14.4  2.1  0.009999-99.9-99.9-99.9-99.910.1 73 4.5 41 -4.1  23 18.819.9-9.9
5296420251022 18.6  3.1  0.009999-99.9-99.9-99.9-99.9 8.3 60 4.9 41 -3.0  22 17.417.6-9.9
5296420251023 14.4  2.7  0.009999-99.9-99.9-99.9-99.910.8 78 4.6 41 -3.8  17 13.821.122.7
5296420251024 13.4  0.8  0.819999-99.9-99.9-99.9-99.910.2 73 4.5 42 -4.4  24 19.120.3-9.9
5296420251025 10.7  0.5  2.519999-99.9-99.9-99.9-99.9 7.8 56 3.5 37 -7.7  33 26.717.2-9.9
5296420251026  7.3 -1.6  2.219999-99.9-99.9-99.9-99.9 4.6 32 5.4 68 -1.9   7  5.812.8 4.8
5296420251027 17.8 -2.8  0.009999-99.9-99.9-99.9-99.913.5 95 3.9 33 -6.3   9  6.925.413.1
5296420251028 22.6  5.8  0.009999-99.9-99.9-99.9-99.911.1 78 3.7 22 -6.7  17 13.722.2-9.9
5296420251029 19.3  9.4  0.009999-99.9-99.9-99.9-99.911.6 81 5.5 35 -1.4  22 17.422.9-9.9
5296420251030 16.0  9.2  0.009999-99.9-99.9-99.9-99.9-9.9 99 6.3 45  0.4  16 12.9 6.5-9.9
5296420251031 15.2  3.3  0.009999-99.9-99.9-99.9-99.9 7.5 52 5.4 44 -1.7  24 19.517.3-9.9
5296420251101 15.7  5.5  0.009999-99.9-99.9-99.9-99.913.1 91 4.2 28 -5.2  34 27.525.4-9.9
5296420251102 16.2  6.5  0.009999-99.9-99.9-99.9-99.912.6 87 4.0 28 -5.8  34 26.924.9-9.9
5296420251103 17.6  3.0  0.009999-99.9-99.9-99.9-99.912.9 89 4.1 29 -5.6  20 16.025.4-9.9
5296420251104 20.1  1.0  0.009999-99.9-99.9-99.9-99.914.3 98 3.3 25 -8.2  11  8.427.521.6
5296420251105 18.2 -1.5  0.009999-99.9-99.9-99.9-99.911.6 79 4.6 32 -4.0   8  6.123.814.3
5296420251106 20.0  0.7  0.009999-99.9-99.9-99.9-99.913.7 93 5.4 38 -1.7   7  5.726.813.7
5296420251107 22.3  2.1  0.009999-99.9-99.9-99.9-99.913.8 94 5.8 32 -0.9  10  8.327.119.5
5296420251108 21.4  2.7  0.009999-99.9-99.9-99.9-99.913.7 93 5.4 32 -1.7   8  6.327.117.3
5296420251109 27.0  3.9  0.009999-99.9-99.9-99.9-99.913.4 90 5.3 27 -1.9   6  5.126.816.5
5296420251110 27.8  6.3  0.219999-99.9-99.9-99.9-99.9 9.4 63 8.1 48  3.6   9  7.320.917.9
5296420251111 18.0  7.9  0.009999-99.9-99.9-99.9-99.9 2.9 19 7.7 48  2.9  16 12.611.520.1
5296420251112 18.5  7.4  0.009999-99.9-99.9-99.9-99.914.8 99 5.3 33 -2.1  34 27.529.1-9.9
5296420251113 18.1  6.3  0.009999-99.9-99.9-99.9-99.9 7.7 51 5.7 40 -0.9  29 23.118.6-9.9
5296420251114 19.7 11.6  0.009999-99.9-99.9-99.9-99.9-9.9 99 7.2 37  2.2  31 24.7 7.3-9.9
5296420251115 16.6  8.0  0.009999-99.9-99.9-99.9-99.911.5 76 4.6 31 -4.2  37 29.624.6-9.9
5296420251116 11.9  1.2  0.009999-99.9-99.9-99.9-99.9 3.9 26 4.5 41 -4.3  22 17.313.3-9.9
5296420251117 12.7  5.3  0.009999-99.9-99.9-99.9-99.913.1 86 5.3 42 -2.6  49 39.127.0-9.9
5296420251118 15.3  2.5  0.009999-99.9-99.9-99.9-99.9 9.4 61 3.8 28 -6.6  28 22.521.5-9.9
5296420251119 14.7 -0.2  0.009999-99.9-99.9-99.9-99.9 6.3 41 5.1 44 -2.6   6  4.917.0 9.3
5296420251120 20.4  2.0  0.009999-99.9-99.9-99.9-99.911.4 74 5.4 38 -1.7   8  6.224.714.3
5296420251121 20.2  3.5  0.009999-99.9-99.9-99.9-99.9 8.7 56 5.9 36 -0.6   9  7.120.716.3
5296420251122 23.6  3.3  0.009999-99.9-99.9-99.9-99.910.2 66 6.7 38  1.2  18 14.623.1-9.9
5296420251123 23.5 10.5  0.009999-99.9-99.9-99.9-99.912.3 79 6.6 32  0.8  22 17.926.3-9.9
5296420251124 23.1 10.0  0.009999-99.9-99.9-99.9-99.912.1 78 4.8 28 -3.5  14 11.626.1-9.9
5296420251125 23.6  8.5  0.009999-99.9-99.9-99.9-99.910.0 64 6.5 34  0.5  19 15.522.9-9.9
5296420251126 19.6 12.3  0.009999-99.9-99.9-99.9-99.9 3.4 22 5.9 33 -1.1  28 22.413.0-9.9
5296420251127 18.6  5.1  0.009999-99.9-99.9-99.9-99.913.5 86 5.0 34 -3.0   8  6.728.417.0
5296420251128 22.6  1.0  0.009999-99.9-99.9-99.9-99.915.0 96 4.7 26 -3.5  11  8.830.722.9
5296420251129 25.5  5.8  0.009999-99.9-99.9-99.9-99.915.1 96 5.5 28 -1.5   9  7.431.022.0
5296420251130 25.2  6.0  0.009999-99.9-99.9-99.9-99.9 8.6 54 6.9 33  1.6  10  7.921.020.2
5296420251201 20.0 13.7  0.009999-99.9-99.9-99.9-99.9 4.5 29 8.3 45  4.2  27 21.414.8-9.9
5296420251202 20.9 11.6  0.009999-99.9-99.9-99.9-99.911.8 74 6.1 33 -0.4  33 26.026.0-9.9
5296420251203 17.1  7.9  0.009999-99.9-99.9-99.9-99.9 8.6 54 5.0 33 -2.9  28 22.521.2-9.9
5296420251204 16.7  5.7  0.009999-99.9-99.9-99.9-99.911.7 73 4.9 37 -3.1  32 25.725.9-9.9
5296420251205 16.7  5.2  0.219999-99.9-99.9-99.9-99.9 5.3 33 6.4 44  0.4  22 17.416.2-9.9
5296420251206 23.8  8.4  0.009999-99.9-99.9-99.9-99.9 8.7 54 7.4 40  2.7  19 15.321.4-9.9
5296420251207 24.3 12.0  0.009999-99.9-99.9-99.9-99.9 8.5 53 9.6 45  6.4  33 26.021.1-9.9
5296420251208 25.0 13.5  0.009999-99.9-99.9-99.9-99.9 3.5 22 9.6 41  6.4  25 20.113.4-9.9
5296420251209 23.2 13.5  0.009999-99.9-99.9-99.9-99.910.4 65 7.0 35  1.6  25 20.224.1-9.9
5296420251210 20.5  7.8  0.009999-99.9-99.9-99.9-99.911.8 74 6.3 40  0.3  28 22.426.3-9.9
5296420251211 23.4 11.8  0.519999-99.9-99.9-99.9-99.912.7 79 6.8 35  1.4  45 36.127.8-9.9
5296420251212 14.4  3.9  0.219999-99.9-99.9-99.9-99.913.9 87 4.5 39 -4.1  40 32.229.6-9.9
5296420251213 13.8  3.5  0.009999-99.9-99.9-99.9-99.912.8 80 4.1 30 -5.4  36 28.528.0-9.9
5296420251214 12.4  3.1  0.009999-99.9-99.9-99.9-99.9 2.0 12 4.1 33 -5.4  25 19.911.2-9.9
5296420251215 17.8  1.9  0.009999-99.9-99.9-99.9-99.913.2 82 4.0 25 -5.8  12  9.828.622.4
5296420251216 23.6  9.3  0.009999-99.9-99.9-99.9-99.911.1 69 6.7 35  1.1  33 26.325.3-9.9
5296420251217 16.8  7.2  0.009999-99.9-99.9-99.9-99.9 5.8 36 4.7 31 -3.6  27 21.917.2-9.9
5296420251218 17.2  3.2  0.009999-99.9-99.9-99.9-99.9 4.4 27 4.4 28 -4.6  12  9.415.019.8
5296420251219 18.2  6.2  0.009999-99.9-99.9-99.9-99.9 5.7 35 5.8 39 -0.6  22 17.517.0-9.9
5296420251220 22.0  9.7  0.009999-99.9-99.9-99.9-99.9 8.9 55 6.2 34  0.2  19 15.321.9-9.9
5296420251221 17.7  6.6  0.009999-99.9-99.9-99.9-99.911.1 69 5.6 39 -1.3  26 20.925.4-9.9
5296420251222 20.3 10.4  0.009999-99.9-99.9-99.9-99.9 8.7 54 5.9 36 -0.4  30 24.021.7-9.9
5296420251223 14.0  3.8  0.009999-99.9-99.9-99.9-99.9 4.6 29 5.2 38 -2.3  28 22.615.3-9.9
5296420251224 17.6  3.2  0.009999-99.9-99.9-99.9-99.9 9.7 60 5.0 34 -2.9  28 22.423.3-9.9
5296420251225 20.0  6.9  0.009999-99.9-99.9-99.9-99.910.4 65 6.4 41  0.6  27 21.724.3-9.9
5296420251226-99.9-99.9-99.999999-99.9-99.9-99.9-99.9-9.9 99-9.9-99-99.9 -99-99.9-9.9-9.9
5296420260219-99.9-99.9-99.999999-99.9-99.9-99.9-99.9-9.9 99-9.9-99-99.9 -99-99.9-9.9-9.9
5296420260220 28.3 14.5  0.009999-99.9-99.9-99.9-99.910.8 7810.8 45  8.1  29 23.021.1-9.9
5296420260221 25.8 17.9  0.009999-99.9-99.9-99.9-99.9 3.3 24 9.9 42  6.7  25 20.410.7-9.9
5296420260222 23.5 15.3  0.009999-99.9-99.9-99.9-99.9 6.5 47 8.3 38  4.1  18 14.515.0-9.9
5296420260223 21.2  7.8  5.219999-99.9-99.9-99.9-99.9 2.4 17 8.6 67  4.7  19 15.0 9.3-9.9
5296420260224 19.8  0.2  0.009999-99.9-99.9-99.9-99.912.2 90 5.7 44 -0.9   6  4.522.5 9.2
5296420260225 27.4  6.2  0.009999-99.9-99.9-99.9-99.911.3 84 5.9 26 -0.6   9  7.621.120.0
5296420260226 27.2 10.3  0.009999-99.9-99.9-99.9-99.9 8.4 62 8.3 35  4.0  19 15.117.1-9.9
5296420260227 26.2 11.8  1.219999-99.9-99.9-99.9-99.9 6.4 4810.6 48  7.7  13 10.214.421.3
5296420260228 22.4 11.0  0.009999-99.9-99.9-99.9-99.9 7.0 52 9.3 48  5.6  13 10.015.018.5
5296420260301 23.8  4.8  0.219999-99.9-99.9-99.9-99.9 5.8 44 8.5 65  4.4  13 10.513.316.4
5296420260302 20.0  9.2  0.219999-99.9-99.9-99.9-99.9 5.7 43 7.5 57  2.7  21 16.613.1-9.9
5296420260303 19.2  9.0  0.009999-99.9-99.9-99.9-99.9 4.9 37 5.9 38 -0.6  21 16.911.9-9.9
5296420260304 16.3  7.0  0.009999-99.9-99.9-99.9-99.9 4.9 37 5.3 39 -2.0  31 24.911.8-9.9
5296420260305 21.3  6.5  0.009999-99.9-99.9-99.9-99.911.5 88 6.0 37 -0.2  15 12.020.224.2
5296420260306 25.2  3.6  0.009999-99.9-99.9-99.9-99.911.7 90 6.7 41  1.2  13 10.220.320.9
5296420260307 21.7  6.8  0.009999-99.9-99.9-99.9-99.9 2.2 1711.2 65  8.3  20 15.6 8.116.6
5296420260308 22.4 11.7  1.819999-99.9-99.9-99.9-99.9 0.9  714.8 78 12.8  21 16.8 6.412.4
5296420260309 26.0 13.4  0.009999-99.9-99.9-99.9-99.9 8.8 6912.1 57  9.4  22 17.616.3-9.9
5296420260310 27.7 11.7  0.009999-99.9-99.9-99.9-99.911.1 87 8.3 33  4.2  14 11.019.0-9.9
5296420260311 26.9 12.8  0.009999-99.9-99.9-99.9-99.9 6.1 48 8.9 43  5.1  20 15.712.7-9.9
5296420260312 18.2  7.6  0.009999-99.9-99.9-99.9-99.9 2.4 19 6.3 36  0.4  19 14.9 8.0-9.9
5296420260313 18.4  7.2  0.009999-99.9-99.9-99.9-99.910.4 83 5.4 37 -1.9  12  9.917.621.1
5296420260314 17.5  4.8  0.009999-99.9-99.9-99.9-99.9 1.2 10 6.6 50  1.0  19 15.4 6.422.6
5296420260315 16.8  8.9  0.009999-99.9-99.9-99.9-99.9 9.5 76 6.4 45  0.5  17 14.016.3-9.9
5296420260316 18.7  7.3  0.819999-99.9-99.9-99.9-99.9 5.5 45 7.1 44  1.9  13 10.211.416.6
5296420260317 16.7  5.0  0.009999-99.9-99.9-99.9-99.910.6 86 5.8 48 -0.9  27 21.917.3-9.9
5296420260318 20.3  7.2  2.519999-99.9-99.9-99.9-99.9 5.7 46 6.7 46  1.3   9  7.411.412.4
5296420260319 13.7  3.0 10.819999-99.9-99.9-99.9-99.9-9.9 99 8.3 93  4.2   6  5.0 2.3-9.9
5296420260320 16.4  4.3  0.009999-99.9-99.9-99.9-99.9 9.7 80 8.6 70  4.7   8  6.515.7 6.6
5296420260321 10.8  6.7  0.819999-99.9-99.9-99.9-99.9 1.9 16 7.6 64  2.8  11  8.8 6.7 8.7
5296420260322 12.4 -0.8  0.009999-99.9-99.9-99.9-99.910.5 87 5.5 60 -1.5   7  5.516.3 6.7
5296420260323 19.2  6.3  1.219999-99.9-99.9-99.9-99.9 4.2 35 6.9 55  1.6  29 23.0 9.1-9.9
5296420260324 11.9  4.1  0.519999-99.9-99.9-99.9-99.9 6.1 52 5.3 50 -2.1  31 25.111.2-9.9
5296420260325 11.2  4.5  1.219999-99.9-99.9-99.9-99.9 7.6 64 6.2 63 -0.1  35 28.212.7-9.9
5296420260326 16.5  3.5  0.009999-99.9-99.9-99.9-99.9 8.4 71 6.1 47 -0.0  27 21.613.4-9.9
5296420260327 17.7 10.4  0.009999-99.9-99.9-99.9-99.9 1.5 13 8.2 55  4.0  14 11.5 5.817.4
5296420260328 20.5 10.8  0.009999-99.9-99.9-99.9-99.9 1.8 16 8.5 49  4.6  27 21.2 6.1-9.9
5296420260329 20.9  8.7  0.009999-99.9-99.9-99.9-99.9 9.3 80 7.0 44  1.8  17 13.314.0-9.9
5296420260330 22.9  9.1  0.009999-99.9-99.9-99.9-99.9 9.6 83 8.1 45  3.9  23 18.714.2-9.9
5296420260331 17.4  8.6  0.009999-99.9-99.9-99.9-99.9 7.5 65 6.2 37 -0.1  28 22.711.8-9.9
5296420260401 15.5  6.9  0.009999-99.9-99.9-99.9-99.9 8.9 78 5.5 41 -1.5  30 23.713.1-9.9
5296420260402 21.9  2.7  2.019999-99.9-99.9-99.9-99.9 7.9 69 7.2 60  2.2  29 22.811.9-9.9
5296420260403 12.0 -0.2  0.009999-99.9-99.9-99.9-99.9 8.4 74 6.5 63  0.8  12  9.312.3 6.2
5296420260404 18.4  4.7  0.009999-99.9-99.9-99.9-99.9 8.7 78 8.1 60  3.8   6  4.612.5 6.2
5296420260405 19.2  2.4  0.009999-99.9-99.9-99.9-99.9 9.2 83 8.0 64  3.8   6  5.112.9 5.8
5296420260406 18.8 10.2  0.009999-99.9-99.9-99.9-99.9 8.7 78 6.9 49  1.5  10  8.012.215.9
5296420260407 16.4  3.2  0.009999-99.9-99.9-99.9-99.9 4.8 43 6.1 49 -0.1   5  4.2 8.2 6.7
5296420260408 14.9  0.9  0.009999-99.9-99.9-99.9-99.9 7.8 71 5.9 55 -0.4   5  3.911.1 5.8
5296420260409 18.7  7.8  0.009999-99.9-99.9-99.9-99.9 6.4 58 7.5 52  2.7  28 22.4 9.6-9.9
5296420260410 21.1  6.7  0.009999-99.9-99.9-99.9-99.9-9.9 99 8.6 51  4.4  14 10.9 2.6-9.9
5296420260411 18.6  8.3  1.819999-99.9-99.9-99.9-99.9-9.9 99 9.8 68  6.4  10  8.1 2.9-9.9
5296420260412 12.3  2.9  0.009999-99.9-99.9-99.9-99.9 2.9 27 5.7 52 -1.0  19 15.1 6.017.7
5296420260413 18.3  7.0  0.009999-99.9-99.9-99.9-99.9 4.7 44 6.7 44  1.3  29 23.1 7.6-9.9
5296420260414 12.7  8.8  0.009999-99.9-99.9-99.9-99.9 8.9 83 5.8 44 -1.0  34 27.211.3-9.9
5296420260415 19.2  9.1  0.009999-99.9-99.9-99.9-99.9 2.3 22 6.3 43  0.4  20 16.2 5.2-9.9
5296420260416 21.4 10.8  0.009999-99.9-99.9-99.9-99.9 7.1 67 7.0 46  1.6  19 15.2 9.5-9.9
5296420260417 15.3  4.9  0.009999-99.9-99.9-99.9-99.9 7.3 69 5.4 43 -1.8  17 13.4 9.519.7
5296420260418  9.8  1.0 11.819999-99.9-99.9-99.9-99.9-9.9 99 6.6 84  1.0   8  6.6 1.1-9.9
5296420260419 10.0  0.4  0.009999-99.9-99.9-99.9-99.9 2.9 28 6.7 73  1.2  11  8.9 5.4 4.1
5296420260420 16.8  7.8  0.009999-99.9-99.9-99.9-99.9 7.3 70 7.1 57  2.1  23 18.5 9.123.9
5296420260421 13.8  4.7  0.009999-99.9-99.9-99.9-99.9 1.1 11 7.0 60  1.8  15 12.3 3.815.8
5296420260422 12.9  4.6  0.009999-99.9-99.9-99.9-99.9 3.8 38 5.2 46 -2.4  23 18.2 6.0-9.9
5296420260423 12.2  4.0  0.009999-99.9-99.9-99.9-99.9 6.2 61 6.1 56 -0.1  24 19.5 7.923.2
5296420260424  8.7  1.8  0.009999-99.9-99.9-99.9-99.9 7.4 73 4.5 54 -4.3  20 16.2 8.816.7
5296420260425  6.0  1.4  0.219999-99.9-99.9-99.9-99.9 0.4  4 5.7 78 -1.1  17 13.2 3.0 8.6
5296420260426  8.3 -3.7  0.009999-99.9-99.9-99.9-99.9 6.5 65 4.4 54 -4.6   8  6.4 7.9 5.8
5296420260427 15.8  2.6  0.009999-99.9-99.9-99.9-99.9 7.1 71 6.6 59  1.0  10  7.8 8.2 8.8
5296420260428 10.7  2.6  6.219999-99.9-99.9-99.9-99.9-9.9 99 7.7 72  3.0   9  7.6 1.4-9.9
5296420260429 10.8  2.7  0.009999-99.9-99.9-99.9-99.9 6.0 61 6.6 64  1.1  19 15.2 7.210.4
5296420260430  8.0  1.8  0.009999-99.9-99.9-99.9-99.9 2.6 26 6.4 81  0.7   5  3.8 4.5 2.5
5296420260501  8.7 -0.3  0.009999-99.9-99.9-99.9-99.9 5.5 56 5.6 69 -1.3   8  6.4 6.6 4.0
5296420260502  9.6 -2.9  0.219999-99.9-99.9-99.9-99.9 7.3 76 5.1 71 -2.5   8  6.4 7.9 4.0
5296420260503 13.2  0.7  0.009999-99.9-99.9-99.9-99.9 3.2 33 7.4 69  2.5   7  5.2 4.7 3.7
5296420260504 10.7  4.9  0.009999-99.9-99.9-99.9-99.9 1.2 13 6.6 63  1.0  20 15.9 3.217.1
5296420260505 13.8 -0.7  0.009999-99.9-99.9-99.9-99.9 4.3 46 7.1 74  2.1   4  3.5 5.4 2.0
5296420260506 11.5 -0.2  0.009999-99.9-99.9-99.9-99.9 6.8 71 7.0 83  1.8   6  5.0 7.1 2.7
5296420260507  7.3 -0.1  0.519999-99.9-99.9-99.9-99.9 5.7 61 5.9 79 -0.5   8  6.1 6.3 2.9
5296420260508  6.2  0.4  0.219999-99.9-99.9-99.9-99.9-9.9 99 6.9 91  1.5  10  7.9 2.1-9.9
5296420260509 12.1 -0.1  0.009999-99.9-99.9-99.9-99.9 1.7 18 7.1 80  2.1   5  3.8 3.3 1.8
5296420260510  9.7 -0.4  0.009999-99.9-99.9-99.9-99.9 4.2 45 7.4 83  2.7   8  6.7 5.0 1.9
5296420260511 12.9  3.4  0.009999-99.9-99.9-99.9-99.9 2.9 32 7.5 77  2.5  11  8.9 4.1 8.1
5296420260512  8.0 -2.7  0.009999-99.9-99.9-99.9-99.9 5.5 60 5.3 68 -2.0   7  5.9 5.8 3.2
5296420260513 11.8  4.3  0.009999-99.9-99.9-99.9-99.9 1.6 18 7.3 68  2.4   3  2.2 3.1 2.0
5296420260514 11.2  3.6  1.819999-99.9-99.9-99.9-99.9 1.3 15 8.4 92  4.4   4  2.8 2.9 1.3
5296420260515  9.2 -1.0  0.219999-99.9-99.9-99.9-99.9 5.7 63 6.0 73 -0.2   7  5.2 5.7 2.8
5296420260516 15.3  0.1  0.009999-99.9-99.9-99.9-99.9 6.1 68 5.3 51 -2.1   6  4.8 5.9 5.9
5296420260517 14.6  1.7  0.009999-99.9-99.9-99.9-99.9 6.0 67 5.4 58 -2.1   5  3.8 5.8 5.1
5296420260518 19.8  7.7  0.009999-99.9-99.9-99.9-99.9 4.4 49 8.7 55  4.9  15 11.6 4.615.3
5296420260519 17.1  4.9  0.009999-99.9-99.9-99.9-99.9 4.0 45 8.8 68  5.0   4  3.0 4.4 2.8
5296420260520 14.9  3.8  0.009999-99.9-99.9-99.9-99.9 6.3 71 8.6 80  4.8   6  4.9 5.7 3.7
5296420260521 17.9  3.2  0.009999-99.9-99.9-99.9-99.9 6.7 76 8.2 66  4.1   6  4.8 5.9 3.9
5296420260522 12.8  0.1  0.009999-99.9-99.9-99.9-99.9 6.4 73 7.4 83  2.7   5  4.2 5.7 2.3
5296420260523  7.7 -2.3  0.009999-99.9-99.9-99.9-99.9 4.0 46 6.8 88  1.5   6  4.5 4.2 0.8
5296420260524 12.9  0.4  0.009999-99.9-99.9-99.9-99.9 2.7 31 7.6 80  2.9   3  2.8 3.3 1.1
5296420260525 11.2  0.3  0.009999-99.9-99.9-99.9-99.9 3.7 43 7.6 81  3.1   5  4.1 3.9 1.6
5296420260526  7.4  2.3  4.819999-99.9-99.9-99.9-99.9-9.9 99 6.8 86  1.4   3  2.7 0.3-9.9
5296420260527  7.0  2.5  0.009999-99.9-99.9-99.9-99.9-9.9 99 8.0 94  3.6  14 11.1 1.6-9.9
5296420260528  7.6  4.4  1.219999-99.9-99.9-99.9-99.9-9.9 99 9.1 94  5.6  13 10.7 0.6-9.9
5296420260529  9.1  2.4  0.009999-99.9-99.9-99.9-99.9 3.0 35 9.1 93  5.5   3  2.3 3.3 0.1
5296420260530  8.6  1.9  3.219999-99.9-99.9-99.9-99.9 0.5  6 8.7 99  4.9   3  2.2 1.9 0.2
5296420260531  6.3  0.0  0.009999-99.9-99.9-99.9-99.9 5.7 67 7.6 99  2.9   9  7.4 4.8 1.3
5296420260601  6.1 -2.8  0.219999-99.9-99.9-99.9-99.9 4.0 47 7.0 96  1.7  10  8.1 3.8 0.0
5296420260602 13.0  2.6  0.009999-99.9-99.9-99.9-99.9 3.3 39 9.8 91  6.6   6  4.7 3.4 0.7
5296420260603 12.5  6.4  0.009999-99.9-99.9-99.9-99.9 3.6 43 8.8 66  4.8  19 14.9 3.512.5
5296420260604 13.4  1.0  0.009999-99.9-99.9-99.9-99.9 6.0 72 6.4 69  0.6   7  5.7 4.8 4.5
5296420260605 10.5  0.2  0.009999-99.9-99.9-99.9-99.9 1.7 21 7.8 84  3.4  10  7.7 2.5 2.4
5296420260606 11.5  1.5  0.009999-99.9-99.9-99.9-99.9 5.8 69 7.6 81  3.1   5  3.6 4.6 2.2
5296420260607 10.4 -0.7  0.009999-99.9-99.9-99.9-99.9 6.1 73 6.2 77  0.2   5  4.2 4.8 1.8
5296420260608 10.2  0.7  0.009999-99.9-99.9-99.9-99.9 1.5 18 6.3 63  0.5   6  4.6 2.3 3.5
5296420260609 11.8  5.3  0.009999-99.9-99.9-99.9-99.9 2.1 25 6.2 58  0.2  12  9.6 2.610.5
5296420260610  7.7  1.0  0.009999-99.9-99.9-99.9-99.9 6.0 73 4.6 54 -3.9  21 16.8 4.717.8
5296420260611 10.7  1.3  0.009999-99.9-99.9-99.9-99.9 5.0 60 5.3 58 -2.1  18 14.4 4.113.3
5296420260612  4.7 -3.3  0.009999-99.9-99.9-99.9-99.9 4.4 53 4.5 70 -4.4  21 16.9 3.712.3
5296420260613  8.7 -4.9  0.009999-99.9-99.9-99.9-99.9 3.1 38 4.6 65 -3.9  16 12.4 3.1 6.7
5296420260614 10.5  5.1  0.009999-99.9-99.9-99.9-99.9 1.0 12 6.6 56  1.1  25 20.1 1.918.3
5296420260615 13.0  6.8  0.009999-99.9-99.9-99.9-99.9 3.0 36 6.1 54 -0.0  25 20.2 3.024.6
5296420260616 10.4  0.2  0.009999-99.9-99.9-99.9-99.9 6.5 79 4.9 52 -3.1  10  8.3 4.810.1
5296420260617  7.5  0.4  0.009999-99.9-99.9-99.9-99.9-9.9 99 5.2 57 -2.3   8  6.7 0.3-9.9
5296420260618 12.0  3.4  0.009999-99.9-99.9-99.9-99.9 1.8 23 6.0 62 -0.2  14 11.2 2.411.6
5296420260619 10.5 -0.4  0.219999-99.9-99.9-99.9-99.9-9.9 99 6.4 68  0.5  14 10.8 0.9-9.9
5296420260620  7.8  2.5  0.519999-99.9-99.9-99.9-99.9 0.4  5 6.2 70  0.1  10  7.6 1.6 5.1
5296420260621  7.2 -1.1  0.009999-99.9-99.9-99.9-99.9 4.7 57 6.4 84  0.5   4  3.4 3.8 1.5
5296420260622  8.3 -2.8  0.009999-99.9-99.9-99.9-99.9 6.3 76 5.5 75 -1.3   7  5.9 4.7 3.2
5296420260623  6.1 -3.4  2.519999-99.9-99.9-99.9-99.9 2.9 35 5.6 84 -1.3   8  6.1 2.9 2.3
5296420260624  5.0 -0.5  0.009999-99.9-99.9-99.9-99.9 6.3 77 6.4 94  0.5   5  4.2 4.7 0.5
5296420260625  8.6 -1.3  0.009999-99.9-99.9-99.9-99.9 0.7  9 7.1 81  2.0  10  8.4 1.8 1.2
5296420260626  8.0  5.0  0.009999-99.9-99.9-99.9-99.9 1.3 15 6.6 68  1.1  15 12.0 2.1 9.1
5296420260627  6.9 -3.3  0.009999-99.9-99.9-99.9-99.9 7.6 93 5.4 81 -1.8   5  4.3 5.4 1.9
5296420260628  8.3  1.8  0.009999-99.9-99.9-99.9-99.9 7.1 86 4.6 51 -3.9  24 19.1 5.121.7
5296420260629  7.0  1.4  0.219999-99.9-99.9-99.9-99.9 2.1 25 5.3 59 -1.9  29 23.1 2.519.6
5296420260630  6.3 -6.8  0.009999-99.9-99.9-99.9-99.9 6.6 80 4.4 81 -4.6  12  9.8 4.9 4.8
5296420260701  1.1 -7.6  0.009999-99.9-99.9-99.9-99.9 1.5 18 3.8 75 -6.4   6  4.6 2.2 1.8
5296420260702 13.6 -1.5  0.009999-99.9-99.9-99.9-99.9 8.3100 6.1 68 -0.1   6  5.1 5.8 3.4
5296420260703  7.1 -1.1  0.009999-99.9-99.9-99.9-99.9 5.9 72 7.0 92  1.8   7  5.9 4.6 1.9
5296420260704  4.4 -1.2  0.009999-99.9-99.9-99.9-99.9 0.5  6 6.4 99  0.6   4  2.8 1.7 0.4
5296420260705  7.2 -5.1  0.009999-99.9-99.9-99.9-99.9 9.2 99 4.7 70 -3.6   5  4.1 6.4-9.9
5296420260706  8.5  1.2  0.009999-99.9-99.9-99.9-99.9 0.2  2 5.4 64 -1.9   8  6.1 1.6 5.6
5296420260707 10.2 -0.7  0.009999-99.9-99.9-99.9-99.9 9.1 99 5.1 60 -2.6   8  6.3 6.4-9.9
5296420260708  5.5 -6.6  0.009999-99.9-99.9-99.9-99.9 9.4 99 4.3 79 -4.7   5  4.1 6.7-9.9
5296420260709  4.2 -7.2  0.009999-99.9-99.9-99.9-99.9 9.7 99 3.8 77 -6.3   5  3.8 6.9-9.9
5296420260710  3.4 -9.5  0.009999-99.9-99.9-99.9-99.9 9.6 99 4.2 88 -5.3   6  4.6 6.9-9.9
5296420260711  4.0 -8.2  0.009999-99.9-99.9-99.9-99.9 9.9 99 4.2 84 -5.1   5  3.8 7.1-9.9
5296420260712  0.6 -5.8  5.219999-99.9-99.9-99.9-99.9-9.9 99 5.1 92 -2.6   5  4.0 0.6-9.9
5296420260713  0.3 -1.1 10.819999-99.9-99.9-99.9-99.9-9.9 99 5.7 95 -0.9   1  1.1 1.5-9.9
5296420260714  3.9 -1.2  1.819999-99.9-99.9-99.9-99.9 6.1 71 6.0 97 -0.2   2  1.8 5.1 0.1
5296420260715  7.0 -1.8  0.009999-99.9-99.9-99.9-99.9 7.5 87 6.6 90  1.1   6  4.6 5.9 0.5
5296420260716  6.3  0.1  0.009999-99.9-99.9-99.9-99.9 2.8 33 6.3 90  0.5  11  8.8 3.3 3.2
5296420260717  0.1 -3.0  0.009999-99.9-99.9-99.9-99.9 1.8 21 5.1 99 -2.5   8  6.0 2.7 0.5
5296420260718  0.4 -3.5  0.219999-99.9-99.9-99.9-99.9 9.4 99 4.3 83 -4.8   7  5.6 7.2-9.9
5296420260719  0.4 -8.0  0.009999-99.9-99.9-99.9-99.9 9.6 99 3.4 77 -7.8   5  3.8 7.4-9.9
5296420260720 -1.3-11.9  0.819999-99.9-99.9-99.9-99.9 3.9 45 3.9 92 -6.5   4  2.9 4.1 0.7
5296420260721 -4.6-14.7  0.009999-99.9-99.9-99.9-99.910.5 99 2.6 96-11.3   5  4.1 8.1-9.9
5296420260722 -8.2-15.5  0.009999-99.9-99.9-99.9-99.9 6.1 69 2.7 99-10.9   3  2.6 5.5 0.0
5296420260723 -3.6 -8.6  0.009999-99.9-99.9-99.9-99.9 0.7  8 4.0100 -5.8   5  4.3 2.2 0.1
5296420260724 -2.1-11.7-99.999999-99.9-99.9-99.9-99.9 7.3 83 4.2 99 -5.0   3  2.5 6.4 0.2
5296420260725  0.0-11.2  0.219999-99.9-99.9-99.9-99.9 9.2 99 3.6 92 -7.3   4  2.9 7.6-9.9
5296420260726 -2.7-12.1  0.009999-99.9-99.9-99.9-99.911.9 99 3.7 99 -6.8   9  7.3 9.4-9.9
5296420260727 -4.6-14.2  0.009999-99.9-99.9-99.9-99.9 1.9 22 3.5100 -7.9   1  0.5 3.1 0.0
5296420260728 -0.2-14.3  0.009999-99.9-99.9-99.9-99.910.5 99 3.5 98 -7.6   1  0.5 8.7-9.9
5296420260729 -4.8-15.9  0.009999-99.9-99.9-99.9-99.910.6 99 2.7 95-11.1   0  0.0 8.9-9.9
5296420260730 -6.9-15.8  0.009999-99.9-99.9-99.9-99.9 4.9 53 2.9100 -9.9   0  0.0 5.2 0.0
5296420260731  0.7 -8.2  2.019999-99.9-99.9-99.9-99.9 1.9 20 3.5 80-99.9   3  2.8 3.2 0.8
5296420260801  1.1 -0.4 17.519999-99.9-99.9-99.9-99.9 6.6 71 0.1  1-99.9  23 18.5 6.5-9.9
5296420260802  1.4  0.2  2.219999-99.9-99.9-99.9-99.9 4.5 49 0.3  5-99.9  33 26.1 5.2-9.9
5296420260803  2.5 -1.1  1.019999-99.9-99.9-99.9-99.9 5.4 58 1.1 17-99.9   2  1.7 5.8 3.4
5296420260804 -0.9 -7.0  0.009999-99.9-99.9-99.9-99.9 2.9 31 2.1 45-14.7   0  0.0 4.1 0.4
5296420260805 -0.8 -8.9  0.519999-99.9-99.9-99.9-99.9 9.5 99 3.2 81 -9.2   0  0.0 8.8-9.9
5296420260806  5.2-11.5  0.009999-99.9-99.9-99.9-99.9 8.4 88 5.1 92 -2.9   5  4.1 8.2 0.0
5296420260807  3.7 -7.9  0.009999-99.9-99.9-99.9-99.911.1 99 4.4 90 -4.6   5  4.210.2-9.9
5296420260808  0.2 -8.6  1.519999-99.9-99.9-99.9-99.9 3.6 38 3.6 72-99.9   7  5.6 4.9 2.6
5296420260809  1.0-10.8  0.519999-99.9-99.9-99.9-99.912.1 99 4.1 89 -5.6   6  4.511.2-9.9
5296420260810 -0.3-11.1  0.009999-99.9-99.9-99.9-99.911.6 99 3.2 77 -8.7   6  4.710.9-9.9
5296420260811 -0.9 -8.0  0.009999-99.9-99.9-99.9-99.911.8 99 3.3 77 -8.1   7  5.311.2-9.9
5296420260812 -3.3-14.8  0.009999-99.9-99.9-99.9-99.912.0 99 3.0 88 -9.5   8  6.411.5-9.9
5296420260813  2.6-10.3  0.009999-99.9-99.9-99.9-99.9 9.7 98 5.0 93 -3.2   8  6.6 9.9 0.0
5296420260814  4.3 -4.2  0.009999-99.9-99.9-99.9-99.9 8.8 89 5.6 95 -1.2   4  2.9 9.3 0.4
5296420260815 -1.1 -7.4  2.019999-99.9-99.9-99.9-99.9 1.1 11 3.8 76 -7.0   4  3.6 3.4 1.7
5296420260816  2.7 -7.2  0.219999-99.9-99.9-99.9-99.9 4.4 44 4.5 78 -5.6   5  3.7 6.1 1.5
5296420260817  9.3 -5.9  0.009999-99.9-99.9-99.9-99.9 7.4 74 5.2 71 -2.2  10  7.6 8.6 3.8
5296420260818 10.4  2.9  0.009999-99.9-99.9-99.9-99.911.2 99 6.6 74  1.1  24 19.411.7-9.9
5296420260819  5.8  0.0  0.009999-99.9-99.9-99.9-99.9 3.4 34 5.0 66-99.9  10  8.1 5.5 6.3
5296420260820  3.7 -6.7  0.519999-99.9-99.9-99.9-99.912.7 99 4.4 78 -4.5   5  4.413.3-9.9
5296420260821  6.6 -2.8  0.009999-99.9-99.9-99.9-99.9 9.2 90 5.4 80 -1.9   8  6.810.5 2.5
5296420260822  5.4 -2.4  0.009999-99.9-99.9-99.9-99.9 8.8 86 6.1 94 -0.0   4  3.510.3 0.9
5296420260823  7.3 -2.3  0.009999-99.9-99.9-99.9-99.912.7 99 6.1 90 -0.0   5  4.113.8-9.9
5296420260824  6.3 -0.2  0.009999-99.9-99.9-99.9-99.9 7.1 68 6.7 90  1.3   4  3.1 9.1 1.0
5296420260825 10.6  1.4  1.819999-99.9-99.9-99.9-99.911.7 99 7.2 84  2.3   6  4.513.2-9.9
5296420260826  5.9  1.5  1.819999-99.9-99.9-99.9-99.9 1.5 14 6.7 90  0.9   3  2.3 4.3 1.1
5296420260827  9.9  0.9  0.009999-99.9-99.9-99.9-99.9 7.7 73 4.9 54-99.9   5  4.2 9.9 4.3
5296420260828  7.1  0.8  0.009999-99.9-99.9-99.9-99.9 4.3 40 7.7 98  3.2   9  7.2 7.0 0.6
5296420260829 10.3 -0.2  0.009999-99.9-99.9-99.9-99.913.0 99 7.1 85  2.0   6  4.714.9-9.9
5296420260830 10.1  0.8  0.009999-99.9-99.9-99.9-99.910.4 97 6.5 78  0.8   9  7.012.8 4.4
5296420260831  8.2  0.5  0.009999-99.9-99.9-99.9-99.9 8.3 77 5.7 74 -0.9  13 10.311.0 6.5
5296420260901  9.0  0.3  0.009999-99.9-99.9-99.9-99.913.9 99 5.1 69 -2.4   9  7.416.3-9.9
5296420260902 10.1 -2.8  0.009999-99.9-99.9-99.9-99.912.8 99 4.9 69 -3.2   8  6.615.4-9.9
5296420260903  7.5  2.0  0.009999-99.9-99.9-99.9-99.9 1.2 11 5.9 69 -0.6  17 13.8 4.510.1
5296420260904  5.4 -0.8  0.009999-99.9-99.9-99.9-99.912.0 99 5.0 73 -2.8  12  9.315.0-9.9
5296420260905 11.4 -4.0  0.009999-99.9-99.9-99.9-99.913.6 99 4.5 68 -4.3   6  4.916.8-9.9
5296420260906 14.0 -1.2  0.009999-99.9-99.9-99.9-99.913.7 99 5.3 63 -2.1   5  4.117.1-9.9
